-1.0 -3.2679003197699785e-05 -4.483496013563126e-05 -0.19617363810539246 3.2642641599522904e-05 -0.9999996423721313 0.0008108056499622762 -0.1772008240222931 -4.4861440983368084e-05 0.0008108041947707534 0.9999996423721313 4.677833080291748 0.0 0.0 0.0 1.0
-0.9999997615814209 0.0001823807688197121 -0.0006909216172061861 -0.19744788110256195 -0.0001827484229579568 -0.9999998211860657 0.0005320992204360664 -0.17798060178756714 -0.0006908244686201215 0.0005322253564372659 0.9999996423721313 4.677577972412109 0.0 0.0 0.0 1.0
-0.9999982118606567 -0.0013119002105668187 -0.001344728865660727 -0.1976875215768814 0.001312433509156108 -0.9999990463256836 -0.00039582382305525243 -0.18366605043411255 -0.0013442083727568388 -0.00039758800994604826 0.9999990463256836 4.674429893493652 0.0 0.0 0.0 1.0
-0.9999935626983643 -0.0018126501236110926 -0.0031015186104923487 -0.20109820365905762 0.001817507203668356 -0.9999971389770508 -0.001563921687193215 -0.18789900839328766 -0.0030986748170107603 -0.0015695486217737198 0.9999939799308777 4.67471170425415 0.0 0.0 0.0 1.0
-0.9999887943267822 0.00011187994095962495 -0.004729001317173243 -0.20534490048885345 -0.00010823129559867084 -0.9999997019767761 -0.0007717962726019323 -0.18487022817134857 -0.004729086067527533 -0.0007712757796980441 0.9999884963035583 4.674267292022705 0.0 0.0 0.0 1.0
-0.9991040825843811 -0.020294129848480225 0.03713715821504593 -0.275508314371109 0.020702002570033073 -0.9997291564941406 0.01063148956745863 -0.14074420928955078 0.03691134229302406 0.011390778236091137 0.9992536306381226 4.621124744415283 0.0 0.0 0.0 1.0
-0.9980215430259705 0.0012012668885290623 0.06286124140024185 -0.30285343527793884 -0.0005005417042411864 -0.9999375939369202 0.011161734350025654 -0.14743007719516754 0.06287072598934174 0.011108187027275562 0.9979598522186279 4.5967278480529785 0.0 0.0 0.0 1.0
-0.9957979917526245 0.0230658408254385 0.08862493932247162 -0.3084518611431122 -0.022332297638058662 -0.9997076988220215 0.0092597221955657 -0.14855726063251495 0.08881261944770813 0.0072416141629219055 0.9960220456123352 4.6261515617370605 0.0 0.0 0.0 1.0
-0.994240939617157 0.028645342215895653 0.10326836258172989 -0.3387523591518402 -0.02739332616329193 -0.9995332956314087 0.013522103428840637 -0.11516986042261124 0.10360751301050186 0.010615365579724312 0.9945616126060486 4.715961933135986 0.0 0.0 0.0 1.0
-0.9946865439414978 0.009519986808300018 0.10250873863697052 -0.4496941864490509 -0.007738459389656782 -0.9998123049736023 0.017762957140803337 -0.09486865252256393 0.10265859961509705 0.016875315457582474 0.9945734739303589 4.683205604553223 0.0 0.0 0.0 1.0
-0.9768269062042236 0.031400565057992935 0.21171483397483826 -0.8238880634307861 -0.024023866280913353 -0.9990143179893494 0.037325937300920486 -0.033227670937776566 0.2126782089471817 0.031374771147966385 0.9766184687614441 4.644986152648926 0.0 0.0 0.0 1.0
-0.9638818502426147 0.04418282210826874 0.2626397907733917 -0.7639387845993042 -0.03186364844441414 -0.9981911182403564 0.05098278075456619 0.03543569892644882 0.26441726088523865 0.04077271372079849 0.963546097278595 4.700913429260254 0.0 0.0 0.0 1.0
-0.9547060132026672 0.055401403456926346 0.2923475205898285 -0.7645252346992493 -0.03813833370804787 -0.9971933960914612 0.06442680209875107 0.10158541053533554 0.29509636759757996 0.050359006971120834 0.9541394710540771 4.672913551330566 0.0 0.0 0.0 1.0
-0.9448677897453308 0.06595942378044128 0.3207401931285858 -0.785761833190918 -0.04580836370587349 -0.9964960217475891 0.0699802041053772 0.13076187670230865 0.32423219084739685 0.05142945796251297 0.9445784687995911 4.678882122039795 0.0 0.0 0.0 1.0
-0.9351493716239929 0.07968339323997498 0.3451755940914154 -0.8051020503044128 -0.056234490126371384 -0.9954099059104919 0.0774388313293457 0.17337024211883545 0.3497617840766907 0.05300610139966011 0.9353379011154175 4.692694187164307 0.0 0.0 0.0 1.0
-0.8514809012413025 0.10245705395936966 0.5142789483070374 -0.9302240014076233 -0.06159253045916557 -0.9934788942337036 0.09594804048538208 0.23683232069015503 0.5207558274269104 0.0500221811234951 0.8522388935089111 4.864989757537842 0.0 0.0 0.0 1.0
-0.8374707698822021 0.10570528358221054 0.536161482334137 -0.9555976986885071 -0.0620722621679306 -0.993164598941803 0.09884902089834213 0.23649965226650238 0.5429455041885376 0.049502402544021606 0.8383076786994934 4.871815204620361 0.0 0.0 0.0 1.0
-0.8258686065673828 0.1020970493555069 0.5545424222946167 -0.9849384427070618 -0.05478685721755028 -0.9933469891548157 0.10129261761903763 0.22857408225536346 0.5611947178840637 0.053272757679224014 0.8259676098823547 4.888956546783447 0.0 0.0 0.0 1.0
-0.8085960149765015 0.10724056512117386 0.5785083174705505 -0.9942253828048706 -0.058133307844400406 -0.9929995536804199 0.10282214730978012 0.22743777930736542 0.5854852199554443 0.049510978162288666 0.8091697692871094 4.854673385620117 0.0 0.0 0.0 1.0
-0.7726178765296936 0.12167264521121979 0.6231030225753784 -0.9451841115951538 -0.07512615621089935 -0.9920894503593445 0.10057138651609421 0.20662271976470947 0.6304107308387756 0.030891912057995796 0.7756468057632446 4.954315185546875 0.0 0.0 0.0 1.0
-0.6504585146903992 0.18204569816589355 0.7374029159545898 -1.0551326274871826 -0.11149077117443085 -0.9832203984260559 0.14438635110855103 0.38696107268333435 0.7513145208358765 0.011703711934387684 0.6598405241966248 5.061793327331543 0.0 0.0 0.0 1.0
-0.6112157702445984 0.1870468705892563 0.7690441012382507 -0.9633179903030396 -0.12234082818031311 -0.9823224544525146 0.14168719947338104 0.3599119186401367 0.7819514274597168 -0.007484042085707188 0.6232944130897522 5.109694004058838 0.0 0.0 0.0 1.0
-0.5590975880622864 0.1980486810207367 0.8051003813743591 -0.8311652541160583 -0.13910189270973206 -0.9796936511993408 0.1443987786769867 0.36191171407699585 0.8173497319221497 -0.0312579870223999 0.5752933025360107 5.266700744628906 0.0 0.0 0.0 1.0
-0.5340566039085388 0.20331765711307526 0.8206372261047363 -0.8198772668838501 -0.13586950302124023 -0.9786764979362488 0.1540512591600418 0.4087042212486267 0.8344597220420837 -0.02922748401761055 0.5502933263778687 5.316817760467529 0.0 0.0 0.0 1.0
-0.5097208023071289 0.20809556543827057 0.8347939848899841 -0.822271466255188 -0.1328582465648651 -0.977706789970398 0.16259801387786865 0.4417562186717987 0.850019633769989 -0.028029678389430046 0.5260046720504761 5.298914432525635 0.0 0.0 0.0 1.0
-0.30600985884666443 0.24979500472545624 0.9186732172966003 -0.6580682992935181 -0.1779307723045349 -0.9629672765731812 0.20257022976875305 0.5616337656974792 0.9352532625198364 -0.10147174447774887 0.3391236960887909 5.5495524406433105 0.0 0.0 0.0 1.0
-0.27734673023223877 0.24175427854061127 0.9298567771911621 -0.6616238951683044 -0.15633735060691833 -0.966281533241272 0.20459391176700592 0.539842426776886 0.9479649066925049 -0.0886278972029686 0.3057902157306671 5.56517219543457 0.0 0.0 0.0 1.0
-0.2559695243835449 0.2374153584241867 0.9370771050453186 -0.7141234278678894 -0.16105572879314423 -0.9662972688674927 0.20082493126392365 0.509898841381073 0.9531739950180054 -0.09951657056808472 0.28557977080345154 5.566107273101807 0.0 0.0 0.0 1.0
-0.2364780455827713 0.23270130157470703 0.9433600902557373 -0.7444218993186951 -0.14390698075294495 -0.9685781002044678 0.20284782350063324 0.48414891958236694 0.9609208703041077 -0.08778704702854156 0.2625347971916199 5.588756084442139 0.0 0.0 0.0 1.0
-0.21979273855686188 0.22674249112606049 0.9488303065299988 -0.7849895358085632 -0.1250832974910736 -0.9711361527442932 0.2030978798866272 0.44787710905075073 0.9674943685531616 -0.0740433931350708 0.2418103665113449 5.599727153778076 0.0 0.0 0.0 1.0
0.057528723031282425 0.25748738646507263 0.9645676016807556 -0.36251944303512573 -0.1788821965456009 -0.9478731751441956 0.2636997699737549 0.6388913989067078 0.9821871519088745 -0.18771429359912872 -0.008470025844871998 5.702713489532471 0.0 0.0 0.0 1.0
0.07981576770544052 0.25397056341171265 0.963913083076477 -0.37702226638793945 -0.14524677395820618 -0.9537143111228943 0.26331040263175964 0.5898656845092773 0.986170768737793 -0.16102159023284912 -0.03923303261399269 5.696797847747803 0.0 0.0 0.0 1.0
0.10397911816835403 0.24777044355869293 0.9632228016853333 -0.4111512005329132 -0.13271114230155945 -0.9563555717468262 0.26033005118370056 0.5522040724754333 0.9856855869293213 -0.15489928424358368 -0.06655911356210709 5.693467617034912 0.0 0.0 0.0 1.0
0.140853151679039 0.2395925521850586 0.960601806640625 -0.40979522466659546 -0.13197803497314453 -0.9570709466934204 0.2580638527870178 0.5144526958465576 0.981194257736206 -0.16312743723392487 -0.1031855046749115 5.760899066925049 0.0 0.0 0.0 1.0
0.19740413129329681 0.24516607820987701 0.9491707682609558 -0.2847679555416107 -0.12574546039104462 -0.953892707824707 0.2725376784801483 0.559130847454071 0.9722241163253784 -0.17315398156642914 -0.1574738472700119 5.8225250244140625 0.0 0.0 0.0 1.0
0.4558451175689697 0.22669954597949982 0.8607046604156494 0.202757328748703 -0.1205805242061615 -0.9423753023147583 0.3120723068714142 0.5827690958976746 0.881853461265564 -0.24604086577892303 -0.40224164724349976 5.817965984344482 0.0 0.0 0.0 1.0
0.4833674132823944 0.2271747589111328 0.8454274535179138 0.21834583580493927 -0.11666932702064514 -0.9404097199440002 0.3194023370742798 0.6069609522819519 0.8676083087921143 -0.2530241310596466 -0.42805907130241394 5.823090553283691 0.0 0.0 0.0 1.0
0.5071325302124023 0.22081732749938965 0.833100438117981 0.2029157280921936 -0.1125323474407196 -0.9413819909095764 0.3180195987224579 0.5831913948059082 0.8544899225234985 -0.2550288438796997 -0.452556312084198 5.817851543426514 0.0 0.0 0.0 1.0
0.5267612934112549 0.2110077440738678 0.8234065175056458 0.15842638909816742 -0.11543012410402298 -0.9419674873352051 0.3152350187301636 0.549015462398529 0.8421391844749451 -0.26109951734542847 -0.4718353748321533 5.8125224113464355 0.0 0.0 0.0 1.0
0.5444508194923401 0.21112552285194397 0.8117877244949341 0.13633960485458374 -0.10027636587619781 -0.9444813132286072 0.3128892779350281 0.520858883857727 0.8327772617340088 -0.251755952835083 -0.49305275082588196 5.817827224731445 0.0 0.0 0.0 1.0
0.6936938166618347 0.17123354971408844 0.6996198892593384 0.1393774300813675 -0.12373097985982895 -0.9285609126091003 0.34995031356811523 0.6117935180664062 0.7095629572868347 -0.32932302355766296 -0.6229500770568848 5.870378017425537 0.0 0.0 0.0 1.0
0.702536404132843 0.18293249607086182 0.6877341866493225 0.017603689804673195 -0.10531151294708252 -0.9290325045585632 0.35469433665275574 0.6273280382156372 0.7038125395774841 -0.32161203026771545 -0.6334142684936523 5.822168350219727 0.0 0.0 0.0 1.0
0.7164380550384521 0.18166810274124146 0.6735823750495911 -0.06022210419178009 -0.09646492451429367 -0.9304307699203491 0.35354360938072205 0.6152613162994385 0.6909493803977966 -0.31826916337013245 -0.6490713953971863 5.809566497802734 0.0 0.0 0.0 1.0
0.7395331263542175 0.15830782055854797 0.6542395949363708 -0.07996772229671478 -0.1099911704659462 -0.9304661154747009 0.34947773814201355 0.5704602003097534 0.6640728712081909 -0.3304109275341034 -0.6706980466842651 5.816473960876465 0.0 0.0 0.0 1.0
0.7608886361122131 0.15146778523921967 0.6309564113616943 -0.08451138436794281 -0.10891059786081314 -0.9287683367729187 0.3542991280555725 0.5690051317214966 0.6396772861480713 -0.33830001950263977 -0.6901928186416626 5.821413993835449 0.0 0.0 0.0 1.0
0.854214608669281 0.0908210277557373 0.5119266510009766 -0.35649630427360535 -0.10092175751924515 -0.9369326233863831 0.33462220430374146 0.3115815222263336 0.510031521320343 -0.33750373125076294 -0.7911757826805115 5.6160807609558105 0.0 0.0 0.0 1.0
0.8871821165084839 0.0874880850315094 0.45304936170578003 -0.14194625616073608 -0.08939686417579651 -0.9306655526161194 0.35478129982948303 0.38943248987197876 0.45267659425735474 -0.3552568256855011 -0.8178486824035645 5.5669074058532715 0.0 0.0 0.0 1.0
0.9088050127029419 0.08224456012248993 0.4090346097946167 -0.046899985522031784 -0.08047462999820709 -0.9274142980575562 0.3652760088443756 0.42176753282546997 0.4093865156173706 -0.36488157510757446 -0.8362201452255249 5.4631266593933105 0.0 0.0 0.0 1.0
0.9224575757980347 0.0641501396894455 0.3807319104671478 -0.03137231990695 -0.08630359917879105 -0.9268907308578491 0.3652742803096771 0.39090386033058167 0.3763292729854584 -0.369808554649353 -0.8494809865951538 5.385868072509766 0.0 0.0 0.0 1.0
0.9362879991531372 0.0804118663072586 0.3419044613838196 0.013272501528263092 -0.05328512564301491 -0.9296532869338989 0.3645620048046112 0.35771819949150085 0.3471677303314209 -0.3595534563064575 -0.8661384582519531 5.3539276123046875 0.0 0.0 0.0 1.0
0.9852521419525146 0.024312829598784447 0.1693725734949112 0.03918645158410072 -0.04148758947849274 -0.9263735413551331 0.3743138313293457 0.34278035163879395 0.16600289940834045 -0.3758203685283661 -0.9117028713226318 5.190124034881592 0.0 0.0 0.0 1.0
0.9882705211639404 0.03438036888837814 0.14879310131072998 0.009711774066090584 -0.02393234707415104 -0.9274227619171143 0.37324824929237366 0.32282596826553345 0.15082652866840363 -0.372431218624115 -0.9157217741012573 5.156784534454346 0.0 0.0 0.0 1.0
0.9932425618171692 0.03478763625025749 0.11072073131799698 0.027931952849030495 -0.0084333885461092 -0.929862916469574 0.3678094744682312 0.29717686772346497 0.11575032770633698 -0.36625778675079346 -0.9232860207557678 5.136654853820801 0.0 0.0 0.0 1.0
0.9980064630508423 0.012280534952878952 0.06190595403313637 0.1459803283214569 -0.010972020216286182 -0.9321889877319336 0.36180567741394043 0.2614974081516266 0.062151215970516205 -0.3617636263370514 -0.9301958680152893 5.168212413787842 0.0 0.0 0.0 1.0
0.9999847412109375 -0.0004567363066598773 0.005509300623089075 0.27973201870918274 -0.0024443152360618114 -0.9304026365280151 0.3665309548377991 0.28837502002716064 0.004958460107445717 -0.3665388226509094 -0.9303895235061646 5.2337212562561035 0.0 0.0 0.0 1.0
0.9912591576576233 -0.02138720080256462 -0.13018397986888885 0.18140582740306854 0.03151959925889969 -0.9198044538497925 0.39110904932022095 0.40874728560447693 -0.12810853123664856 -0.39179378747940063 -0.9110904932022095 5.137688159942627 0.0 0.0 0.0 1.0
0.9837307929992676 -0.04592699557542801 -0.17367902398109436 0.25128647685050964 0.026836296543478966 -0.9183541536331177 0.3948487341403961 0.42555344104766846 -0.17763306200504303 -0.3930857479572296 -0.9021807312965393 5.184544563293457 0.0 0.0 0.0 1.0
0.9794278144836426 -0.04952830821275711 -0.19562239944934845 0.24122633039951324 0.03460485860705376 -0.9138285517692566 0.4046231210231781 0.4650650918483734 -0.19880563020706177 -0.4030686020851135 -0.8933151960372925 5.135468006134033 0.0 0.0 0.0 1.0
0.9762192368507385 -0.05619959533214569 -0.20937418937683105 0.17501549422740936 0.03389861434698105 -0.9143586754798889 0.40348368883132935 0.44982072710990906 -0.21411873400211334 -0.40098604559898376 -0.8907094597816467 5.077796459197998 0.0 0.0 0.0 1.0
0.9723470211029053 -0.05299597606062889 -0.22744819521903992 0.12287749350070953 0.042968738824129105 -0.9166895151138306 0.3972833454608917 0.408742219209671 -0.22955378890037537 -0.3960704505443573 -0.8890631198883057 5.04952335357666 0.0 0.0 0.0 1.0
0.9234781265258789 -0.07842115312814713 -0.37555068731307983 -0.00273480755276978 0.07928198575973511 -0.91874760389328 0.3868038058280945 0.35415035486221313 -0.3753698766231537 -0.38697922229766846 -0.8422259092330933 4.920151710510254 0.0 0.0 0.0 1.0
0.9118351340293884 -0.0964185893535614 -0.39907407760620117 -0.010406970046460629 0.07286706566810608 -0.9185928702354431 0.38842958211898804 0.3560919761657715 -0.4040384292602539 -0.38326311111450195 -0.8305795192718506 4.890589714050293 0.0 0.0 0.0 1.0
0.9035254716873169 -0.08898712694644928 -0.41919323801994324 -0.041005346924066544 0.09035105258226395 -0.9166557788848877 0.38933131098747253 0.3623771369457245 -0.41890138387680054 -0.3896453082561493 -0.8201817870140076 4.871651649475098 0.0 0.0 0.0 1.0
0.8868702054023743 -0.09482043981552124 -0.4521839916706085 -0.06636010855436325 0.09689559787511826 -0.9187758564949036 0.38270384073257446 0.3614984452724457 -0.45174387097358704 -0.3832232356071472 -0.8056471943855286 4.881296634674072 0.0 0.0 0.0 1.0
0.8654374480247498 -0.10829411447048187 -0.48917317390441895 -0.03341853618621826 0.09720448404550552 -0.9215154051780701 0.3759795129299164 0.3463544249534607 -0.4914970099925995 -0.37293657660484314 -0.7869873046875 4.949584484100342 0.0 0.0 0.0 1.0
0.7474075555801392 -0.15992309153079987 -0.6448306441307068 -0.03935984894633293 0.12952971458435059 -0.9168926477432251 0.37753134965896606 0.4621593952178955 -0.6516164541244507 -0.365694522857666 -0.6645776629447937 4.92191219329834 0.0 0.0 0.0 1.0
0.7106987833976746 -0.17103785276412964 -0.6823879480361938 0.03676168993115425 0.13056008517742157 -0.9210764169692993 0.3668409287929535 0.43941959738731384 -0.6912751197814941 -0.349806010723114 -0.6322771906852722 5.010679721832275 0.0 0.0 0.0 1.0
0.6801133751869202 -0.1766703724861145 -0.7115008234977722 0.0695628896355629 0.14918577671051025 -0.9168667793273926 0.37026864290237427 0.48469895124435425 -0.7177669405937195 -0.3579704463481903 -0.5972166657447815 5.020554542541504 0.0 0.0 0.0 1.0
0.6621728539466858 -0.18597552180290222 -0.725906491279602 0.035189755260944366 0.15123894810676575 -0.9156104326248169 0.37253761291503906 0.5130932927131653 -0.7339304685592651 -0.35646963119506836 -0.5781656503677368 4.994000434875488 0.0 0.0 0.0 1.0
0.6425424814224243 -0.20182663202285767 -0.7391922473907471 -0.015201055444777012 0.13593053817749023 -0.9193642735481262 0.36917778849601746 0.4995664060115814 -0.7540968060493469 -0.33769121766090393 -0.5632961988449097 4.976184844970703 0.0 0.0 0.0 1.0
0.48010706901550293 -0.23466168344020844 -0.8452402353286743 -0.0584837943315506 0.142302468419075 -0.9299577474594116 0.33901116251945496 0.5019439458847046 -0.8655906915664673 -0.28304141759872437 -0.4130863547325134 5.095475196838379 0.0 0.0 0.0 1.0
0.45043250918388367 -0.2449646145105362 -0.8585469722747803 -0.07290289551019669 0.12433820962905884 -0.9350403547286987 0.3320235013961792 0.48083963990211487 -0.8841100335121155 -0.2563043534755707 -0.3907140791416168 5.109831809997559 0.0 0.0 0.0 1.0
0.42702585458755493 -0.24320286512374878 -0.8709198236465454 -0.08549933135509491 0.13789257407188416 -0.9343724250793457 0.3285328149795532 0.4699433147907257 -0.8936635851860046 -0.2603853940963745 -0.36546528339385986 5.1196088790893555 0.0 0.0 0.0 1.0
0.3981427252292633 -0.24644045531749725 -0.8836002945899963 -0.08397261053323746 0.14202161133289337 -0.9350631237030029 0.3247874081134796 0.47711774706840515 -0.9062627553939819 -0.25480207800865173 -0.3372887074947357 5.102302551269531 0.0 0.0 0.0 1.0
0.3461100161075592 -0.24540941417217255 -0.9055286049842834 0.015809137374162674 0.1475858986377716 -0.9389239549636841 0.31087005138397217 0.4612307548522949 -0.9265129566192627 -0.24123848974704742 -0.288752019405365 5.126014709472656 0.0 0.0 0.0 1.0
0.1488719880580902 -0.2590025067329407 -0.9543347358703613 -0.019256416708230972 0.16088853776454926 -0.9458855390548706 0.2818073332309723 0.4208274483680725 -0.9756802916526794 -0.19549474120140076 -0.0991453230381012 4.991275787353516 0.0 0.0 0.0 1.0
0.08534514904022217 -0.25632891058921814 -0.962814450263977 0.10709327459335327 0.15885457396507263 -0.9504783153533936 0.2671257555484772 0.3912876844406128 -0.9836063385009766 -0.17574536800384521 -0.040399692952632904 5.009664058685303 0.0 0.0 0.0 1.0
0.03859328478574753 -0.2628677785396576 -0.9640597105026245 0.1404808610677719 0.14343661069869995 -0.953329861164093 0.2656841576099396 0.4005122482776642 -0.988906741142273 -0.1485350877046585 0.0009127302910201252 5.042491436004639 0.0 0.0 0.0 1.0
-0.006558169145137072 -0.2741512060165405 -0.9616642594337463 0.171837717294693 0.1461692899465561 -0.9516183733940125 0.2702905237674713 0.4546957314014435 -0.9892378449440002 -0.13879315555095673 0.04631336033344269 4.966186046600342 0.0 0.0 0.0 1.0
-0.04531681910157204 -0.2749756872653961 -0.9603826403617859 0.21597817540168762 0.14489364624023438 -0.9530134201049805 0.2660287618637085 0.4494909346103668 -0.9884089231491089 -0.12709775567054749 0.08302976191043854 4.902511119842529 0.0 0.0 0.0 1.0
-0.3067607581615448 -0.2713486850261688 -0.9122870564460754 0.4598069190979004 0.17806535959243774 -0.9579376578330994 0.22505159676074982 0.4494878053665161 -0.9349815845489502 -0.09340973198413849 0.3421754837036133 4.847400665283203 0.0 0.0 0.0 1.0
-0.330565869808197 -0.26298457384109497 -0.9064024090766907 0.38214045763015747 0.1645461767911911 -0.961743175983429 0.21903106570243835 0.41338884830474854 -0.9293281435966492 -0.07674085348844528 0.36119258403778076 4.779877662658691 0.0 0.0 0.0 1.0
-0.35435590147972107 -0.257234662771225 -0.8990340232849121 0.3095492720603943 0.17593185603618622 -0.9625906348228455 0.20607583224773407 0.35409098863601685 -0.9184116125106812 -0.0851445347070694 0.3863554298877716 4.748984336853027 0.0 0.0 0.0 1.0
-0.38218268752098083 -0.24851804971694946 -0.890042245388031 0.25797760486602783 0.17449738085269928 -0.9652393460273743 0.19458574056625366 0.31054699420928955 -0.9074618816375732 -0.08094274252653122 0.41226354241371155 4.725583076477051 0.0 0.0 0.0 1.0
-0.44380471110343933 -0.22959662973880768 -0.8662117123603821 0.3931487798690796 0.16163374483585358 -0.9712766408920288 0.17463169991970062 0.2589170038700104 -0.8814260959625244 -0.06250667572021484 0.4681676924228668 4.738856315612793 0.0 0.0 0.0 1.0
-0.6752887964248657 -0.2007605880498886 -0.7097043395042419 0.5692305564880371 0.14500336349010468 -0.9795994162559509 0.13913655281066895 0.23115159571170807 -0.72315913438797 -0.00895216129720211 0.6906234622001648 4.555356979370117 0.0 0.0 0.0 1.0
-0.707996666431427 -0.18475808203220367 -0.6816195249557495 0.5776995420455933 0.1265426129102707 -0.9827401638031006 0.13493956625461578 0.22592270374298096 -0.6947860717773438 0.009282846935093403 0.7191565632820129 4.604457378387451 0.0 0.0 0.0 1.0
-0.73093581199646 -0.18704621493816376 -0.656312882900238 0.560021162033081 0.1229662224650383 -0.9820634126663208 0.14293615520000458 0.2731267213821411 -0.6712765097618103 0.023772848770022392 0.7408256530761719 4.58878755569458 0.0 0.0 0.0 1.0
-0.7487280368804932 -0.19067293405532837 -0.6348623037338257 0.5307027697563171 0.12417999655008316 -0.9811274409294128 0.14821702241897583 0.31180262565612793 -0.6511418223381042 0.03213704004883766 0.7582753896713257 4.536401748657227 0.0 0.0 0.0 1.0
-0.7741510272026062 -0.1687316596508026 -0.6100981831550598 0.4773685336112976 0.10045269876718521 -0.9843525886535645 0.1447732299566269 0.2795689105987549 -0.6249794960021973 0.05079033598303795 0.7789871096611023 4.438619136810303 0.0 0.0 0.0 1.0
-0.8977750539779663 -0.12015985697507858 -0.4237470030784607 0.3831457495689392 0.07919730991125107 -0.9904269576072693 0.11305848509073257 0.1932535469532013 -0.4332755506038666 0.06794146448373795 0.8986969590187073 4.33720588684082 0.0 0.0 0.0 1.0
-0.9112516045570374 -0.10978386551141739 -0.3969483971595764 0.3289830982685089 0.07293681800365448 -0.9916006922721863 0.10680975764989853 0.16697295010089874 -0.4053402841091156 0.06837841123342514 0.9116050004959106 4.318050384521484 0.0 0.0 0.0 1.0
-0.9206463694572449 -0.11778343468904495 -0.37220606207847595 0.27259916067123413 0.08704400062561035 -0.9913326501846313 0.0984020009636879 0.1408049613237381 -0.3805701434612274 0.05819513648748398 0.9229190945625305 4.3229289054870605 0.0 0.0 0.0 1.0
-0.9342929124832153 -0.112795889377594 -0.3381919860839844 0.20847442746162415 0.08520050346851349 -0.9917851090431213 0.09541045874357224 0.1292920857667923 -0.3461757004261017 0.060327187180519104 0.9362280964851379 4.281764984130859 0.0 0.0 0.0 1.0
-0.9490519165992737 -0.08501831442117691 -0.3034343421459198 0.1999930739402771 0.06019841507077217 -0.9940980672836304 0.09025057405233383 0.11389150470495224 -0.3093164265155792 0.0673862099647522 0.9485686421394348 4.3530354499816895 0.0 0.0 0.0 1.0
-0.9857363700866699 -0.04935075342655182 -0.1608985960483551 0.018214017152786255 0.03301220387220383 -0.9941661953926086 0.10268282890319824 0.18351000547409058 -0.1650274246931076 0.0959065780043602 0.9816149473190308 4.3067803382873535 0.0 0.0 0.0 1.0
-0.9906172752380371 -0.034277305006980896 -0.1322968304157257 0.017992142587900162 0.020291825756430626 -0.9941964745521545 0.10564834624528885 0.1878921240568161 -0.13515038788318634 0.1019725352525711 0.9855638146400452 4.29646635055542 0.0 0.0 0.0 1.0
-0.9951539039611816 -0.01190890185534954 -0.09760566800832748 0.06423002481460571 0.0009432111401110888 -0.9937492609024048 0.11163103580474854 0.20754894614219666 -0.0983249619603157 0.1109980046749115 0.9889447093009949 4.322590351104736 0.0 0.0 0.0 1.0
-0.996638834476471 -0.017968488857150078 -0.07992620021104813 0.06867941468954086 0.009276341646909714 -0.9941269159317017 0.10782193392515182 0.19953855872154236 -0.08139418065547943 0.10671810060739517 0.99095219373703 4.336619853973389 0.0 0.0 0.0 1.0
-0.9969179034233093 -0.026989441365003586 -0.07366303354501724 0.04777440428733826 0.019504742696881294 -0.9947460293769836 0.10049831122159958 0.1738487184047699 -0.07598839700222015 0.09875179082155228 0.9922065734863281 4.378072261810303 0.0 0.0 0.0 1.0
-0.9968433976173401 -0.02253182977437973 -0.07612837105989456 -0.022309686988592148 0.01658914051949978 -0.9968301057815552 0.07781107723712921 0.08387637138366699 -0.07764028012752533 0.07630255818367004 0.994057297706604 4.427830219268799 0.0 0.0 0.0 1.0
-0.9968341588973999 -0.02002871036529541 -0.07694518566131592 -0.025316746905446053 0.013854727149009705 -0.9967025518417358 0.07995043694972992 0.09051646292209625 -0.07829277217388153 0.07863127440214157 0.9938246011734009 4.426197052001953 0.0 0.0 0.0 1.0