-0.9890989661216736 0.1410028338432312 0.04244380444288254 0.2903084456920624 -0.1391158550977707 -0.9892733693122864 0.04455322027206421 1.1707278490066528 0.04827065393328667 0.03816293925046921 0.998104989528656 14.645313262939453 0.0 0.0 0.0 1.0
-0.9893026947975159 0.13975264132022858 0.04182611033320427 0.26933613419532776 -0.1378536969423294 -0.9894163608551025 0.04529515653848648 1.1611509323120117 0.04771355539560318 0.039044734090566635 0.9980976581573486 14.615801811218262 0.0 0.0 0.0 1.0
-0.9894408583641052 0.13879066705703735 0.04176090657711029 0.2475970983505249 -0.136898010969162 -0.9895527362823486 0.04521452262997627 1.1367369890213013 0.047599971294403076 0.0390201099216938 0.9981040358543396 14.627389907836914 0.0 0.0 0.0 1.0
-0.9897128939628601 0.13688445091247559 0.041605979204177856 0.194417804479599 -0.13499361276626587 -0.9898104071617126 0.0452997051179409 1.1114776134490967 0.04738285392522812 0.039217159152030945 0.9981066584587097 14.597681999206543 0.0 0.0 0.0 1.0
-0.9901518225669861 0.1337512582540512 0.04135173559188843 0.10619068145751953 -0.13181525468826294 -0.9901847839355469 0.046463415026664734 1.101650357246399 0.047160398215055466 0.04055504500865936 0.9980637431144714 14.623730659484863 0.0 0.0 0.0 1.0
-0.9904667735099792 0.1313992589712143 0.041349876672029495 0.04403792321681976 -0.12939895689487457 -0.9904386401176453 0.04782474413514137 1.1158939599990845 0.04723865166306496 0.042018190026283264 0.9979994893074036 14.628473281860352 0.0 0.0 0.0 1.0
-0.9908279180526733 0.12865346670150757 0.041331350803375244 -0.0029026749543845654 -0.1266224980354309 -0.9907649755477905 0.048491865396499634 1.159930944442749 0.047188304364681244 0.04281361773610115 0.9979680776596069 14.650469779968262 0.0 0.0 0.0 1.0
-0.9915207624435425 0.1234830766916275 0.04047805815935135 -0.01736166700720787 -0.12145831435918808 -0.9913783073425293 0.04916240647435188 1.2468866109848022 0.04619979113340378 0.04382915422320366 0.9979702234268188 14.736303329467773 0.0 0.0 0.0 1.0
-0.9920880198478699 0.11941137164831161 0.03875982016324997 -0.028578447178006172 -0.1174159124493599 -0.9918119311332703 0.05022494122385979 1.3377805948257446 0.044439882040023804 0.045276544988155365 0.9979855418205261 14.695629119873047 0.0 0.0 0.0 1.0
-0.9931614398956299 0.11145131289958954 0.03476938605308533 0.052773185074329376 -0.10960284620523453 -0.9926568269729614 0.0511825792491436 1.463549017906189 0.04021843522787094 0.047021739184856415 0.9980838894844055 14.613728523254395 0.0 0.0 0.0 1.0
-0.9940177202224731 0.10493171960115433 0.030300965532660484 0.16334247589111328 -0.10329316556453705 -0.9933244585990906 0.05135177820920944 1.4974427223205566 0.03548712283372879 0.047914691269397736 0.9982208609580994 14.555800437927246 0.0 0.0 0.0 1.0
-0.9955338835716248 0.09237758815288544 0.01945902779698372 0.41611647605895996 -0.09130249917507172 -0.994550347328186 0.050333086401224136 1.4800878763198853 0.02400263212621212 0.04833163321018219 0.9985429048538208 14.557039260864258 0.0 0.0 0.0 1.0
-0.9965975880622864 0.08193410933017731 0.008948045782744884 0.5743758678436279 -0.0814104974269867 -0.9955077767372131 0.048338402062654495 1.4268834590911865 0.012868412770330906 0.04744546860456467 0.9987909197807312 14.572467803955078 0.0 0.0 0.0 1.0
-0.9975921511650085 0.06921606510877609 -0.004359132144600153 0.6515379548072815 -0.06934314966201782 -0.9965453147888184 0.0457056388258934 1.343496561050415 -0.0011805080575868487 0.04589786380529404 0.998945415019989 14.598299980163574 0.0 0.0 0.0 1.0
-0.9984687566757202 0.0436180904507637 -0.03402360901236534 0.5208245515823364 -0.044970400631427765 -0.9981852173805237 0.040048837661743164 1.2859609127044678 -0.03221501037478447 0.04151757061481476 0.9986183047294617 14.669881820678711 0.0 0.0 0.0 1.0
-0.9980092644691467 0.02392031066119671 -0.058355044573545456 0.3349153697490692 -0.0260150246322155 -0.9990344047546387 0.03540434688329697 1.290928840637207 -0.05745181441307068 0.036851972341537476 0.9976679086685181 14.806436538696289 0.0 0.0 0.0 1.0
-0.9954311847686768 -0.007822161540389061 -0.09516079723834991 -0.01864321529865265 0.005026191473007202 -0.9995496273040771 0.029585832729935646 1.3341851234436035 -0.09534935653209686 0.028972363099455833 0.995022177696228 15.089849472045898 0.0 0.0 0.0 1.0
-0.9923208951950073 -0.02959672547876835 -0.12009672820568085 -0.2185973972082138 0.026529842987656593 -0.9992818236351013 0.027056118473410606 1.3538792133331299 -0.12081124633550644 0.023662203922867775 0.992393434047699 15.264016151428223 0.0 0.0 0.0 1.0
-0.9883300065994263 -0.05156641826033592 -0.143334299325943 -0.39037859439849854 0.04857814311981201 -0.9985244274139404 0.024272559210658073 1.3552170991897583 -0.14437444508075714 0.0170263834297657 0.9893766045570374 15.488677978515625 0.0 0.0 0.0 1.0
-0.9807212948799133 -0.08323345333337784 -0.176799014210701 -0.6850510835647583 0.08059754222631454 -0.9965027570724487 0.02205127477645874 1.498201608657837 -0.17801611125469208 0.0073765902779996395 0.9839999079704285 15.730253219604492 0.0 0.0 0.0 1.0
-0.974734902381897 -0.10473687201738358 -0.19728687405586243 -0.9369029998779297 0.10250224173069 -0.994499683380127 0.021533483639359474 1.6582525968551636 -0.19845707714557648 0.0007670895429328084 0.9801092743873596 15.87891960144043 0.0 0.0 0.0 1.0
-0.9641974568367004 -0.13639669120311737 -0.22741858661174774 -1.1579949855804443 0.1346730887889862 -0.9906195402145386 0.02315456047654152 1.8158918619155884 -0.22844350337982178 -0.008301596157252789 0.9735217690467834 15.936787605285645 0.0 0.0 0.0 1.0
-0.9566131830215454 -0.15678057074546814 -0.24558311700820923 -1.1790354251861572 0.15548481047153473 -0.9875273704528809 0.024782996624708176 1.8304824829101562 -0.24640554189682007 -0.01447670254856348 0.9690586924552917 15.871110916137695 0.0 0.0 0.0 1.0
-0.9437370896339417 -0.18634945154190063 -0.2731926739215851 -1.0276715755462646 0.18598179519176483 -0.9821686744689941 0.027484972029924393 1.977202296257019 -0.2734431028366089 -0.02487027645111084 0.9615666270256042 15.736809730529785 0.0 0.0 0.0 1.0
-0.9339353442192078 -0.20547816157341003 -0.29247817397117615 -0.9207068085670471 0.20554892718791962 -0.9781606793403625 0.030844170600175858 2.0136425495147705 -0.29242846369743347 -0.031312115490436554 0.9557746052742004 15.574787139892578 0.0 0.0 0.0 1.0
-0.9234966039657593 -0.22431543469429016 -0.31118589639663696 -0.801500678062439 0.2250615954399109 -0.9737507700920105 0.034010909497737885 1.9960449934005737 -0.310646653175354 -0.038627032190561295 0.9497402906417847 15.34183406829834 0.0 0.0 0.0 1.0
-0.9066786766052246 -0.2511761784553528 -0.33888688683509827 -0.49572765827178955 0.252923846244812 -0.9666677713394165 0.03978688269853592 1.8193966150283813 -0.337584525346756 -0.04963865131139755 0.939985454082489 14.94986629486084 0.0 0.0 0.0 1.0
-0.8947659134864807 -0.2679125964641571 -0.3572348952293396 -0.30229872465133667 0.2705117464065552 -0.961724042892456 0.04370597004890442 1.698620080947876 -0.3552708029747009 -0.057529620826244354 0.9329914450645447 14.566537857055664 0.0 0.0 0.0 1.0
-0.8752777576446533 -0.2924509644508362 -0.3851768970489502 -0.014735567383468151 0.29664239287376404 -0.9536786675453186 0.050002388656139374 1.6064201593399048 -0.3819582462310791 -0.07049380987882614 0.9214871525764465 14.203426361083984 0.0 0.0 0.0 1.0
-0.861426830291748 -0.308459609746933 -0.4034804403781891 0.15570080280303955 0.31362080574035645 -0.9479468464851379 0.05512520670890808 1.513365626335144 -0.3994819223880768 -0.07905352860689163 0.9133262038230896 14.085590362548828 0.0 0.0 0.0 1.0
-0.8395403027534485 -0.33250483870506287 -0.4296656847000122 0.4596863389015198 0.33873453736305237 -0.9386659860610962 0.06453777849674225 1.3132656812667847 -0.42477166652679443 -0.09136053174734116 0.900678813457489 13.994093894958496 0.0 0.0 0.0 1.0
-0.8244822025299072 -0.3469846248626709 -0.4470243752002716 0.6343753337860107 0.35470134019851685 -0.9323909878730774 0.0695272758603096 1.129397988319397 -0.4409264028072357 -0.10123613476753235 0.8918156623840332 13.966326713562012 0.0 0.0 0.0 1.0
-0.8087800145149231 -0.3622887134552002 -0.46327289938926697 0.7118037343025208 0.370731920003891 -0.9255759119987488 0.07659661769866943 1.0066947937011719 -0.45654433965682983 -0.10980023443698883 0.882899284362793 13.878793716430664 0.0 0.0 0.0 1.0
-0.7842161059379578 -0.38384154438972473 -0.4875149428844452 0.7426148653030396 0.39430925250053406 -0.9149370193481445 0.08608388900756836 0.9579823613166809 -0.47908803820610046 -0.12472327053546906 0.8688606023788452 13.862812042236328 0.0 0.0 0.0 1.0
-0.7673828601837158 -0.39771556854248047 -0.5029372572898865 0.675014853477478 0.409976065158844 -0.9074397087097168 0.09204784035682678 0.978615939617157 -0.492994099855423 -0.13555631041526794 0.8594075441360474 13.889013290405273 0.0 0.0 0.0 1.0
-0.740441083908081 -0.42008841037750244 -0.5246644020080566 0.5255115628242493 0.43324515223503113 -0.8951071500778198 0.1052703931927681 1.1716641187667847 -0.5138537287712097 -0.1493617743253708 0.844775378704071 13.662247657775879 0.0 0.0 0.0 1.0
-0.7215365171432495 -0.43461084365844727 -0.5389790534973145 0.402198851108551 0.44878965616226196 -0.8863471150398254 0.11391525715589523 1.270888328552246 -0.5272313356399536 -0.15969422459602356 0.834580659866333 13.549163818359375 0.0 0.0 0.0 1.0
-0.6917392611503601 -0.4560249447822571 -0.5599446892738342 0.18249250948429108 0.47236716747283936 -0.8722323775291443 0.12680679559707642 1.3644708395004272 -0.5462289452552795 -0.1767822504043579 0.8187685608863831 13.447620391845703 0.0 0.0 0.0 1.0
-0.6704989075660706 -0.4702551066875458 -0.5738391280174255 0.026691656559705734 0.4878084361553192 -0.8621990084648132 0.13658614456653595 1.3878859281539917 -0.5589938759803772 -0.18834270536899567 0.8074979186058044 13.371929168701172 0.0 0.0 0.0 1.0
-0.6480792164802551 -0.48391687870025635 -0.5880627632141113 -0.10837873071432114 0.5033395886421204 -0.8516460657119751 0.14611023664474487 1.3477725982666016 -0.5715265274047852 -0.20130424201488495 0.795508623123169 13.330455780029297 0.0 0.0 0.0 1.0
-0.611893355846405 -0.5043358206748962 -0.6092880368232727 -0.23147939145565033 0.5265461206436157 -0.834566593170166 0.16201160848140717 1.1974529027938843 -0.5901997089385986 -0.22168441116809845 0.7762218117713928 13.288552284240723 0.0 0.0 0.0 1.0
-0.58614182472229 -0.5180360078811646 -0.6229578256607056 -0.22108621895313263 0.5425496697425842 -0.822001576423645 0.17307007312774658 1.0930713415145874 -0.6017288565635681 -0.23654194176197052 0.7628697752952576 13.288373947143555 0.0 0.0 0.0 1.0
-0.5447936654090881 -0.5372596979141235 -0.6438570022583008 -0.0724179819226265 0.5661407113075256 -0.8020572662353516 0.19023355841636658 1.0970503091812134 -0.6186150312423706 -0.2608756124973297 0.7411203384399414 13.355181694030762 0.0 0.0 0.0 1.0
-0.5161629319190979 -0.5493305921554565 -0.6571238040924072 0.07095925509929657 0.5817849040031433 -0.787936270236969 0.20169970393180847 1.141416311264038 -0.6285714507102966 -0.278194785118103 0.7262957692146301 13.444653511047363 0.0 0.0 0.0 1.0
-0.4716145098209381 -0.5658207535743713 -0.6763332486152649 0.2890600860118866 0.6042022705078125 -0.7659973502159119 0.21951699256896973 1.2436803579330444 -0.6422767043113708 -0.30511465668678284 0.7031256556510925 13.686141014099121 0.0 0.0 0.0 1.0
-0.44093793630599976 -0.5757017135620117 -0.6885792016983032 0.43980082869529724 0.6184062361717224 -0.7508945465087891 0.23179976642131805 1.322330117225647 -0.6504978537559509 -0.32361236214637756 0.6871153712272644 13.90314769744873 0.0 0.0 0.0 1.0
-0.41010019183158875 -0.5842880010604858 -0.7003037929534912 0.5858433246612549 0.6318246722221375 -0.7357500791549683 0.24386350810527802 1.3849616050720215 -0.6577350497245789 -0.3424607217311859 0.6708987951278687 14.133633613586426 0.0 0.0 0.0 1.0
-0.36291319131851196 -0.5941032767295837 -0.7178685665130615 0.7331596612930298 0.6491981148719788 -0.7138562202453613 0.262585312128067 1.3683160543441772 -0.6684577465057373 -0.3707432746887207 0.6447585821151733 14.465753555297852 0.0 0.0 0.0 1.0
-0.33230310678482056 -0.5994181632995605 -0.7281981110572815 0.7395457029342651 0.65892094373703 -0.6999532580375671 0.27547889947891235 1.3969277143478394 -0.6748316884040833 -0.38828250765800476 0.6275658011436462 14.579113960266113 0.0 0.0 0.0 1.0
-0.28672537207603455 -0.6052892804145813 -0.7425721883773804 0.46563443541526794 0.6727908253669739 -0.6790317893028259 0.29371482133865356 1.5227200984954834 -0.6820125579833984 -0.41538023948669434 0.6019287109375 14.666412353515625 0.0 0.0 0.0 1.0
-0.25591349601745605 -0.6088648438453674 -0.7508607506752014 0.26857778429985046 0.680605411529541 -0.6650736927986145 0.30733245611190796 1.5481393337249756 -0.686501681804657 -0.43238937854766846 0.5845980644226074 14.664073944091797 0.0 0.0 0.0 1.0
-0.2130131870508194 -0.6140158176422119 -0.7600065469741821 0.12491150945425034 0.6943035125732422 -0.642415463924408 0.32441484928131104 1.4454740285873413 -0.6874358057975769 -0.45857059955596924 0.5631563067436218 14.345041275024414 0.0 0.0 0.0 1.0
-0.18509362637996674 -0.6164242029190063 -0.7653505802154541 0.19331321120262146 0.7028867602348328 -0.6273295283317566 0.3352728486061096 1.3772361278533936 -0.6867973208427429 -0.4758979380130768 0.5493910908699036 14.174581527709961 0.0 0.0 0.0 1.0
-0.15681134164333344 -0.6190580725669861 -0.7695305347442627 0.2926146984100342 0.7098550796508789 -0.6123814582824707 0.34798663854599 1.3447496891021729 -0.686670184135437 -0.49168694019317627 0.5354698896408081 13.95339298248291 0.0 0.0 0.0 1.0
-0.11621086299419403 -0.6229045987129211 -0.7736180424690247 0.6251583695411682 0.7204771041870117 -0.5890098810195923 0.3660329282283783 1.2606602907180786 -0.6836722493171692 -0.5148370862007141 0.5172378420829773 13.685863494873047 0.0 0.0 0.0 1.0
-0.08874433487653732 -0.6242354512214661 -0.7761794924736023 0.9313621520996094 0.726021409034729 -0.5740342140197754 0.3786523938179016 1.183240294456482 -0.6819218397140503 -0.5299196243286133 0.5041505694389343 13.489381790161133 0.0 0.0 0.0 1.0
-0.04789144918322563 -0.6251081228256226 -0.7790675759315491 1.3424568176269531 0.731423556804657 -0.5531181693077087 0.3988482356071472 1.1630094051361084 -0.6802396774291992 -0.5507269501686096 0.4837084114551544 13.406795501708984 0.0 0.0 0.0 1.0
-0.0208070557564497 -0.6258934736251831 -0.7796309590339661 1.5960912704467773 0.73395174741745 -0.5390697121620178 0.4131811857223511 1.2245694398880005 -0.6788828372955322 -0.5636144280433655 0.47059205174446106 13.262053489685059 0.0 0.0 0.0 1.0
0.006392214447259903 -0.6254644989967346 -0.780226469039917 1.8163057565689087 0.7352288365364075 -0.5259107351303101 0.4276171624660492 1.2611805200576782 -0.6777887940406799 -0.5763784050941467 0.45649781823158264 13.145054817199707 0.0 0.0 0.0 1.0
0.04711161553859711 -0.6241823434829712 -0.7798569798469543 1.9017566442489624 0.7357202172279358 -0.506395697593689 0.4497545659542084 1.2713065147399902 -0.6756450533866882 -0.5949451923370361 0.4353664815425873 13.038434028625488 0.0 0.0 0.0 1.0
0.07431172579526901 -0.622592568397522 -0.7790098190307617 1.7916243076324463 0.7347089052200317 -0.4940224885940552 0.464913547039032 1.2878612279891968 -0.6743000745773315 -0.6068939566612244 0.4207126200199127 13.068033218383789 0.0 0.0 0.0 1.0
0.1161252111196518 -0.6199888586997986 -0.7759695649147034 1.4409184455871582 0.7319161891937256 -0.4747128188610077 0.48882144689559937 1.2724392414093018 -0.67142653465271 -0.6247091889381409 0.3986537754535675 13.082781791687012 0.0 0.0 0.0 1.0
0.14382241666316986 -0.6168520450592041 -0.773827314376831 1.1074835062026978 0.7291334867477417 -0.46264204382896423 0.5043081641197205 1.1908496618270874 -0.6690885424613953 -0.6367542147636414 0.38322916626930237 13.047399520874023 0.0 0.0 0.0 1.0
0.18511396646499634 -0.6122795343399048 -0.7686654925346375 0.7205469012260437 0.7254295349121094 -0.44251903891563416 0.5271896719932556 1.0619027614593506 -0.6629365086555481 -0.6552028059959412 0.3622491955757141 12.89928150177002 0.0 0.0 0.0 1.0
0.21355833113193512 -0.6080180406570435 -0.7646612524986267 0.5709975957870483 0.7224956154823303 -0.42854583263397217 0.5425390005111694 0.9756683707237244 -0.6575659513473511 -0.6683281064033508 0.3477708399295807 12.830357551574707 0.0 0.0 0.0 1.0
0.24221894145011902 -0.6029221415519714 -0.7601413726806641 0.5134199857711792 0.7185102105140686 -0.41501227021217346 0.5581288933753967 0.889110803604126 -0.6519762873649597 -0.6813587546348572 0.3326818645000458 12.810054779052734 0.0 0.0 0.0 1.0
0.28560617566108704 -0.5940314531326294 -0.7520344257354736 0.5403714776039124 0.7124797105789185 -0.39320284128189087 0.5811747908592224 0.7749953866004944 -0.6409381628036499 -0.7017964124679565 0.3109341859817505 12.745685577392578 0.0 0.0 0.0 1.0
0.3155330419540405 -0.586595356464386 -0.7458851933479309 0.6473316550254822 0.707926869392395 -0.3779081702232361 0.5966782569885254 0.7379225492477417 -0.6318848729133606 -0.7163038849830627 0.2960240840911865 12.787958145141602 0.0 0.0 0.0 1.0
0.364136666059494 -0.573071300983429 -0.7341619729995728 0.781614363193512 0.6984569430351257 -0.353417307138443 0.6222974061965942 0.8458239436149597 -0.6160863041877747 -0.7393818497657776 0.27157342433929443 12.914247512817383 0.0 0.0 0.0 1.0
0.3987475633621216 -0.562002956867218 -0.7246744632720947 0.853864848613739 0.6909180879592896 -0.3355051577091217 0.6403658390045166 1.0152713060379028 -0.6030195355415344 -0.7560350298881531 0.2545161545276642 13.012633323669434 0.0 0.0 0.0 1.0
0.45232924818992615 -0.5417993068695068 -0.7084149718284607 0.909180760383606 0.6779745817184448 -0.30717986822128296 0.6678255200386047 1.304325819015503 -0.5794382095336914 -0.7823643684387207 0.2283797413110733 13.236409187316895 0.0 0.0 0.0 1.0
0.4896382689476013 -0.525692880153656 -0.6956301927566528 0.8415347933769226 0.6673403382301331 -0.28752678632736206 0.6870118379592896 1.5426546335220337 -0.5611695647239685 -0.8006093502044678 0.21003195643424988 13.408385276794434 0.0 0.0 0.0 1.0
0.5270316004753113 -0.5076628923416138 -0.6815541982650757 0.7257510423660278 0.6557208895683289 -0.26725196838378906 0.7061207294464111 1.791229009628296 -0.5406180024147034 -0.8190572261810303 0.19203492999076843 13.531096458435059 0.0 0.0 0.0 1.0
0.5805320739746094 -0.4769577085971832 -0.6599196195602417 0.5710394978523254 0.6369519233703613 -0.2388615608215332 0.732964813709259 1.9886856079101562 -0.5072226524353027 -0.8458465933799744 0.1651323288679123 13.805487632751465 0.0 0.0 0.0 1.0
0.6144816875457764 -0.45494818687438965 -0.6445419788360596 0.3940504789352417 0.6225003600120544 -0.22230607271194458 0.750382125377655 2.0173754692077637 -0.48467057943344116 -0.8623237013816833 0.14660239219665527 14.16042423248291 0.0 0.0 0.0 1.0
0.6574479341506958 -0.42307794094085693 -0.6235120296478271 0.19254860281944275 0.6037508845329285 -0.1993144452571869 0.771854043006897 2.0833466053009033 -0.4508293867111206 -0.8838997483253479 0.12439479678869247 14.226463317871094 0.0 0.0 0.0 1.0
0.6826009750366211 -0.4012562036514282 -0.6107776761054993 0.12147883325815201 0.5922857522964478 -0.1858168989419937 0.7840086817741394 2.0866734981536865 -0.4280811846256256 -0.8969200253486633 0.11081953346729279 14.293174743652344 0.0 0.0 0.0 1.0
0.7159469723701477 -0.36809438467025757 -0.5932338833808899 0.02110656350851059 0.5773550271987915 -0.1655845046043396 0.7995266914367676 1.9977506399154663 -0.3925316333770752 -0.9149252772331238 0.09397142380475998 14.239731788635254 0.0 0.0 0.0 1.0
0.736813485622406 -0.34525272250175476 -0.5812972187995911 0.051832713186740875 0.5674428343772888 -0.1516558825969696 0.8093263506889343 1.9065912961959839 -0.36757925152778625 -0.9261754751205444 0.08416908234357834 14.038514137268066 0.0 0.0 0.0 1.0
0.7578402161598206 -0.32081785798072815 -0.5681145191192627 0.14211693406105042 0.5558596849441528 -0.13843514025211334 0.8196680545806885 1.8314852714538574 -0.34161117672920227 -0.9369693994522095 0.07341799885034561 13.853322982788086 0.0 0.0 0.0 1.0
0.790238618850708 -0.2838241457939148 -0.5431084632873535 0.24748845398426056 0.5334190130233765 -0.11765909194946289 0.8376278877258301 1.7074261903762817 -0.30164065957069397 -0.9516302943229675 0.058418434113264084 13.599618911743164 0.0 0.0 0.0 1.0
0.811513364315033 -0.2583714425563812 -0.5241090655326843 0.35917773842811584 0.5159462690353394 -0.10422878712415695 0.8502563238143921 1.5866053104400635 -0.2743091881275177 -0.960406482219696 0.048722732812166214 13.37173843383789 0.0 0.0 0.0 1.0
0.8403304219245911 -0.21873058378696442 -0.49598562717437744 0.5320416688919067 0.4891658127307892 -0.08828756213188171 0.8677108287811279 1.4445348978042603 -0.23358425498008728 -0.9717830419540405 0.03280479833483696 13.104676246643066 0.0 0.0 0.0 1.0
0.8582180142402649 -0.19391480088233948 -0.4752461612224579 0.585024893283844 0.46923863887786865 -0.07885301113128662 0.8795437812805176 1.3945841789245605 -0.20803116261959076 -0.9778441786766052 0.023319248110055923 13.023219108581543 0.0 0.0 0.0 1.0
0.8808067440986633 -0.157247394323349 -0.44660136103630066 0.600098729133606 0.4416758716106415 -0.06696835905313492 0.8946717977523804 1.3271312713623047 -0.17059297859668732 -0.9852859973907471 0.0104661975055933 12.928227424621582 0.0 0.0 0.0 1.0
0.8930565118789673 -0.1338813751935959 -0.4295647144317627 0.6551388502120972 0.42513009905815125 -0.06159450113773346 0.9030340909957886 1.2308932542800903 -0.1473582684993744 -0.9890813231468201 0.0019096335163339972 12.859479904174805 0.0 0.0 0.0 1.0
0.9040882587432861 -0.11300422251224518 -0.412134051322937 0.661388099193573 0.40839749574661255 -0.05551864951848984 0.9111142754554749 1.1731290817260742 -0.12584088742733002 -0.9920421838760376 -0.004043120425194502 12.770027160644531 0.0 0.0 0.0 1.0
0.9182858467102051 -0.08280516415834427 -0.3871620297431946 0.6293851137161255 0.3841750919818878 -0.05003804340958595 0.9219033122062683 1.0506447553634644 -0.09571118652820587 -0.9953087568283081 -0.01413754466921091 12.70363998413086 0.0 0.0 0.0 1.0
0.9263201355934143 -0.06384751945734024 -0.3712875545024872 0.6247701048851013 0.368861585855484 -0.04675457626581192 0.9283076524734497 0.9744765162467957 -0.07662953436374664 -0.996863842010498 -0.019758807495236397 12.645429611206055 0.0 0.0 0.0 1.0
0.9374362230300903 -0.03656276315450668 -0.34623175859451294 0.674758791923523 0.34467145800590515 -0.04290403798222542 0.9377424120903015 0.9011650085449219 -0.04914119467139244 -0.9984099268913269 -0.02761765941977501 12.63895034790039 0.0 0.0 0.0 1.0
0.9443399310112 -0.018667815253138542 -0.32844114303588867 0.6871758103370667 0.3274609446525574 -0.04221663996577263 0.9439211487770081 0.8712607622146606 -0.031486626714468 -0.9989340901374817 -0.033753879368305206 12.698162078857422 0.0 0.0 0.0 1.0
0.9541304111480713 0.007709685247391462 -0.2992919981479645 0.6038663983345032 0.2993488013744354 -0.041400957852602005 0.9532451033592224 0.9004279971122742 -0.005041754804551601 -0.9991128444671631 -0.041809797286987305 12.79020881652832 0.0 0.0 0.0 1.0
0.9602014422416687 0.025389134883880615 -0.2781520485877991 0.504887044429779 0.2790137529373169 -0.041461031883955 0.9593916535377502 0.908237874507904 0.01282565202564001 -0.998817503452301 -0.0468948595225811 12.887397766113281 0.0 0.0 0.0 1.0
0.9659430980682373 0.04335450008511543 -0.25509658455848694 0.392167866230011 0.25688204169273376 -0.04228629544377327 0.9655172228813171 0.9176381230354309 0.031072426587343216 -0.9981644153594971 -0.051983147859573364 13.018758773803711 0.0 0.0 0.0 1.0
0.9730880856513977 0.07170578092336655 -0.21899272501468658 0.2107907384634018 0.22249194979667664 -0.04502406716346741 0.9738943576812744 0.9822421073913574 0.059973910450935364 -0.9964091181755066 -0.059766341000795364 13.276734352111816 0.0 0.0 0.0 1.0
0.9766905307769775 0.09163296222686768 -0.19411084055900574 0.1129508912563324 0.19900526106357574 -0.047612667083740234 0.9788411259651184 1.076575756072998 0.08045198023319244 -0.9946539402008057 -0.06473828107118607 13.441987037658691 0.0 0.0 0.0 1.0
0.98019939661026 0.12135417014360428 -0.15646810829639435 0.004512143321335316 0.1636708676815033 -0.051788799464702606 0.9851546883583069 1.1833163499832153 0.11144933849573135 -0.9912573099136353 -0.07062549144029617 13.539087295532227 0.0 0.0 0.0 1.0
0.9808076620101929 0.14211146533489227 -0.13349425792694092 0.023200104013085365 0.14238673448562622 -0.05431655794382095 0.9883196353912354 1.27370285987854 0.13320060074329376 -0.988359272480011 -0.07350888103246689 13.635438919067383 0.0 0.0 0.0 1.0
0.9801092743873596 0.17309044301509857 -0.09708521515130997 0.15836693346500397 0.1088995635509491 -0.06009671092033386 0.992234468460083 1.3280541896820068 0.16591180860996246 -0.9830707311630249 -0.07775081694126129 13.866180419921875 0.0 0.0 0.0 1.0
0.9781834483146667 0.19389311969280243 -0.07458267360925674 0.21303202211856842 0.08831717073917389 -0.06317249685525894 0.9940871596336365 1.350637674331665 0.18803510069847107 -0.9789865612983704 -0.07891838252544403 13.962606430053711 0.0 0.0 0.0 1.0
0.9752158522605896 0.21512682735919952 -0.05171530321240425 0.302182674407959 0.06748857349157333 -0.06662914901971817 0.9954927563667297 1.3602850437164307 0.21071144938468933 -0.9743105173110962 -0.07949640601873398 14.093521118164062 0.0 0.0 0.0 1.0
0.9688302874565125 0.2471179962158203 -0.017338061705231667 0.33358797430992126 0.03650522232055664 -0.07319335639476776 0.996649444103241 1.3430453538894653 0.24502097070217133 -0.9662171006202698 -0.0799330323934555 14.447554588317871 0.0 0.0 0.0 1.0
0.9633492827415466 0.26817265152931213 0.00644756481051445 0.20892518758773804 0.014720631763339043 -0.07684940099716187 0.9969340562820435 1.4068193435668945 0.26784592866897583 -0.9603008031845093 -0.07798048108816147 14.61679744720459 0.0 0.0 0.0 1.0
0.9525692462921143 0.3020581603050232 0.037049464881420135 -0.1388254016637802 -0.012903817929327488 -0.08154457807540894 0.9965861439704895 1.4292396306991577 0.3040481507778168 -0.9497954249382019 -0.0737791508436203 14.661709785461426 0.0 0.0 0.0 1.0
0.9440402984619141 0.3245914578437805 0.05855178087949753 -0.36106210947036743 -0.032282888889312744 -0.08573610335588455 0.9957947134971619 1.4352762699127197 0.32824647426605225 -0.9419605731964111 -0.07045958191156387 14.61526107788086 0.0 0.0 0.0 1.0
0.9343612194061279 0.34733355045318604 0.07955192029476166 -0.5946398973464966 -0.051185231655836105 -0.09010960906744003 0.9946156740188599 1.4281485080718994 0.3526318073272705 -0.9334021806716919 -0.06641657650470734 14.517824172973633 0.0 0.0 0.0 1.0
0.9173470139503479 0.3826174736022949 0.10990164428949356 -0.8020743727684021 -0.07898546755313873 -0.09564584493637085 0.9922767877578735 1.3909447193145752 0.3901740610599518 -0.9189427495002747 -0.057519204914569855 14.20470142364502 0.0 0.0 0.0 1.0
0.9045488238334656 0.4055314362049103 0.1316652148962021 -0.7852081656455994 -0.09854669868946075 -0.10159370303153992 0.9899329543113708 1.3632135391235352 0.41482529044151306 -0.908417820930481 -0.0519326776266098 14.036744117736816 0.0 0.0 0.0 1.0
0.8822287917137146 0.4418620765209198 0.1625738888978958 -0.6846094131469727 -0.12849344313144684 -0.10622768849134445 0.986004650592804 1.3206349611282349 0.4529478847980499 -0.8907713294029236 -0.03694074600934982 13.806571960449219 0.0 0.0 0.0 1.0
0.8662254810333252 0.46307921409606934 0.18764613568782806 -0.6235811114311218 -0.15112578868865967 -0.11514082551002502 0.9817858934402466 1.2480745315551758 0.47625038027763367 -0.8788061141967773 -0.029754703864455223 13.887946128845215 0.0 0.0 0.0 1.0
0.83912593126297 0.49640730023384094 0.22236789762973785 -0.7506998777389526 -0.185250386595726 -0.12356054037809372 0.9748923182487488 1.2118929624557495 0.5114195942878723 -0.8592511415481567 -0.011723198927938938 14.039596557617188 0.0 0.0 0.0 1.0
0.8199520111083984 0.516395092010498 0.24701181054115295 -0.8734409809112549 -0.21003614366054535 -0.13001194596290588 0.9690107107162476 1.3038471937179565 0.5325068235397339 -0.8464236855506897 0.0018580718897283077 14.079703330993652 0.0 0.0 0.0 1.0
0.8011721968650818 0.5345693826675415 0.26899564266204834 -0.9954769015312195 -0.2306492179632187 -0.13893619179725647 0.963066816329956 1.4249235391616821 0.5521992444992065 -0.8336260318756104 0.011986199766397476 14.132932662963867 0.0 0.0 0.0 1.0
0.772907555103302 0.559881329536438 0.2985745966434479 -1.312811255455017 -0.25936004519462585 -0.15068349242210388 0.9539532661437988 1.7714424133300781 0.5790908932685852 -0.8147560358047485 0.02874641679227352 14.122395515441895 0.0 0.0 0.0 1.0
0.7542391419410706 0.5757215023040771 0.31570249795913696 -1.557275652885437 -0.2760372757911682 -0.15823300182819366 0.948032557964325 2.058455467224121 0.5957573056221008 -0.8021888732910156 0.03957508131861687 14.063325881958008 0.0 0.0 0.0 1.0
0.7269424796104431 0.5969953536987305 0.33933937549591064 -1.7932398319244385 -0.29802459478378296 -0.1709185689687729 0.9391316175460815 2.366999626159668 0.618656575679779 -0.7838261127471924 0.05367133393883705 14.01528549194336 0.0 0.0 0.0 1.0
0.7084820866584778 0.6107343435287476 0.3536336123943329 -1.861355185508728 -0.31097856163978577 -0.17964893579483032 0.9332837462425232 2.4693915843963623 0.6335183382034302 -0.7711873054504395 0.06264723837375641 14.016122817993164 0.0 0.0 0.0 1.0
0.6795403957366943 0.6307920813560486 0.3746013939380646 -1.860164999961853 -0.3289795517921448 -0.19438928365707397 0.9241132140159607 2.5320661067962646 0.655741810798645 -0.751208484172821 0.07542230933904648 14.086238861083984 0.0 0.0 0.0 1.0
0.6590827703475952 0.6439974308013916 0.3884291350841522 -1.798738718032837 -0.3399924039840698 -0.20555080473423004 0.9176895022392273 2.492058277130127 0.6708316206932068 -0.7368963360786438 0.08347924798727036 14.193625450134277 0.0 0.0 0.0 1.0
0.63721764087677 0.6567090153694153 0.4033447206020355 -1.6987937688827515 -0.35237252712249756 -0.2171894907951355 0.9103088974952698 2.4453177452087402 0.6854103207588196 -0.7221925258636475 0.09300923347473145 14.321832656860352 0.0 0.0 0.0 1.0
0.6028907895088196 0.6753811836242676 0.424715131521225 -1.540629267692566 -0.3693893849849701 -0.2355499118566513 0.8989259004592896 2.312358856201172 0.7071592211723328 -0.6988393664360046 0.10746776312589645 14.465007781982422 0.0 0.0 0.0 1.0
0.5793944597244263 0.6870646476745605 0.43845662474632263 -1.4808850288391113 -0.3795848786830902 -0.24858564138412476 0.8911343812942505 2.185136079788208 0.7212609648704529 -0.68274986743927 0.1167701855301857 14.506051063537598 0.0 0.0 0.0 1.0
0.543603241443634 0.7024261355400085 0.4594486355781555 -1.3685824871063232 -0.3936711847782135 -0.27007582783699036 0.878682017326355 2.038034439086914 0.7412951588630676 -0.6585260629653931 0.129710853099823 14.543176651000977 0.0 0.0 0.0 1.0
0.5197768807411194 0.7116857767105103 0.4725837707519531 -1.2805333137512207 -0.40266087651252747 -0.2837909758090973 0.8702452778816223 1.9888862371444702 0.753456175327301 -0.6426243782043457 0.13906003534793854 14.539661407470703 0.0 0.0 0.0 1.0
0.4838551878929138 0.723395586013794 0.4925270974636078 -1.0933630466461182 -0.4150121212005615 -0.30582088232040405 0.8568772077560425 1.8989918231964111 0.7704862952232361 -0.6190091967582703 0.1522449254989624 14.709512710571289 0.0 0.0 0.0 1.0
0.4596154987812042 0.730347216129303 0.505318284034729 -0.9231919646263123 -0.4230864644050598 -0.3202072083950043 0.8476232290267944 1.7802473306655884 0.7808658480644226 -0.6033741235733032 0.16182781755924225 14.829907417297363 0.0 0.0 0.0 1.0
0.4361884295940399 0.7357052564620972 0.5181481242179871 -0.7782222628593445 -0.43025392293930054 -0.33521485328674316 0.8381602168083191 1.6312438249588013 0.7903298139572144 -0.5885310173034668 0.1703232228755951 15.021836280822754 0.0 0.0 0.0 1.0
0.4003787338733673 0.7433969974517822 0.5357776880264282 -0.7335286736488342 -0.44020697474479675 -0.356765478849411 0.8239758610725403 1.5024068355560303 0.8036881685256958 -0.5657554864883423 0.18440723419189453 15.367250442504883 0.0 0.0 0.0 1.0
0.3762221336364746 0.7478600144386292 0.5469573140144348 -0.7736799716949463 -0.44663602113723755 -0.3708261251449585 0.8142507076263428 1.4851900339126587 0.8117716312408447 -0.5506299734115601 0.19450822472572327 15.58682918548584 0.0 0.0 0.0 1.0
0.3404170572757721 0.7535451650619507 0.5623930096626282 -0.7999728322029114 -0.45537644624710083 -0.39116811752319336 0.7997623085975647 1.4635627269744873 0.8226472735404968 -0.5283532738685608 0.20998641848564148 15.830650329589844 0.0 0.0 0.0 1.0
0.31688567996025085 0.7563584446907043 0.5722808837890625 -0.8086894750595093 -0.4604471027851105 -0.4048267900943756 0.7900023460388184 1.4021596908569336 0.8291995525360107 -0.5138455033302307 0.21997922658920288 15.97937297821045 0.0 0.0 0.0 1.0
0.28194817900657654 0.7595511674880981 0.5861631631851196 -0.8229277729988098 -0.46698999404907227 -0.42504963278770447 0.7754051685333252 1.3444476127624512 0.8381083607673645 -0.49235638976097107 0.23486082255840302 16.141582489013672 0.0 0.0 0.0 1.0
0.25902560353279114 0.761766254901886 0.5938163995742798 -0.8677003979682922 -0.4709532558917999 -0.4371524751186371 0.7662249803543091 1.3209199905395508 0.8432726263999939 -0.47813165187835693 0.2455226182937622 16.168947219848633 0.0 0.0 0.0 1.0
0.23624484241008759 0.7635654211044312 0.6009626984596252 -0.9272459745407104 -0.4746653139591217 -0.44897112250328064 0.7570453882217407 1.335343837738037 0.8478686213493347 -0.46410423517227173 0.2563709318637848 16.170385360717773 0.0 0.0 0.0 1.0
0.2014743983745575 0.7657984495162964 0.6107051372528076 -0.9531734585762024 -0.48042044043540955 -0.4660833775997162 0.7429417967796326 1.396328330039978 0.8535832166671753 -0.4430789649486542 0.2740013599395752 16.01970100402832 0.0 0.0 0.0 1.0
0.17803122103214264 0.7674219608306885 0.6159289479255676 -0.8289721608161926 -0.48426225781440735 -0.47655820846557617 0.7337453961372375 1.4117310047149658 0.856618344783783 -0.42890071868896484 0.28679123520851135 15.84125804901123 0.0 0.0 0.0 1.0
0.14302583038806915 0.7689862847328186 0.6230599284172058 -0.5094209313392639 -0.49011653661727905 -0.49189040064811707 0.7196037769317627 1.4490885734558105 0.8598426580429077 -0.4082939028739929 0.3065398633480072 15.576900482177734 0.0 0.0 0.0 1.0
0.11874496936798096 0.7701184749603271 0.6267512440681458 -0.31318408250808716 -0.49490585923194885 -0.5013149976730347 0.7097545266151428 1.510143518447876 0.8607949018478394 -0.3944626450538635 0.3216075003147125 15.334526062011719 0.0 0.0 0.0 1.0
0.08234754204750061 0.7706969976425171 0.6318583488464355 -0.044706791639328 -0.502471387386322 -0.5154231190681458 0.6941624879837036 1.6094768047332764 0.8606633543968201 -0.37465330958366394 0.344809353351593 15.177074432373047 0.0 0.0 0.0 1.0
0.05731452256441116 0.7706583738327026 0.634665846824646 0.10346990078687668 -0.5072816610336304 -0.5250497460365295 0.6833652257919312 1.6562421321868896 0.8598722815513611 -0.36112111806869507 0.3608478605747223 15.115726470947266 0.0 0.0 0.0 1.0
0.0321141816675663 0.7705196738243103 0.636606752872467 0.2412903755903244 -0.5123627185821533 -0.5341885685920715 0.6724039316177368 1.6734486818313599 0.8581684827804565 -0.34776726365089417 0.3776305019855499 15.068814277648926 0.0 0.0 0.0 1.0
-0.006002039648592472 0.7679483890533447 0.6404836177825928 0.24073810875415802 -0.5203507542610168 -0.5493474006652832 0.653798520565033 1.7100847959518433 0.8539315462112427 -0.3293520510196686 0.40289974212646484 14.99092960357666 0.0 0.0 0.0 1.0
-0.03140394762158394 0.7666183710098267 0.641334593296051 0.05679460987448692 -0.5250962376594543 -0.5586240291595459 0.6420382857322693 1.718788743019104 0.8504632711410522 -0.31659984588623047 0.4200914204120636 14.841043472290039 0.0 0.0 0.0 1.0
-0.07071729749441147 0.7624301314353943 0.6431946158409119 -0.3705151081085205 -0.5318644642829895 -0.5743223428726196 0.6223134398460388 1.6764863729476929 0.8438715934753418 -0.298084020614624 0.44612401723861694 14.653156280517578 0.0 0.0 0.0 1.0
-0.09716249257326126 0.7596606016159058 0.6430203914642334 -0.6653304696083069 -0.5349558591842651 -0.584675669670105 0.6098988652229309 1.602880597114563 0.8392744660377502 -0.2847282290458679 0.46319344639778137 14.409786224365234 0.0 0.0 0.0 1.0
-0.12419233471155167 0.755534291267395 0.6432294845581055 -0.9056166410446167 -0.5371055603027344 -0.5962547063827515 0.5966556072235107 1.531521201133728 0.8343223929405212 -0.27138206362724304 0.47985193133354187 14.274837493896484 0.0 0.0 0.0 1.0
-0.16549409925937653 0.748062252998352 0.6426621079444885 -1.1310733556747437 -0.5380350947380066 -0.614612877368927 0.576861560344696 1.4222438335418701 0.8265167474746704 -0.250307559967041 0.5041985511779785 14.112218856811523 0.0 0.0 0.0 1.0
-0.1930638700723648 0.7426365613937378 0.6412622332572937 -1.1635349988937378 -0.5373474359512329 -0.6268624067306519 0.564181923866272 1.3560442924499512 0.8209653496742249 -0.2356574535369873 0.5200783610343933 14.040684700012207 0.0 0.0 0.0 1.0
-0.23429881036281586 0.7325171828269958 0.639157772064209 -1.197319507598877 -0.5330106616020203 -0.6466255187988281 0.545687735080719 1.296105146408081 0.8130213618278503 -0.21282389760017395 0.5419430732727051 13.93653392791748 0.0 0.0 0.0 1.0
-0.26183149218559265 0.7254317998886108 0.6365476846694946 -1.1887142658233643 -0.5288722515106201 -0.6595579385757446 0.5341137647628784 1.2969263792037964 0.8073031902313232 -0.19680458307266235 0.5563538074493408 13.909576416015625 0.0 0.0 0.0 1.0
-0.30271539092063904 0.7132386565208435 0.6321819424629211 -1.1381564140319824 -0.5210395455360413 -0.6792529821395874 0.5168492794036865 1.210982322692871 0.7980483770370483 -0.17293354868888855 0.5772458910942078 13.943976402282715 0.0 0.0 0.0 1.0
-0.32913509011268616 0.7042143940925598 0.6290883421897888 -1.0977917909622192 -0.5146745443344116 -0.6923389434814453 0.5057439208030701 1.103302240371704 0.7916945219039917 -0.15731771290302277 0.5903142690658569 13.995924949645996 0.0 0.0 0.0 1.0
-0.3554069399833679 0.6946788430213928 0.6253856420516968 -1.0761111974716187 -0.5081076622009277 -0.7051646113395691 0.4945395886898041 0.9808046221733093 0.7845460176467896 -0.14200043678283691 0.6035920977592468 14.10545825958252 0.0 0.0 0.0 1.0
-0.39374563097953796 0.6795102953910828 0.6190558075904846 -1.0911593437194824 -0.497417151927948 -0.7238421440124512 0.4781513810157776 0.8807944059371948 0.7730075120925903 -0.11965896934270859 0.6230097413063049 14.187028884887695 0.0 0.0 0.0 1.0
-0.4189705550670624 0.6686681509017944 0.614285409450531 -1.0922915935516357 -0.48980462551116943 -0.7360896468162537 0.46718671917915344 0.8692333102226257 0.7645620107650757 -0.10514236986637115 0.6359166502952576 14.206870079040527 0.0 0.0 0.0 1.0
-0.45604464411735535 0.6517385244369507 0.606019914150238 -1.0708457231521606 -0.47782501578330994 -0.7537937164306641 0.4510856568813324 0.9642421007156372 0.7508039474487305 -0.08385629951953888 0.6551805734634399 14.31219482421875 0.0 0.0 0.0 1.0
-0.48028796911239624 0.6386741995811462 0.601181149482727 -1.0928380489349365 -0.46953484416007996 -0.7661464214324951 0.43881282210350037 1.0136831998825073 0.7408512234687805 -0.07151895016431808 0.6678506731987 14.497634887695312 0.0 0.0 0.0 1.0
-0.5163058042526245 0.61943519115448 0.591378390789032 -1.3112547397613525 -0.4544697403907776 -0.7834585905075073 0.42385125160217285 1.1035335063934326 0.725868821144104 -0.04992672801017761 0.6860187649726868 14.352498054504395 0.0 0.0 0.0 1.0
-0.5408960580825806 0.6058645248413086 0.583403468132019 -1.432280421257019 -0.44412410259246826 -0.7947807312011719 0.41361501812934875 1.1606049537658691 0.7142724990844727 -0.03538079932332039 0.6989728212356567 14.27988052368164 0.0 0.0 0.0 1.0
