-0.9958435893058777 0.0469367578625679 0.07805473357439041 -0.20527854561805725 -0.04405730590224266 -0.998297929763794 0.038212694227695465 3.8481884002685547 0.07971546053886414 0.034614983946084976 0.9962164759635925 14.766609191894531 0.0 0.0 0.0 1.0
-0.9958558082580566 0.04697220399975777 0.07787711173295975 -0.2070530354976654 -0.044083863496780396 -0.9982894659042358 0.038402605801820755 3.849597454071045 0.07954775542020798 0.03481033444404602 0.9962230920791626 14.761762619018555 0.0 0.0 0.0 1.0
-0.9959084391593933 0.04731440916657448 0.07699210941791534 -0.21591508388519287 -0.04445190355181694 -0.9982702136039734 0.03847851604223251 3.8502004146575928 0.07867952436208725 0.034898631274700165 0.9962888956069946 14.753242492675781 0.0 0.0 0.0 1.0
-0.9962193369865417 0.04777337238192558 0.07255855202674866 -0.2772310674190521 -0.04511846974492073 -0.9982662796974182 0.03779919445514679 3.8344507217407227 0.07423854619264603 0.03438255563378334 0.9966475963592529 14.701743125915527 0.0 0.0 0.0 1.0
-0.9965341091156006 0.04933379963040352 0.06697722524404526 -0.3538791239261627 -0.046945199370384216 -0.9982200860977173 0.036781102418899536 3.8191683292388916 0.0686725601553917 0.03350936248898506 0.9970763325691223 14.670548439025879 0.0 0.0 0.0 1.0
-0.996971070766449 0.050719790160655975 0.058958858251571655 -0.4671260118484497 -0.04876016080379486 -0.9982243180274963 0.03421470522880554 3.766951084136963 0.06058952957391739 0.031236227601766586 0.9976738691329956 14.635856628417969 0.0 0.0 0.0 1.0
-0.9975777268409729 0.05058972164988518 0.04774316027760506 -0.5640507340431213 -0.049167901277542114 -0.9983247518539429 0.030500046908855438 3.7033133506774902 0.049206167459487915 0.028078734874725342 0.9983938932418823 14.581483840942383 0.0 0.0 0.0 1.0
-0.9982129335403442 0.04652144014835358 0.037505898624658585 -0.5849006772041321 -0.04560708999633789 -0.9986496567726135 0.024876998737454414 3.6042821407318115 0.03861256688833237 0.02312200702726841 0.9989867210388184 14.571682929992676 0.0 0.0 0.0 1.0
-0.998803436756134 0.039814017713069916 0.028400465846061707 -0.5471949577331543 -0.039239704608917236 -0.9990195035934448 0.02050076052546501 3.4955508708953857 0.029188835993409157 0.01936180330812931 0.9993863701820374 14.521002769470215 0.0 0.0 0.0 1.0
-0.999361515045166 0.03045428730547428 0.018684588372707367 -0.4634827673435211 -0.030157841742038727 -0.9994179010391235 0.01594754122197628 3.3547146320343018 0.019159384071826935 0.01537387166172266 0.9996982216835022 14.469649314880371 0.0 0.0 0.0 1.0
-0.9998846054077148 0.014760003425180912 0.0036023894790560007 -0.3335891366004944 -0.014722278341650963 -0.9998387694358826 0.010283224284648895 3.1472434997558594 0.0037535890005528927 0.010229002684354782 0.9999406337738037 14.425724983215332 0.0 0.0 0.0 1.0
-0.9999229907989502 0.00023111730115488172 -0.01240704208612442 -0.27724960446357727 -0.000308812886942178 -0.9999803304672241 0.006260666064918041 3.009000301361084 -0.012405351735651493 0.006264015566557646 0.9999034404754639 14.380622863769531 0.0 0.0 0.0 1.0
-0.9993939399719238 -0.01306256465613842 -0.032266467809677124 -0.2912116050720215 0.012937242165207863 -0.9999079704284668 0.004089721012860537 2.9284331798553467 -0.032316919416189194 0.0036698030307888985 0.9994709491729736 14.286864280700684 0.0 0.0 0.0 1.0
-0.9976896643638611 -0.02917706035077572 -0.06135183945298195 -0.41251957416534424 0.029234422370791435 -0.9995725750923157 -3.7328478356357664e-05 2.8154218196868896 -0.061324529349803925 -0.0018308277940377593 0.9981161952018738 14.154607772827148 0.0 0.0 0.0 1.0
-0.9955286383628845 -0.04169828072190285 -0.08475811034440994 -0.5153139233589172 0.04188215732574463 -0.9991225004196167 -0.0003916551358997822 2.73531436920166 -0.08466740697622299 -0.003939756657928228 0.9964014887809753 13.985998153686523 0.0 0.0 0.0 1.0
-0.9929080009460449 -0.05360816791653633 -0.10611262917518616 -0.5715533494949341 0.05397604778409004 -0.998542070388794 -0.0005959659465588629 2.6487534046173096 -0.10592596977949142 -0.006319279782474041 0.9943539500236511 13.795748710632324 0.0 0.0 0.0 1.0
-0.9900181293487549 -0.06570560485124588 -0.1246873214840889 -0.5465845465660095 0.06615482270717621 -0.9978092312812805 0.0005388500867411494 2.522292137145996 -0.12444956600666046 -0.007715196348726749 0.9921959638595581 13.626641273498535 0.0 0.0 0.0 1.0
-0.9861198663711548 -0.08282485604286194 -0.14390134811401367 -0.4620676636695862 0.0831720381975174 -0.996528685092926 0.0036117976997047663 2.3788564205169678 -0.1437009572982788 -0.00840690266340971 0.9895854592323303 13.486562728881836 0.0 0.0 0.0 1.0
-0.9829548001289368 -0.09652361273765564 -0.1564706265926361 -0.3738507926464081 0.096462182700634 -0.9953044652938843 0.008004168048501015 2.338656425476074 -0.15650850534439087 -0.007225762587040663 0.9876501560211182 13.369661331176758 0.0 0.0 0.0 1.0
-0.9788671135902405 -0.11232981830835342 -0.1708834320306778 -0.36604833602905273 0.11130401492118835 -0.9936639070510864 0.015602725557982922 2.338649272918701 -0.1715533435344696 -0.003747016889974475 0.9851676821708679 13.228670120239258 0.0 0.0 0.0 1.0
-0.9719855189323425 -0.132914200425148 -0.19385041296482086 -0.37049993872642517 0.13027352094650269 -0.9911274909973145 0.026365406811237335 2.360278367996216 -0.19563481211662292 0.0003732180339284241 0.9806767702102661 13.051068305969238 0.0 0.0 0.0 1.0
-0.9651007652282715 -0.1503414809703827 -0.21442462503910065 -0.38043728470802307 0.1458437740802765 -0.9886252880096436 0.03673761337995529 2.3844475746154785 -0.21750879287719727 0.004183003678917885 0.9760494232177734 12.923407554626465 0.0 0.0 0.0 1.0
-0.9571836590766907 -0.1679375022649765 -0.23578885197639465 -0.28740495443344116 0.1614207923412323 -0.9857745170593262 0.04681796208024025 2.402397632598877 -0.2402971386909485 0.006752165500074625 0.9706758856773376 12.839611053466797 0.0 0.0 0.0 1.0
-0.9470439553260803 -0.1893637627363205 -0.2593243420124054 -0.09797696024179459 0.1798386424779892 -0.9818521738052368 0.060203034430742264 2.4290390014648438 -0.26601845026016235 0.010378377512097359 0.9639120697975159 12.74375057220459 0.0 0.0 0.0 1.0
-0.9393553733825684 -0.20468279719352722 -0.27516624331474304 0.04103119298815727 0.19254587590694427 -0.9787358641624451 0.07072596997022629 2.4856486320495605 -0.2837914526462555 0.013454697094857693 0.9587916135787964 12.639887809753418 0.0 0.0 0.0 1.0
-0.9316191673278809 -0.21871313452720642 -0.2902590036392212 0.13634805381298065 0.2043071985244751 -0.9756784439086914 0.07943660765886307 2.5411808490753174 -0.3005732595920563 0.014702667482197285 0.9536454081535339 12.514951705932617 0.0 0.0 0.0 1.0
-0.9230976104736328 -0.23293693363666534 -0.305992066860199 0.20974695682525635 0.21596623957157135 -0.9723635911941528 0.08869988471269608 2.5841190814971924 -0.31819701194763184 0.015794694423675537 0.9478930234909058 12.330936431884766 0.0 0.0 0.0 1.0
-0.9109964370727539 -0.24923424422740936 -0.32858458161354065 0.2404564917087555 0.2293461114168167 -0.9683347940444946 0.09863124042749405 2.5582427978515625 -0.34276217222213745 0.014493108727037907 0.9393104314804077 12.087138175964355 0.0 0.0 0.0 1.0
-0.8994119763374329 -0.2611343264579773 -0.35052379965782166 0.17575174570083618 0.23869070410728455 -0.9652250409126282 0.10661786049604416 2.4492807388305664 -0.36617591977119446 0.012226609513163567 0.9304653406143188 11.899626731872559 0.0 0.0 0.0 1.0
-0.886292040348053 -0.27301454544067383 -0.3740982115268707 0.1022833064198494 0.2483171671628952 -0.9619773030281067 0.1137462928891182 2.287449836730957 -0.39092838764190674 0.007917427457869053 0.9203870296478271 11.747879981994629 0.0 0.0 0.0 1.0
-0.8672054409980774 -0.28579825162887573 -0.4077671766281128 -0.035124365240335464 0.2595043480396271 -0.95828777551651 0.1197580099105835 2.1050195693969727 -0.42498496174812317 -0.0019625681452453136 0.9051982760429382 11.631333351135254 0.0 0.0 0.0 1.0
-0.8496836423873901 -0.2965102195739746 -0.43602681159973145 -0.16013801097869873 0.26961010694503784 -0.9549518823623657 0.12400540709495544 1.9786447286605835 -0.45315349102020264 -0.01219186931848526 0.8913491368293762 11.548222541809082 0.0 0.0 0.0 1.0
-0.8311727046966553 -0.30824288725852966 -0.46275079250335693 -0.2249412089586258 0.2809125483036041 -0.9510337114334106 0.12893016636371613 1.8827732801437378 -0.4798334240913391 -0.022829273715615273 0.8770625591278076 11.451803207397461 0.0 0.0 0.0 1.0
-0.811036229133606 -0.32110342383384705 -0.4889916777610779 -0.21449485421180725 0.29315894842147827 -0.9464462995529175 0.13526737689971924 1.8000588417053223 -0.5062391757965088 -0.033645547926425934 0.861736536026001 11.389681816101074 0.0 0.0 0.0 1.0
-0.7843889594078064 -0.3388650417327881 -0.5195232629776001 -0.10460653901100159 0.3103399872779846 -0.939608097076416 0.14431126415729523 1.697327971458435 -0.5370503067970276 -0.04803267866373062 0.8421816229820251 11.38185977935791 0.0 0.0 0.0 1.0
-0.7633982300758362 -0.353656530380249 -0.5405091643333435 0.0030634587164968252 0.32376378774642944 -0.9335904717445374 0.1535767912864685 1.6510652303695679 -0.5589276552200317 -0.05775706097483635 0.8272024989128113 11.371735572814941 0.0 0.0 0.0 1.0
-0.7417555451393127 -0.36642637848854065 -0.5617209672927856 0.08971446007490158 0.3355679512023926 -0.9279457926750183 0.16220584511756897 1.6287301778793335 -0.5806831121444702 -0.06817848980426788 0.8112698793411255 11.340031623840332 0.0 0.0 0.0 1.0
-0.7129291892051697 -0.3817858099937439 -0.5881934762001038 0.14060863852500916 0.34920573234558105 -0.9206850528717041 0.17433978617191315 1.5965979099273682 -0.6081014275550842 -0.08110862225294113 0.7897050380706787 11.254633903503418 0.0 0.0 0.0 1.0
-0.6883608102798462 -0.3918840289115906 -0.6103984713554382 0.15680350363254547 0.3582894802093506 -0.9153733849525452 0.18363049626350403 1.5624759197235107 -0.630704402923584 -0.09229530394077301 0.7705151438713074 11.142191886901855 0.0 0.0 0.0 1.0
-0.6624979376792908 -0.40095019340515137 -0.6327206492424011 0.13441361486911774 0.36628684401512146 -0.910209596157074 0.19326764345169067 1.4918371438980103 -0.6533991098403931 -0.1037178486585617 0.7498747706413269 11.044583320617676 0.0 0.0 0.0 1.0
-0.6271445155143738 -0.4133259057998657 -0.6601904630661011 0.09141629189252853 0.37926429510116577 -0.9023691415786743 0.20466676354408264 1.3436329364776611 -0.6803296208381653 -0.12203103303909302 0.722675621509552 11.022984504699707 0.0 0.0 0.0 1.0
-0.5972235202789307 -0.42570996284484863 -0.6797757744789124 0.08820280432701111 0.39253491163253784 -0.8942207098007202 0.2151409238576889 1.2671376466751099 -0.6994572281837463 -0.1383485198020935 0.7011556625366211 11.014056205749512 0.0 0.0 0.0 1.0
-0.5648421049118042 -0.44005659222602844 -0.698071300983429 0.11597483605146408 0.40859273076057434 -0.884109377861023 0.22672146558761597 1.2512286901474 -0.7169416546821594 -0.1571650356054306 0.6791861057281494 11.017049789428711 0.0 0.0 0.0 1.0
-0.5313640236854553 -0.4547218084335327 -0.7147589325904846 0.1735929548740387 0.4236947298049927 -0.8732710480690002 0.24058355391025543 1.2715892791748047 -0.7335768938064575 -0.17500214278697968 0.6566880941390991 11.048418998718262 0.0 0.0 0.0 1.0
-0.48717430233955383 -0.4711359441280365 -0.7353177070617676 0.22625967860221863 0.44001272320747375 -0.8597316145896912 0.2593267560005188 1.3221709728240967 -0.7543540000915527 -0.19721181690692902 0.6261449456214905 11.168127059936523 0.0 0.0 0.0 1.0
-0.45057007670402527 -0.48414841294288635 -0.7500579357147217 0.23715172708034515 0.4502488970756531 -0.8487299680709839 0.2773686647415161 1.3909780979156494 -0.7708842754364014 -0.2127387523651123 0.6003996133804321 11.254096031188965 0.0 0.0 0.0 1.0
-0.4142301380634308 -0.4939608573913574 -0.7644711136817932 0.21750052273273468 0.4575941264629364 -0.8390734195709229 0.29421666264533997 1.4316215515136719 -0.7867788672447205 -0.22794407606124878 0.573603093624115 11.303616523742676 0.0 0.0 0.0 1.0
-0.3725166916847229 -0.503280758857727 -0.7797049283981323 0.20288363099098206 0.4641602635383606 -0.828579306602478 0.3130679428577423 1.488326907157898 -0.8036084771156311 -0.2452850192785263 0.5422625541687012 11.3116455078125 0.0 0.0 0.0 1.0
-0.34416043758392334 -0.5101406574249268 -0.7882322669029236 0.2858068645000458 0.46794983744621277 -0.8210161328315735 0.32704052329063416 1.5378276109695435 -0.8139880299568176 -0.2562987208366394 0.5212815403938293 11.255982398986816 0.0 0.0 0.0 1.0
-0.31816956400871277 -0.5179678201675415 -0.7940261363983154 0.3876846134662628 0.472761332988739 -0.8126665949821472 0.34069010615348816 1.5749784708023071 -0.8217450380325317 -0.2669876217842102 0.5034409165382385 11.210456848144531 0.0 0.0 0.0 1.0
-0.2825484275817871 -0.5310900211334229 -0.7988177537918091 0.5346724390983582 0.4812452495098114 -0.7988497018814087 0.36089083552360535 1.6561388969421387 -0.8298008441925049 -0.2824581265449524 0.4812982678413391 11.169316291809082 0.0 0.0 0.0 1.0
-0.2486848533153534 -0.5447748899459839 -0.8008596301078796 0.5994970798492432 0.4880926311016083 -0.7846618294715881 0.38219282031059265 1.7728456258773804 -0.8366130590438843 -0.29584813117980957 0.4610341191291809 11.086260795593262 0.0 0.0 0.0 1.0
-0.20666569471359253 -0.5583724975585938 -0.8034360408782959 0.5089687705039978 0.49345529079437256 -0.768561065196991 0.40720486640930176 1.865216612815857 -0.844861626625061 -0.31230446696281433 0.4343670606613159 11.026220321655273 0.0 0.0 0.0 1.0
-0.16020241379737854 -0.5702387094497681 -0.8057065010070801 0.3712020516395569 0.4946575462818146 -0.7527381181716919 0.4343952238559723 1.9321421384811401 -0.8541949987411499 -0.3289576470851898 0.40266335010528564 10.943936347961426 0.0 0.0 0.0 1.0
-0.1001041904091835 -0.5793550610542297 -0.8089047074317932 0.19741208851337433 0.491783082485199 -0.7355496883392334 0.4659571051597595 1.9701558351516724 -0.8649442791938782 -0.351161390542984 0.3585486114025116 10.981607437133789 0.0 0.0 0.0 1.0
-0.05464603006839752 -0.5825762152671814 -0.8109369874000549 0.15737013518810272 0.48952025175094604 -0.7234851717948914 0.48676395416259766 1.995972990989685 -0.8702779412269592 -0.37037035822868347 0.3247184455394745 11.09095287322998 0.0 0.0 0.0 1.0
-0.015269788913428783 -0.5830579996109009 -0.8122870326042175 0.17773553729057312 0.4874919056892395 -0.7136282920837402 0.5030768513679504 2.0202138423919678 -0.8729939460754395 -0.3883014917373657 0.29513299465179443 11.157752990722656 0.0 0.0 0.0 1.0
0.02473244071006775 -0.5827105641365051 -0.812303364276886 0.26881781220436096 0.48855432868003845 -0.7018654346466064 0.5183624029159546 2.06058931350708 -0.8721828460693359 -0.4096747040748596 0.2673269212245941 11.115806579589844 0.0 0.0 0.0 1.0
0.05190841108560562 -0.5810735821723938 -0.8121939301490784 0.3766007721424103 0.4903271794319153 -0.6936811804771423 0.527622640132904 2.0616812705993652 -0.8699912428855896 -0.4256288409233093 0.24890828132629395 11.032671928405762 0.0 0.0 0.0 1.0
0.0803171917796135 -0.5784054398536682 -0.811785876750946 0.4638502597808838 0.4920887351036072 -0.6852419972419739 0.5369283556938171 2.006462335586548 -0.8668320775032043 -0.4425952732563019 0.22959008812904358 10.946078300476074 0.0 0.0 0.0 1.0
0.11341434717178345 -0.5725130438804626 -0.8120135068893433 0.4886696934700012 0.491675466299057 -0.6778549551963806 0.5465966463088989 1.8927698135375977 -0.863361120223999 -0.4612390398979187 0.2046121507883072 10.922873497009277 0.0 0.0 0.0 1.0
0.15951845049858093 -0.5648125410079956 -0.8096546530723572 0.43601858615875244 0.4878259003162384 -0.6679237484931946 0.5620531439781189 1.7401703596115112 -0.8582422733306885 -0.4846283495426178 0.16898401081562042 10.9002046585083 0.0 0.0 0.0 1.0
0.19982488453388214 -0.5558138489723206 -0.8069331049919128 0.299796998500824 0.48125723004341125 -0.6616871356964111 0.5749448537826538 1.6358460187911987 -0.8534995317459106 -0.5032306909561157 0.13526786863803864 10.908759117126465 0.0 0.0 0.0 1.0
0.2393040657043457 -0.5464887619018555 -0.8025481700897217 0.20449282228946686 0.47206807136535645 -0.6568078994750977 0.5880094766616821 1.5900119543075562 -0.8484605550765991 -0.5195704698562622 0.10080309212207794 10.919174194335938 0.0 0.0 0.0 1.0
0.2856391668319702 -0.5366823673248291 -0.7939661741256714 0.18331469595432281 0.4593903720378876 -0.6504114270210266 0.6049177646636963 1.6035778522491455 -0.8410533666610718 -0.5375286340713501 0.06076376140117645 10.99385929107666 0.0 0.0 0.0 1.0
0.3178982138633728 -0.5306506752967834 -0.7857165932655334 0.2721129059791565 0.4511358141899109 -0.6442236304283142 0.6176183223724365 1.6408240795135498 -0.8339167833328247 -0.5508046746253967 0.03459798917174339 11.069232940673828 0.0 0.0 0.0 1.0
0.3452967405319214 -0.5267163515090942 -0.7767496705055237 0.37948137521743774 0.4430098235607147 -0.6381621956825256 0.629675567150116 1.6926711797714233 -0.8273527026176453 -0.5615326762199402 0.012985204346477985 11.109317779541016 0.0 0.0 0.0 1.0
0.37784621119499207 -0.5230296850204468 -0.7639844417572021 0.4093354344367981 0.4329034686088562 -0.629601776599884 0.6451326608657837 1.7094069719314575 -0.8184294700622559 -0.5744924545288086 -0.011471280828118324 11.05887508392334 0.0 0.0 0.0 1.0
0.4070049226284027 -0.5182716846466064 -0.7521578669548035 0.42045244574546814 0.4230746328830719 -0.6228329539299011 0.6580933928489685 1.7110103368759155 -0.8095399141311646 -0.5860661864280701 -0.03422848880290985 10.98608684539795 0.0 0.0 0.0 1.0
0.4394707679748535 -0.5132817029953003 -0.7371616959571838 0.4328301250934601 0.41113293170928955 -0.6147132515907288 0.6731250286102295 1.720702886581421 -0.7986458539962769 -0.5988902449607849 -0.059121519327163696 10.87961483001709 0.0 0.0 0.0 1.0
0.4747423529624939 -0.5066935420036316 -0.7196397185325623 0.4416676163673401 0.39951756596565247 -0.6044958233833313 0.6891810297966003 1.692270040512085 -0.7842227816581726 -0.6146921515464783 -0.08454682677984238 10.71565055847168 0.0 0.0 0.0 1.0
0.5207564234733582 -0.4959212839603424 -0.6948919296264648 0.517457127571106 0.38525161147117615 -0.5898645520210266 0.7096767425537109 1.5498847961425781 -0.7618358731269836 -0.6372769474983215 -0.11612127721309662 10.560157775878906 0.0 0.0 0.0 1.0
0.560780942440033 -0.4862231910228729 -0.6701579689979553 0.5630336999893188 0.3751599192619324 -0.572328507900238 0.7291742563247681 1.4259473085403442 -0.7380919456481934 -0.660323441028595 -0.13853946328163147 10.512316703796387 0.0 0.0 0.0 1.0
0.6033985614776611 -0.47316235303878784 -0.641893744468689 0.4451879858970642 0.3638761639595032 -0.5528871417045593 0.7496065497398376 1.3906174898147583 -0.7095803618431091 -0.6858813166618347 -0.16143879294395447 10.587299346923828 0.0 0.0 0.0 1.0
0.6526525616645813 -0.453307181596756 -0.6070891618728638 0.17392422258853912 0.3486435115337372 -0.5317131876945496 0.771834671497345 1.3869309425354004 -0.6726755499839783 -0.7153975367546082 -0.18898136913776398 10.773984909057617 0.0 0.0 0.0 1.0
0.687640905380249 -0.43541350960731506 -0.5810034871101379 -0.07314330339431763 0.33635419607162476 -0.5181334614753723 0.7863863706588745 1.4560575485229492 -0.6434406042098999 -0.7361744046211243 -0.20983661711215973 10.973467826843262 0.0 0.0 0.0 1.0
0.7188364863395691 -0.4150339961051941 -0.5576924681663513 -0.25548532605171204 0.32377949357032776 -0.5100249648094177 0.7968948483467102 1.54889976978302 -0.6151754856109619 -0.7534064650535583 -0.2322450578212738 11.240317344665527 0.0 0.0 0.0 1.0
0.744815468788147 -0.3955966830253601 -0.5373576283454895 -0.34158855676651 0.31366342306137085 -0.5032192468643188 0.8052239418029785 1.6226351261138916 -0.5889526009559631 -0.7682926654815674 -0.250721275806427 11.495633125305176 0.0 0.0 0.0 1.0
0.7711922526359558 -0.3741346001625061 -0.5150589942932129 -0.4142208397388458 0.3016795516014099 -0.49767544865608215 0.813208818435669 1.6633983850479126 -0.5605817437171936 -0.7825231552124023 -0.27093470096588135 11.737181663513184 0.0 0.0 0.0 1.0
0.7877019643783569 -0.3589935302734375 -0.5006487965583801 -0.39768463373184204 0.29467374086380005 -0.4941135346889496 0.8179359436035156 1.7025772333145142 -0.5410110354423523 -0.791817843914032 -0.28342825174331665 11.775125503540039 0.0 0.0 0.0 1.0
0.8034365773200989 -0.3432465195655823 -0.4864889681339264 -0.34735235571861267 0.28839531540870667 -0.4904811382293701 0.8223481178283691 1.7190474271774292 -0.5208817720413208 -0.8010056614875793 -0.2950797975063324 11.765175819396973 0.0 0.0 0.0 1.0
0.8254294991493225 -0.3197808265686035 -0.4651950001716614 -0.2730410099029541 0.27773183584213257 -0.4873902499675751 0.8278380036354065 1.657671332359314 -0.4914582371711731 -0.8125213384628296 -0.31349295377731323 11.734728813171387 0.0 0.0 0.0 1.0
0.8448632955551147 -0.299159973859787 -0.44351926445961 -0.20128551125526428 0.26605331897735596 -0.48429521918296814 0.8334709405899048 1.5710499286651611 -0.46413540840148926 -0.82216876745224 -0.3295707404613495 11.70322036743164 0.0 0.0 0.0 1.0
0.8644106388092041 -0.279764324426651 -0.4177633225917816 -0.15080174803733826 0.25149431824684143 -0.478892982006073 0.8410779237747192 1.522539734840393 -0.43536752462387085 -0.8321018218994141 -0.3436010479927063 11.651942253112793 0.0 0.0 0.0 1.0
0.8886668682098389 -0.2585826814174652 -0.37869009375572205 -0.2640897333621979 0.22654001414775848 -0.4704452157020569 0.8528546094894409 1.5028862953186035 -0.39868634939193726 -0.8436920642852783 -0.3594897389411926 11.55666446685791 0.0 0.0 0.0 1.0
0.907008945941925 -0.2424669712781906 -0.3443029820919037 -0.4330871105194092 0.20347388088703156 -0.4634936451911926 0.8624221682548523 1.4874980449676514 -0.3686911463737488 -0.8522812724113464 -0.3710571825504303 11.463926315307617 0.0 0.0 0.0 1.0
0.9237498641014099 -0.22686712443828583 -0.3085733652114868 -0.5363575220108032 0.17848068475723267 -0.4578576982021332 0.8709253668785095 1.474414587020874 -0.3388670086860657 -0.859591543674469 -0.3824545741081238 11.364727020263672 0.0 0.0 0.0 1.0
0.9389249086380005 -0.2100188434123993 -0.27260249853134155 -0.5413089394569397 0.15327167510986328 -0.45402684807777405 0.8777057528495789 1.4502865076065063 -0.30810362100601196 -0.8658820390701294 -0.3941071629524231 11.347153663635254 0.0 0.0 0.0 1.0
0.955714225769043 -0.1838308721780777 -0.22981852293014526 -0.4232587516307831 0.1258983165025711 -0.4504587650299072 0.883875846862793 1.397228479385376 -0.2660074234008789 -0.8736664652824402 -0.4073658585548401 11.40418529510498 0.0 0.0 0.0 1.0
0.9668075442314148 -0.16258040070533752 -0.19710591435432434 -0.38342857360839844 0.10540921241044998 -0.4489297568798065 0.8873279690742493 1.3582687377929688 -0.2327488511800766 -0.8786522150039673 -0.4168912172317505 11.391531944274902 0.0 0.0 0.0 1.0
0.9763143062591553 -0.14039157330989838 -0.16462242603302002 -0.3363058865070343 0.08580999076366425 -0.4472182095050812 0.8902991414070129 1.340300440788269 -0.19861264526844025 -0.8833380341529846 -0.42457854747772217 11.287664413452148 0.0 0.0 0.0 1.0
0.9860559701919556 -0.11085445433855057 -0.12411646544933319 -0.2560930848121643 0.06222519278526306 -0.44612106680870056 0.8928068280220032 1.3092780113220215 -0.15434257686138153 -0.8880806565284729 -0.43300241231918335 11.093951225280762 0.0 0.0 0.0 1.0
0.9918863773345947 -0.08698870986700058 -0.09270582348108292 -0.09399081766605377 0.04456641152501106 -0.4450243413448334 0.8944088220596313 1.2770118713378906 -0.11905982345342636 -0.8912835121154785 -0.4375368356704712 10.941733360290527 0.0 0.0 0.0 1.0
0.9962723255157471 -0.06187089905142784 -0.06011195108294487 0.06562063097953796 0.026655122637748718 -0.44194331765174866 0.8966468572616577 1.2045493125915527 -0.08204241842031479 -0.894906759262085 -0.43864673376083374 10.87071704864502 0.0 0.0 0.0 1.0
0.9990245699882507 -0.03549866005778313 -0.026263130828738213 0.13723471760749817 0.00812071468681097 -0.4369172155857086 0.8994650840759277 1.1438184976577759 -0.04340461641550064 -0.8988009691238403 -0.4362027645111084 10.790966987609863 0.0 0.0 0.0 1.0
0.9997944235801697 -0.002362593077123165 0.020136307924985886 0.06499467045068741 -0.0191891398280859 -0.4308635890483856 0.9022130370140076 1.125429630279541 0.0065444400534033775 -0.9024139642715454 -0.43082037568092346 10.661974906921387 0.0 0.0 0.0 1.0
0.9976532459259033 0.02797861211001873 0.0624912865459919 -0.09272851049900055 -0.04472577944397926 -0.42475372552871704 0.904203474521637 1.1214115619659424 0.05184176564216614 -0.9048764705657959 -0.42250558733940125 10.633657455444336 0.0 0.0 0.0 1.0
0.9920188784599304 0.06123916804790497 0.1102193146944046 -0.2804443836212158 -0.07438764721155167 -0.4215611517429352 0.9037436842918396 1.1177009344100952 0.10180868953466415 -0.9047297835350037 -0.41364118456840515 10.569293975830078 0.0 0.0 0.0 1.0
0.9800516366958618 0.10463398694992065 0.16896887123584747 -0.4082403779029846 -0.11010535806417465 -0.42193499207496643 0.8999153971672058 1.1271109580993652 0.16545560956001282 -0.9005679488182068 -0.40199732780456543 10.410205841064453 0.0 0.0 0.0 1.0
0.9668031930923462 0.13747672736644745 0.21538734436035156 -0.5140364766120911 -0.13899655640125275 -0.42435336112976074 0.8947649002075195 1.1298527717590332 0.2144096940755844 -0.894999623298645 -0.3911573886871338 10.124894142150879 0.0 0.0 0.0 1.0
0.9528200626373291 0.1685841977596283 0.25241488218307495 -0.5440835356712341 -0.16040202975273132 -0.42633405327796936 0.8902305960655212 1.1122947931289673 0.2576918601989746 -0.8887174129486084 -0.37917840480804443 10.085251808166504 0.0 0.0 0.0 1.0
0.9360669255256653 0.19875238835811615 0.2903035879135132 -0.47863975167274475 -0.18355245888233185 -0.4280553460121155 0.8849164247512817 1.1068885326385498 0.3001452684402466 -0.8816269636154175 -0.3642069697380066 9.917925834655762 0.0 0.0 0.0 1.0
0.9209453463554382 0.22093208134174347 0.32101190090179443 -0.4118053615093231 -0.20238512754440308 -0.43279212713241577 0.8784823417663574 1.0502681732177734 0.33301636576652527 -0.8740022778511047 -0.35386452078819275 9.798483848571777 0.0 0.0 0.0 1.0
0.904278039932251 0.24069096148014069 0.3526316285133362 -0.319624125957489 -0.2226308286190033 -0.43893077969551086 0.8705028891563416 0.9737536907196045 0.3643030524253845 -0.8656833171844482 -0.3433302342891693 9.66244125366211 0.0 0.0 0.0 1.0
0.884798526763916 0.2616212069988251 0.38559815287590027 -0.20890522003173828 -0.24404282867908478 -0.44477295875549316 0.8617540597915649 0.9057623744010925 0.39695677161216736 -0.8565812110900879 -0.3296876847743988 9.547142028808594 0.0 0.0 0.0 1.0
0.854306697845459 0.29037126898765564 0.4310969114303589 -0.255035400390625 -0.2749192714691162 -0.45144981145858765 0.8488889932632446 0.8420771360397339 0.44111156463623047 -0.8437284231185913 -0.3058479428291321 9.51262092590332 0.0 0.0 0.0 1.0
0.8257015347480774 0.31305691599845886 0.46926793456077576 -0.2756568193435669 -0.3012824058532715 -0.458558052778244 0.83603435754776 0.8623229265213013 0.4769129157066345 -0.8316969871520996 -0.28431352972984314 9.324198722839355 0.0 0.0 0.0 1.0
0.7933369874954224 0.33626723289489746 0.5074847340583801 -0.2793671190738678 -0.3281421363353729 -0.4659437835216522 0.8217172026634216 0.8945189118385315 0.5127758979797363 -0.8184257745742798 -0.25930699706077576 9.360759735107422 0.0 0.0 0.0 1.0
0.7491474151611328 0.3665069043636322 0.5517706274986267 -0.20287176966667175 -0.3571438193321228 -0.478054404258728 0.802441418170929 0.8780252933502197 0.557876706123352 -0.7982084155082703 -0.2272375375032425 9.46735954284668 0.0 0.0 0.0 1.0
0.7135252356529236 0.3889201283454895 0.5827716588973999 -0.14347867667675018 -0.37677282094955444 -0.48827624320983887 0.7871648669242859 0.8736730217933655 0.5906978249549866 -0.7812345623970032 -0.2018629014492035 9.50975513458252 0.0 0.0 0.0 1.0
0.6774762868881226 0.4089158773422241 0.6114030480384827 -0.1276264488697052 -0.394549697637558 -0.49949321150779724 0.7712568044662476 0.8870418667793274 0.6207708120346069 -0.7637370824813843 -0.1770571619272232 9.481453895568848 0.0 0.0 0.0 1.0
0.6429025530815125 0.42474907636642456 0.6373888254165649 -0.059972889721393585 -0.41026830673217773 -0.5117526650428772 0.7548437714576721 0.8737185001373291 0.6468046307563782 -0.746791422367096 -0.15474598109722137 9.393342018127441 0.0 0.0 0.0 1.0
0.6001964211463928 0.44010522961616516 0.667885959148407 0.10818786174058914 -0.4281875491142273 -0.5284922122955322 0.7330425381660461 0.7443383932113647 0.6755883693695068 -0.7259500026702881 -0.12875156104564667 9.226247787475586 0.0 0.0 0.0 1.0
0.5591427683830261 0.45326295495033264 0.6941988468170166 0.24116426706314087 -0.44146421551704407 -0.54597008228302 0.7120575904846191 0.5601732730865479 0.7017611265182495 -0.7046058177947998 -0.10517586022615433 9.210853576660156 0.0 0.0 0.0 1.0
0.5159478187561035 0.46793344616889954 0.7175208330154419 0.4494403004646301 -0.4520106017589569 -0.5627983808517456 0.6920580863952637 0.46313929557800293 0.7276566624641418 -0.6813929080963135 -0.07886373996734619 9.195087432861328 0.0 0.0 0.0 1.0
0.4543192982673645 0.4886658489704132 0.7448487281799316 0.5550293922424316 -0.4642619788646698 -0.583720326423645 0.6661316752433777 0.4272659420967102 0.7602991461753845 -0.6484414339065552 -0.03832641988992691 9.228031158447266 0.0 0.0 0.0 1.0
0.3953744173049927 0.5045850872993469 0.7675108909606934 0.5199352502822876 -0.47640761733055115 -0.6017597317695618 0.6410312056541443 0.49906662106513977 0.7853119373321533 -0.6190953850746155 0.0024677785113453865 9.31314754486084 0.0 0.0 0.0 1.0
0.33493542671203613 0.5163998603820801 0.7881303429603577 0.48505115509033203 -0.48862460255622864 -0.6199924945831299 0.6138854026794434 0.5755758881568909 0.805645227432251 -0.5907118916511536 0.04466823488473892 9.350103378295898 0.0 0.0 0.0 1.0
0.25838810205459595 0.5326974987983704 0.8058964014053345 0.3104328513145447 -0.5018218159675598 -0.638826847076416 0.5831596255302429 0.6445213556289673 0.8254758715629578 -0.5550978779792786 0.1022539883852005 9.517139434814453 0.0 0.0 0.0 1.0
0.20029336214065552 0.543051540851593 0.8154615759849548 0.12602002918720245 -0.5099823474884033 -0.6528885364532471 0.5600486993789673 0.7199012637138367 0.8365408182144165 -0.5280450582504272 0.14617744088172913 9.568889617919922 0.0 0.0 0.0 1.0
0.1502244919538498 0.5505421161651611 0.8211796283721924 -0.011551321484148502 -0.5161752104759216 -0.664734423160553 0.5400845408439636 0.8093454241752625 0.8432056307792664 -0.5050064921379089 0.18431678414344788 9.551838874816895 0.0 0.0 0.0 1.0
0.10634732991456985 0.5557935237884521 0.8244900107383728 -0.06889116764068604 -0.5201049447059631 -0.6756178736686707 0.5225239992141724 0.8770734071731567 0.8474556803703308 -0.48439034819602966 0.21722079813480377 9.482515335083008 0.0 0.0 0.0 1.0
0.056415900588035583 0.5602301955223083 0.8264135718345642 -0.041099466383457184 -0.5213161706924438 -0.6894060373306274 0.5029401779174805 0.8809016346931458 0.8514967560768127 -0.459196537733078 0.25316357612609863 9.422098159790039 0.0 0.0 0.0 1.0
0.01927085407078266 0.5640965104103088 0.8254839777946472 0.022876381874084473 -0.5217284560203552 -0.6986382007598877 0.48959583044052124 0.8998730778694153 0.8528939485549927 -0.4401133954524994 0.2808418273925781 9.478400230407715 0.0 0.0 0.0 1.0
-0.018592646345496178 0.567852258682251 0.8229204416275024 0.0580010712146759 -0.522897481918335 -0.7070519924163818 0.4760837256908417 0.9365484118461609 0.852192759513855 -0.4214513897895813 0.31007450819015503 9.53856086730957 0.0 0.0 0.0 1.0
-0.0664673000574112 0.572736918926239 0.8170400857925415 0.08111672103404999 -0.5263550281524658 -0.7157742977142334 0.4589309096336365 1.0798894166946411 0.8476629853248596 -0.3995492458343506 0.3490385413169861 9.63534927368164 0.0 0.0 0.0 1.0
-0.10435526072978973 0.5746902227401733 0.8116902709007263 0.09879170358181 -0.529790997505188 -0.7228307127952576 0.4436633884906769 1.2539703845977783 0.8416836857795715 -0.3837276101112366 0.3798969089984894 9.757956504821777 0.0 0.0 0.0 1.0
-0.1435117870569229 0.5722623467445374 0.8074157238006592 0.16166973114013672 -0.5322178602218628 -0.7324662208557129 0.42454373836517334 1.3995918035507202 0.8343551754951477 -0.3687940239906311 0.40968576073646545 9.987025260925293 0.0 0.0 0.0 1.0
-0.18590347468852997 0.5676702260971069 0.8019915223121643 0.19212616980075836 -0.530131459236145 -0.7451746463775635 0.404568076133728 1.5062562227249146 0.8272850513458252 -0.3499503433704376 0.43947041034698486 10.251861572265625 0.0 0.0 0.0 1.0
-0.2402375489473343 0.5581811666488647 0.7941786050796509 0.18612636625766754 -0.5224848985671997 -0.7638705968856812 0.378828763961792 1.5515811443328857 0.8181048035621643 -0.32393747568130493 0.4751516282558441 10.536294937133789 0.0 0.0 0.0 1.0
-0.28355082869529724 0.5470433235168457 0.7876182198524475 0.048058606684207916 -0.5127766728401184 -0.7805377244949341 0.35752055048942566 1.536634922027588 0.8103449940681458 -0.3024970293045044 0.5018332004547119 10.669035911560059 0.0 0.0 0.0 1.0
-0.3266172707080841 0.5311936140060425 0.7817636728286743 -0.12042008340358734 -0.5003615617752075 -0.7988913059234619 0.33378279209136963 1.5387495756149292 0.801847517490387 -0.28214529156684875 0.5267205834388733 10.709613800048828 0.0 0.0 0.0 1.0
-0.37973347306251526 0.5083940625190735 0.7728763818740845 -0.24863575398921967 -0.4836306571960449 -0.8212924599647522 0.30262207984924316 1.6001399755477905 0.7886088490486145 -0.2588709890842438 0.5577471852302551 10.706204414367676 0.0 0.0 0.0 1.0
-0.41915029287338257 0.49223771691322327 0.7628991007804871 -0.20242851972579956 -0.46990883350372314 -0.8365898132324219 0.2816081941127777 1.6731071472167969 0.7768518328666687 -0.24045686423778534 0.5819637179374695 10.712387084960938 0.0 0.0 0.0 1.0
-0.45595094561576843 0.48058298230171204 0.7490985989570618 -0.18337418138980865 -0.45822685956954956 -0.8483105301856995 0.26532506942749023 1.6996147632598877 0.7629789710044861 -0.22228188812732697 0.6070039868354797 10.760866165161133 0.0 0.0 0.0 1.0
-0.496164470911026 0.47081902623176575 0.7294862866401672 -0.23619629442691803 -0.4484870433807373 -0.8584086298942566 0.2489858865737915 1.7012633085250854 0.743424654006958 -0.20362718403339386 0.6370680928230286 10.835620880126953 0.0 0.0 0.0 1.0
-0.5276445150375366 0.4630172550678253 0.7121841311454773 -0.36126282811164856 -0.4409933388233185 -0.8658694624900818 0.23620963096618652 1.7107014656066895 0.7260276079177856 -0.1894337385892868 0.661058783531189 10.910435676574707 0.0 0.0 0.0 1.0
-0.5594295859336853 0.4540500342845917 0.6934530138969421 -0.4113350510597229 -0.43225952982902527 -0.8736575841903687 0.22332511842250824 1.8427584171295166 0.7072412371635437 -0.17481699585914612 0.6850174069404602 11.024741172790527 0.0 0.0 0.0 1.0
-0.5916479229927063 0.4438129961490631 0.6730399131774902 -0.37526237964630127 -0.4215884506702423 -0.881911039352417 0.210940882563591 2.0004661083221436 0.687179684638977 -0.15894313156604767 0.7088872790336609 11.197022438049316 0.0 0.0 0.0 1.0
-0.6319985389709473 0.4291372001171112 0.6453054547309875 -0.37615931034088135 -0.4052729904651642 -0.8927649855613708 0.19678544998168945 2.1410410404205322 0.660554051399231 -0.13715673983097076 0.7381438612937927 11.481680870056152 0.0 0.0 0.0 1.0
-0.6621008515357971 0.41630667448043823 0.6231462359428406 -0.47278982400894165 -0.3909885287284851 -0.901265025138855 0.18667978048324585 2.1950881481170654 0.6393359303474426 -0.12004218250513077 0.7594994902610779 11.639053344726562 0.0 0.0 0.0 1.0
-0.6912866830825806 0.4005052447319031 0.6014301776885986 -0.5909749269485474 -0.37326133251190186 -0.9106131792068481 0.17736852169036865 2.2023258209228516 0.6187072992324829 -0.10187815129756927 0.7789878845214844 11.674702644348145 0.0 0.0 0.0 1.0
-0.7275395393371582 0.3761226236820221 0.5737752318382263 -0.7239332795143127 -0.35022327303886414 -0.9227586984634399 0.16081063449382782 2.2277867794036865 0.58994060754776 -0.08395334333181381 0.8030703067779541 11.662970542907715 0.0 0.0 0.0 1.0
-0.7528911232948303 0.3584199845790863 0.5519874095916748 -0.7899523377418518 -0.3328211307525635 -0.9309021830558777 0.1505032181739807 2.243088960647583 0.567789614200592 -0.07040052115917206 0.8201577067375183 11.58876895904541 0.0 0.0 0.0 1.0
-0.7730557322502136 0.34297263622283936 0.533623993396759 -0.7846924066543579 -0.31704187393188477 -0.9375268816947937 0.14327512681484222 2.2410221099853516 0.5494263172149658 -0.058421485126018524 0.8334972262382507 11.538806915283203 0.0 0.0 0.0 1.0
-0.7865632772445679 0.3338162302970886 0.5195044875144958 -0.6592386960983276 -0.305540531873703 -0.9414777159690857 0.1423540711402893 2.238999605178833 0.5366219878196716 -0.046759191900491714 0.8425261974334717 11.508069038391113 0.0 0.0 0.0 1.0
-0.8001168370246887 0.3266822099685669 0.503082275390625 -0.5972026586532593 -0.2962212860584259 -0.9444764256477356 0.1421874612569809 2.2158987522125244 0.5215994119644165 -0.035257089883089066 0.8524616956710815 11.461831092834473 0.0 0.0 0.0 1.0
-0.8103746175765991 0.3201271593570709 0.4907256066799164 -0.5461980700492859 -0.2907183766365051 -0.9468622803688049 0.13760340213775635 2.195796251296997 0.5087001323699951 -0.03115265443921089 0.8603799939155579 11.450079917907715 0.0 0.0 0.0 1.0
-0.8200898170471191 0.3130532503128052 0.479009747505188 -0.4740716516971588 -0.28662142157554626 -0.9492305517196655 0.12965162098407745 2.177672863006592 0.495278537273407 -0.03096848726272583 0.8681820631027222 11.492267608642578 0.0 0.0 0.0 1.0
-0.8336965441703796 0.29851019382476807 0.4645876884460449 -0.35730913281440735 -0.2774144411087036 -0.9538369178771973 0.11504948884248734 2.123988151550293 0.4774843156337738 -0.0329669713973999 0.8780215978622437 11.662494659423828 0.0 0.0 0.0 1.0
-0.8462302088737488 0.2812972962856293 0.4525110423564911 -0.21524475514888763 -0.2656679153442383 -0.9589378237724304 0.09929127246141434 2.0771703720092773 0.461860328912735 -0.03619438409805298 0.8862138390541077 11.898855209350586 0.0 0.0 0.0 1.0
-0.8587406277656555 0.26365426182746887 0.4393756091594696 -0.0036188701633363962 -0.2518922984600067 -0.9639174342155457 0.0861012414097786 2.0774989128112793 0.44622278213500977 -0.03673668950796127 0.8941675424575806 12.153424263000488 0.0 0.0 0.0 1.0
-0.8748347163200378 0.24270567297935486 0.4192352294921875 0.1245490089058876 -0.23375464975833893 -0.9695142507553101 0.07349076867103577 2.069276809692383 0.42429113388061523 -0.033705905079841614 0.9048982858657837 12.45726490020752 0.0 0.0 0.0 1.0
-0.8884878158569336 0.2278682291507721 0.39832839369773865 0.07028838992118835 -0.21976719796657562 -0.9732780456542969 0.06657488644123077 2.103712320327759 0.4028545916080475 -0.02838854305446148 0.9148236513137817 12.639532089233398 0.0 0.0 0.0 1.0
-0.9022967219352722 0.21373793482780457 0.3744017779827118 -0.05373690649867058 -0.20640352368354797 -0.9766191840171814 0.060104768723249435 2.122168779373169 0.37849462032318115 -0.023045508190989494 0.925316572189331 12.710062026977539 0.0 0.0 0.0 1.0
-0.9158899188041687 0.19745324552059174 0.34951087832450867 -0.18593554198741913 -0.19119678437709808 -0.9801364541053772 0.052690502256155014 2.11356782913208 0.35297226905822754 -0.01856665499508381 0.9354495406150818 12.687782287597656 0.0 0.0 0.0 1.0
-0.9304375052452087 0.1772707998752594 0.3207196295261383 -0.2608310580253601 -0.17247223854064941 -0.984050989151001 0.04355477914214134 2.1997344493865967 0.3233254551887512 -0.014790227636694908 0.9461722373962402 12.500344276428223 0.0 0.0 0.0 1.0
-0.9385247826576233 0.163145512342453 0.30422812700271606 -0.11380033195018768 -0.15943460166454315 -0.9865081310272217 0.03717946633696556 2.389160633087158 0.3061891794204712 -0.013610639609396458 0.9518733620643616 12.24824047088623 0.0 0.0 0.0 1.0
