-0.9999945759773254 -0.003283214522525668 0.00011557036486919969 -1.102041244506836 0.0032829809933900833 -0.9999926686286926 -0.001965488074347377 1.666744589805603 0.00012202264042571187 -0.0019650980830192566 0.9999980330467224 8.98550796508789 0.0 0.0 0.0 1.0
-0.9999945759773254 -0.0017331911949440837 0.002807147800922394 -1.127463936805725 0.0017295789439231157 -0.9999976754188538 -0.0012886925833299756 1.6357834339141846 0.002809374826028943 -0.0012838303809985518 0.999995231628418 8.980079650878906 0.0 0.0 0.0 1.0
-0.9999849200248718 -1.3988241335027851e-05 0.0054899901151657104 -1.1527318954467773 1.12961970444303e-05 -0.9999998807907104 -0.0004903857479803264 1.60725998878479 0.0054899961687624454 -0.0004903163644485176 0.9999848008155823 8.968660354614258 0.0 0.0 0.0 1.0
-0.999873161315918 0.005900661461055279 0.014795170165598392 -1.2027359008789062 -0.005864960607141256 -0.9999797940254211 0.0024552633985877037 1.574318289756775 0.01480935886502266 0.0023681786842644215 0.9998875260353088 8.842082977294922 0.0 0.0 0.0 1.0
-0.9995683431625366 0.012849899008870125 0.02641904354095459 -1.3197026252746582 -0.01270022988319397 -0.9999023675918579 0.0058252280578017235 1.560546875 0.02649131789803505 0.005487185437232256 0.9996339678764343 8.595061302185059 0.0 0.0 0.0 1.0
-0.999043345451355 0.02049613557755947 0.0386308990418911 -1.3521586656570435 -0.02013118751347065 -0.9997491836547852 0.009812545962631702 1.6256366968154907 0.03882233053445816 0.009025472216308117 0.9992053508758545 8.413942337036133 0.0 0.0 0.0 1.0
-0.9983271360397339 0.02809925377368927 0.05053037032485008 -1.3245058059692383 -0.027416622266173363 -0.999523937702179 0.01415225025266409 1.6898746490478516 0.05090397968888283 0.012743202969431877 0.9986222386360168 8.261054992675781 0.0 0.0 0.0 1.0
-0.9972124099731445 0.03722165897488594 0.06466849148273468 -1.282294511795044 -0.03610764071345329 -0.9991801381111145 0.018311167135834694 1.7227534055709839 0.06529704481363297 0.015925094485282898 0.997738778591156 8.138097763061523 0.0 0.0 0.0 1.0
-0.9955464005470276 0.04762602970004082 0.08135782182216644 -1.2484159469604492 -0.045849014073610306 -0.998670220375061 0.02357329986989498 1.7805389165878296 0.08237233757972717 0.01973813772201538 0.9964061379432678 8.00299072265625 0.0 0.0 0.0 1.0
-0.9932706952095032 0.05940352380275726 0.09942129254341125 -1.2899870872497559 -0.05670948699116707 -0.9979485869407654 0.029709860682487488 1.7968770265579224 0.10098220407962799 0.023871803656220436 0.9946017861366272 7.8495283126831055 0.0 0.0 0.0 1.0
-0.9901387095451355 0.07240688055753708 0.11992736160755157 -1.3592793941497803 -0.06848561018705368 -0.9969838857650757 0.036507442593574524 1.781544804573059 0.12220904231071472 0.027934132143855095 0.9921112060546875 7.690549373626709 0.0 0.0 0.0 1.0
-0.9859089255332947 0.08703064918518066 0.14286091923713684 -1.5821232795715332 -0.08161808550357819 -0.9957213401794434 0.043330784887075424 1.7659682035446167 0.146020770072937 0.031060172244906425 0.9887937903404236 7.593945503234863 0.0 0.0 0.0 1.0
-0.9807104468345642 0.10275639593601227 0.16627728939056396 -1.8850656747817993 -0.09533147513866425 -0.9940835237503052 0.052056822925806046 1.7669274806976318 0.17064268887043 0.03520121052861214 0.9847040176391602 7.471930503845215 0.0 0.0 0.0 1.0
-0.9745374917984009 0.11955740302801132 0.18969103693962097 -2.1545426845550537 -0.10986170172691345 -0.992081344127655 0.060869086533784866 1.6946420669555664 0.1954662799835205 0.03847942873835564 0.97995525598526 7.369848251342773 0.0 0.0 0.0 1.0
-0.9676215648651123 0.13636472821235657 0.21239851415157318 -2.2969961166381836 -0.1240309551358223 -0.9897769093513489 0.07041306048631668 1.6227316856384277 0.2198290079832077 0.04178920388221741 0.9746429324150085 7.252635478973389 0.0 0.0 0.0 1.0
-0.9595218896865845 0.1541512906551361 0.2357012927532196 -2.3284616470336914 -0.13860377669334412 -0.9870077967643738 0.08126886188983917 1.5571200847625732 0.24516670405864716 0.045310165733098984 0.9684215188026428 7.159112453460693 0.0 0.0 0.0 1.0
-0.9522224068641663 0.16893652081489563 0.2544266879558563 -2.3352816104888916 -0.15061433613300323 -0.9844876527786255 0.08999677747488022 1.5114126205444336 0.26568368077278137 0.047376640141010284 0.9628954529762268 7.0734992027282715 0.0 0.0 0.0 1.0
-0.9421145915985107 0.18778936564922333 0.27776840329170227 -2.285327672958374 -0.16547958552837372 -0.9809333682060242 0.1019127145409584 1.4974333047866821 0.2916104197502136 0.050048451870679855 0.9552269577980042 6.9864630699157715 0.0 0.0 0.0 1.0
-0.9311017990112305 0.20702819526195526 0.3003145158290863 -2.1885695457458496 -0.1802016645669937 -0.9769128561019897 0.11475443094968796 1.5170817375183105 0.31713852286338806 0.052730876952409744 0.9469121694564819 6.8892903327941895 0.0 0.0 0.0 1.0
-0.9187074303627014 0.2268335372209549 0.32330045104026794 -2.112572431564331 -0.19490313529968262 -0.9723824262619019 0.1283944696187973 1.5183666944503784 0.34349584579467773 0.05494469031691551 0.9375455379486084 6.813347816467285 0.0 0.0 0.0 1.0
-0.9050500988960266 0.24671636521816254 0.34643223881721497 -2.111349582672119 -0.20957408845424652 -0.9674990177154541 0.1415075659751892 1.4840905666351318 0.37008509039878845 0.05546821653842926 0.9273404479026794 6.78916072845459 0.0 0.0 0.0 1.0
-0.8903724551200867 0.26693636178970337 0.3687571585178375 -2.1201698780059814 -0.22401848435401917 -0.9620925784111023 0.1555430144071579 1.450513243675232 0.3962985873222351 0.055882807821035385 0.9164193868637085 6.757457256317139 0.0 0.0 0.0 1.0
-0.8746134638786316 0.2872975468635559 0.3905271291732788 -2.0297813415527344 -0.23851417005062103 -0.9562641978263855 0.16932152211666107 1.420528769493103 0.4220927655696869 0.05494462698698044 0.9048860669136047 6.693782806396484 0.0 0.0 0.0 1.0
-0.8573146462440491 0.3083973228931427 0.41219252347946167 -1.931707739830017 -0.25294309854507446 -0.9497295022010803 0.18448227643966675 1.4807981252670288 0.4483652114868164 0.05389811098575592 0.8922239542007446 6.55566930770874 0.0 0.0 0.0 1.0
-0.8387313485145569 0.33006551861763 0.43311259150505066 -1.9094820022583008 -0.2672285735607147 -0.9424890875816345 0.2007565051317215 1.4936798810958862 0.4744667112827301 0.05264071002602577 0.8786980509757996 6.367319583892822 0.0 0.0 0.0 1.0
-0.8191784024238586 0.35177284479141235 0.4529929459095001 -1.830470085144043 -0.28112494945526123 -0.9347059726715088 0.2174706608057022 1.451041340827942 0.4999155104160309 0.050799641758203506 0.8645830750465393 6.177522659301758 0.0 0.0 0.0 1.0
-0.7987270355224609 0.3726898729801178 0.47237420082092285 -1.701574683189392 -0.29462236166000366 -0.9267674684524536 0.23302292823791504 1.4204380512237549 0.5246263146400452 0.04694969952106476 0.8500370383262634 6.041092395782471 0.0 0.0 0.0 1.0
-0.7774738073348999 0.39308345317840576 0.4909377694129944 -1.5636284351348877 -0.307229220867157 -0.9185119867324829 0.24888937175273895 1.33259117603302 0.548766553401947 0.04267453774809837 0.8348857164382935 5.910012722015381 0.0 0.0 0.0 1.0
-0.7549079060554504 0.41252341866493225 0.5098416209220886 -1.5162383317947388 -0.31937992572784424 -0.9102293252944946 0.26358866691589355 1.3108874559402466 0.5728093385696411 0.036151982843875885 0.8188910484313965 5.873779773712158 0.0 0.0 0.0 1.0
-0.731563150882721 0.43228045105934143 0.5272086262702942 -1.5170533657073975 -0.33149248361587524 -0.9012618064880371 0.2789979875087738 1.3952816724777222 0.5957583785057068 0.029338954016566277 0.802627682685852 5.865332126617432 0.0 0.0 0.0 1.0
-0.7071020603179932 0.45157957077026367 0.5441346764564514 -1.5623944997787476 -0.34326061606407166 -0.8919779658317566 0.2941895127296448 1.496912956237793 0.6182061433792114 0.02124200575053692 0.785728931427002 5.910386085510254 0.0 0.0 0.0 1.0
-0.6812251806259155 0.4705250561237335 0.5608372092247009 -1.6005089282989502 -0.354487806558609 -0.8823032975196838 0.30964380502700806 1.5942246913909912 0.6405237317085266 0.012127192690968513 0.7678426504135132 6.022815704345703 0.0 0.0 0.0 1.0
-0.654554009437561 0.4882911443710327 0.5771748423576355 -1.7869160175323486 -0.36483481526374817 -0.872678816318512 0.3245415985584259 1.5493431091308594 0.6621590256690979 0.0018565348582342267 0.7493610382080078 6.09538459777832 0.0 0.0 0.0 1.0
-0.6268618702888489 0.5051530003547668 0.593181848526001 -1.967246651649475 -0.37481430172920227 -0.8629724979400635 0.3388107120990753 1.3708815574645996 0.6830508708953857 -0.009945533238351345 0.7303031086921692 6.0713419914245605 0.0 0.0 0.0 1.0
-0.5981323719024658 0.5207128524780273 0.6091763377189636 -2.129687786102295 -0.3844117224216461 -0.8534052968025208 0.35203272104263306 1.246080756187439 0.7031822800636292 -0.023612355813384056 0.7106174230575562 6.027334213256836 0.0 0.0 0.0 1.0
-0.5680540204048157 0.5359523892402649 0.6245556473731995 -2.2758357524871826 -0.39372971653938293 -0.8433830738067627 0.36562541127204895 1.2346845865249634 0.7226974368095398 -0.038211122155189514 0.6901074647903442 6.026599884033203 0.0 0.0 0.0 1.0
-0.5374030470848083 0.550345242023468 0.6389976739883423 -2.416168212890625 -0.4022979438304901 -0.8332386612892151 0.3793015480041504 1.2584985494613647 0.741184413433075 -0.053229644894599915 0.6691877841949463 6.084014415740967 0.0 0.0 0.0 1.0
-0.5058531165122986 0.5644892454147339 0.6522764563560486 -2.4899091720581055 -0.4106535017490387 -0.8225629329681396 0.3933877646923065 1.21602201461792 0.7586015462875366 -0.06886319071054459 0.6479054689407349 6.203490257263184 0.0 0.0 0.0 1.0
-0.47359970211982727 0.5768023729324341 0.6655842065811157 -2.431443214416504 -0.4182724952697754 -0.8123505115509033 0.40636777877807617 1.1357944011688232 0.7750815749168396 -0.08593989163637161 0.625989556312561 6.290162086486816 0.0 0.0 0.0 1.0
-0.43996381759643555 0.5881920456886292 0.6785734295845032 -2.32865047454834 -0.4255797863006592 -0.8019610643386841 0.4192139208316803 1.1742085218429565 0.7907677888870239 -0.10434819012880325 0.6031565070152283 6.333993911743164 0.0 0.0 0.0 1.0
-0.4050428867340088 0.5988948941230774 0.6908438205718994 -2.338135004043579 -0.43235471844673157 -0.7912424206733704 0.43244051933288574 1.362471103668213 0.8056113719940186 -0.12353260815143585 0.5794221758842468 6.386931896209717 0.0 0.0 0.0 1.0
-0.37048783898353577 0.6081696152687073 0.7020459175109863 -2.3245656490325928 -0.43883320689201355 -0.7807663679122925 0.4447800815105438 1.58937406539917 0.8186355829238892 -0.14329543709754944 0.5561494827270508 6.383906364440918 0.0 0.0 0.0 1.0
-0.32363685965538025 0.6197540163993835 0.7149574160575867 -2.15183687210083 -0.446476012468338 -0.766238272190094 0.46210184693336487 1.8286948204040527 0.8342171907424927 -0.16965815424919128 0.5246882438659668 6.3148980140686035 0.0 0.0 0.0 1.0
-0.2885657548904419 0.6272253394126892 0.7234073877334595 -2.06842041015625 -0.4509648382663727 -0.755530595779419 0.47518858313560486 1.8353593349456787 0.8446067571640015 -0.18910813331604004 0.500876784324646 6.224289417266846 0.0 0.0 0.0 1.0
-0.25358203053474426 0.6333889961242676 0.7311049699783325 -1.9129902124404907 -0.45517390966415405 -0.745036780834198 0.4875827431678772 1.824619174003601 0.8535296320915222 -0.2091376781463623 0.47723010182380676 6.142467498779297 0.0 0.0 0.0 1.0
-0.21867243945598602 0.6373975872993469 0.7388550043106079 -1.9102462530136108 -0.4587409496307373 -0.7354404330253601 0.4986823797225952 1.8599618673324585 0.8612427711486816 -0.2298949509859085 0.453220933675766 6.098811626434326 0.0 0.0 0.0 1.0
-0.1841960847377777 0.6408777236938477 0.745216429233551 -2.004232883453369 -0.4614589214324951 -0.7258202433586121 0.5101378560066223 1.9204299449920654 0.8678291440010071 -0.24992136657238007 0.4294320046901703 6.0442609786987305 0.0 0.0 0.0 1.0
-0.15010479092597961 0.6428670883178711 0.7511261701583862 -2.2072865962982178 -0.4627162516117096 -0.717070996761322 0.5212512016296387 2.014080286026001 0.873706042766571 -0.2693159580230713 0.40510082244873047 6.196910381317139 0.0 0.0 0.0 1.0
-0.11708627641201019 0.6455169916152954 0.7547175288200378 -2.3409128189086914 -0.4642932713031769 -0.7073618173599243 0.532983124256134 2.0827765464782715 0.8779080510139465 -0.2880052924156189 0.3825315833091736 6.304675102233887 0.0 0.0 0.0 1.0
-0.08367919921875 0.646443784236908 0.758358895778656 -2.4964420795440674 -0.4645540714263916 -0.6985769271850586 0.5442240834236145 2.118255853652954 0.8815822601318359 -0.30675849318504333 0.3587644398212433 6.396458625793457 0.0 0.0 0.0 1.0
-0.051059797406196594 0.6476200819015503 0.7602507472038269 -2.5945401191711426 -0.46454551815986633 -0.689277708530426 0.5559619665145874 2.106837511062622 0.8840759992599487 -0.3247837722301483 0.3360433876514435 6.388868808746338 0.0 0.0 0.0 1.0
-0.018158936873078346 0.6469734907150269 0.7622962594032288 -2.635277271270752 -0.46353474259376526 -0.6809829473495483 0.5669195055961609 2.0756616592407227 0.8858926296234131 -0.3430561423301697 0.31226062774658203 6.421676158905029 0.0 0.0 0.0 1.0
0.01393558457493782 0.646260142326355 0.7629899382591248 -2.632312774658203 -0.4619685113430023 -0.6725795269012451 0.5781192779541016 2.057992696762085 0.8867868185043335 -0.360533744096756 0.2891790568828583 6.4519758224487305 0.0 0.0 0.0 1.0
0.045916371047496796 0.6448864936828613 0.7628978490829468 -2.547968626022339 -0.46001872420310974 -0.6642565727233887 0.5891909599304199 2.0094106197357178 0.8867211937904358 -0.37800079584121704 0.26615962386131287 6.4170050621032715 0.0 0.0 0.0 1.0
0.0785074234008789 0.6433830261230469 0.7615082859992981 -2.4398984909057617 -0.4569550156593323 -0.6556705832481384 0.6010725498199463 1.9347800016403198 0.8860184550285339 -0.3951636850833893 0.24252210557460785 6.4254302978515625 0.0 0.0 0.0 1.0
0.11116936802864075 0.6403771638870239 0.7599726915359497 -2.3635342121124268 -0.4527217745780945 -0.6481241583824158 0.6123545169830322 1.8853951692581177 0.884694516658783 -0.41213124990463257 0.2178611308336258 6.430070400238037 0.0 0.0 0.0 1.0
0.14380468428134918 0.6367082595825195 0.7575769424438477 -2.3313865661621094 -0.4479444921016693 -0.6407371759414673 0.6235395669937134 1.9944076538085938 0.8824204802513123 -0.42902031540870667 0.19306893646717072 6.41627311706543 0.0 0.0 0.0 1.0
0.17569603025913239 0.6337829232215881 0.7532927989959717 -2.2846546173095703 -0.4431022107601166 -0.63238924741745 0.6354086995124817 2.2306947708129883 0.8790855407714844 -0.44542449712753296 0.16972233355045319 6.371342182159424 0.0 0.0 0.0 1.0
0.2078244388103485 0.6319839954376221 0.7465957403182983 -2.210430383682251 -0.4369376599788666 -0.6229018568992615 0.6489058136940002 2.3063876628875732 0.8751539587974548 -0.4610742926597595 0.14668340981006622 6.443934440612793 0.0 0.0 0.0 1.0
0.23963366448879242 0.6278839707374573 0.7404980659484863 -2.1878762245178223 -0.4299386441707611 -0.6152251958847046 0.6607955098152161 2.1916518211364746 0.8704760074615479 -0.47671759128570557 0.12252294272184372 6.513309955596924 0.0 0.0 0.0 1.0
0.2700153887271881 0.6236452460289001 0.7335927486419678 -2.200186252593994 -0.4229714870452881 -0.6076160073280334 0.672233521938324 2.1651172637939453 0.8649778962135315 -0.4918022155761719 0.09971848875284195 6.408088684082031 0.0 0.0 0.0 1.0
0.30008023977279663 0.6184085607528687 0.7263075709342957 -2.262145519256592 -0.41538435220718384 -0.6007068753242493 0.6830864548683167 2.091454029083252 0.8587244749069214 -0.5066775679588318 0.07661697268486023 6.27021598815918 0.0 0.0 0.0 1.0
0.32936891913414 0.6137313842773438 0.717530369758606 -2.322838544845581 -0.40692847967147827 -0.5934684872627258 0.6944093704223633 2.0856430530548096 0.8520125150680542 -0.5207004547119141 0.054274722933769226 6.152746677398682 0.0 0.0 0.0 1.0
0.35781919956207275 0.6077433228492737 0.7089523673057556 -2.3965048789978027 -0.3984825015068054 -0.5872412919998169 0.704527735710144 2.064185857772827 0.8444981575012207 -0.534598708152771 0.032048873603343964 6.128695487976074 0.0 0.0 0.0 1.0
0.38604480028152466 0.6019234657287598 0.699040412902832 -2.4770445823669434 -0.3896801173686981 -0.5804452896118164 0.7150053381919861 1.9858455657958984 0.8361332416534424 -0.5484262704849243 0.010479725897312164 6.143835544586182 0.0 0.0 0.0 1.0
0.4131860136985779 0.5954521894454956 0.6889948844909668 -2.559577465057373 -0.38089048862457275 -0.5742350816726685 0.7246906757354736 1.860404372215271 0.8271636962890625 -0.5618636608123779 -0.010463819839060307 6.138556957244873 0.0 0.0 0.0 1.0
0.44084563851356506 0.5889095067977905 0.6773778200149536 -2.563997745513916 -0.3710513710975647 -0.567597508430481 0.7349516749382019 1.7052639722824097 0.8172979950904846 -0.5753422379493713 -0.03170718997716904 6.1082258224487305 0.0 0.0 0.0 1.0
0.4671756327152252 0.5816354155540466 0.6659182906150818 -2.5330190658569336 -0.3612743616104126 -0.5618438720703125 0.7441856861114502 1.5515211820602417 0.8069868683815002 -0.588244616985321 -0.05234978348016739 6.131948471069336 0.0 0.0 0.0 1.0
0.49330610036849976 0.573973536491394 0.6536080241203308 -2.402761936187744 -0.35153892636299133 -0.5557546019554138 0.7533639669418335 1.4146978855133057 0.7956566214561462 -0.6014077067375183 -0.0723830834031105 6.132126331329346 0.0 0.0 0.0 1.0
0.5191792845726013 0.5657129287719727 0.6406416893005371 -2.272477388381958 -0.3408271074295044 -0.5503576397895813 0.76219642162323 1.4058443307876587 0.7837663888931274 -0.614064633846283 -0.09292399138212204 6.166973114013672 0.0 0.0 0.0 1.0
0.5445312857627869 0.5573328137397766 0.6267901062965393 -2.0838277339935303 -0.33132392168045044 -0.5435876250267029 0.7711918950080872 1.527565360069275 0.7705258727073669 -0.6276086568832397 -0.11134278029203415 6.133172988891602 0.0 0.0 0.0 1.0
0.5690150260925293 0.5487164258956909 0.6124803423881531 -1.8391999006271362 -0.3209920823574066 -0.5375164151191711 0.7797693610191345 1.582100749015808 0.7570904493331909 -0.6403018236160278 -0.1297212839126587 6.0714430809021 0.0 0.0 0.0 1.0
0.5932052731513977 0.5401509404182434 0.5969459414482117 -1.5993016958236694 -0.31039005517959595 -0.5307169556617737 0.788668155670166 1.6526597738265991 0.7428091764450073 -0.6531282067298889 -0.1471666395664215 5.959644317626953 0.0 0.0 0.0 1.0
0.6162778735160828 0.5310642719268799 0.5815258622169495 -1.3258384466171265 -0.30009719729423523 -0.524341881275177 0.7968734502792358 1.630921483039856 0.7281093597412109 -0.6656097173690796 -0.16376937925815582 5.819452285766602 0.0 0.0 0.0 1.0
0.6390237808227539 0.5210723280906677 0.565802276134491 -1.0800994634628296 -0.2894851863384247 -0.5185810327529907 0.8045321702957153 1.4716675281524658 0.7126337885856628 -0.6779066324234009 -0.18054287135601044 5.647485733032227 0.0 0.0 0.0 1.0
0.6611714959144592 0.5102259516716003 0.5500196814537048 -0.9642484188079834 -0.27832233905792236 -0.5140013098716736 0.8113811612129211 1.4138303995132446 0.6966985464096069 -0.6895448565483093 -0.19783572852611542 5.5387282371521 0.0 0.0 0.0 1.0
0.681858479976654 0.4995603859424591 0.534329891204834 -0.833653450012207 -0.2681679427623749 -0.5088968276977539 0.8179914355278015 1.419498085975647 0.6805548667907715 -0.7010445594787598 -0.21302951872348785 5.522513389587402 0.0 0.0 0.0 1.0
0.70237797498703 0.488837867975235 0.5173999071121216 -0.7685020565986633 -0.25748640298843384 -0.5031710863113403 0.8249360918998718 1.3801159858703613 0.6636006832122803 -0.7126404047012329 -0.22754721343517303 5.5673508644104 0.0 0.0 0.0 1.0
0.7219613194465637 0.4776849150657654 0.5005886554718018 -0.7642918229103088 -0.24690572917461395 -0.49798455834388733 0.831293523311615 1.3243576288223267 0.6463817954063416 -0.7237599492073059 -0.24158243834972382 5.517854690551758 0.0 0.0 0.0 1.0
0.7408477663993835 0.46650877594947815 0.4832329750061035 -0.8481686115264893 -0.23563162982463837 -0.4932105243206024 0.8373894691467285 1.1475540399551392 0.6289851069450378 -0.7342430949211121 -0.2554697096347809 5.545773029327393 0.0 0.0 0.0 1.0
0.7589616775512695 0.45438098907470703 0.4663851857185364 -0.9865316152572632 -0.22479745745658875 -0.4893774092197418 0.8426006436347961 1.0515055656433105 0.6111000776290894 -0.7443437576293945 -0.2692750096321106 5.618396759033203 0.0 0.0 0.0 1.0
0.776250422000885 0.4427242875099182 0.4488101303577423 -1.1489603519439697 -0.21399430930614471 -0.48460546135902405 0.848153293132782 0.9886032938957214 0.5929939150810242 -0.754422128200531 -0.28143471479415894 5.623566150665283 0.0 0.0 0.0 1.0
0.793763279914856 0.42996907234191895 0.4301934838294983 -1.2360248565673828 -0.20198534429073334 -0.480806440114975 0.8532450199127197 0.9886788129806519 0.5737087726593018 -0.7641673684120178 -0.2947990596294403 5.660202503204346 0.0 0.0 0.0 1.0
0.8106427788734436 0.4175034761428833 0.4105473756790161 -1.407385230064392 -0.1898626983165741 -0.47584041953086853 0.8587945699691772 1.053930401802063 0.5539047718048096 -0.7741231918334961 -0.30646824836730957 5.711404323577881 0.0 0.0 0.0 1.0
0.8267802000045776 0.4046180844306946 0.3907924294471741 -1.4718893766403198 -0.17771722376346588 -0.471250057220459 0.8639097213745117 1.0409321784973145 0.5337144136428833 -0.7837139964103699 -0.31771260499954224 5.719222545623779 0.0 0.0 0.0 1.0
0.8426723480224609 0.39125296473503113 0.36989784240722656 -1.3541046380996704 -0.16414012014865875 -0.4676249921321869 0.8685533404350281 1.1148043870925903 0.5127975344657898 -0.7926209568977356 -0.32983434200286865 5.725856304168701 0.0 0.0 0.0 1.0
0.8582854866981506 0.37723150849342346 0.3479114770889282 -1.168428897857666 -0.15041422843933105 -0.46325814723968506 0.873365581035614 1.2271771430969238 0.49063384532928467 -0.8019278645515442 -0.34086674451828003 5.667129993438721 0.0 0.0 0.0 1.0
0.8731318712234497 0.36322882771492004 0.32512396574020386 -0.8798878788948059 -0.1359829604625702 -0.45899122953414917 0.8779724836349487 1.3168061971664429 0.46813398599624634 -0.8107970356941223 -0.35136690735816956 5.619146347045898 0.0 0.0 0.0 1.0
0.8879793286323547 0.34833163022994995 0.3002628684043884 -0.6645865440368652 -0.12004450708627701 -0.4547075927257538 0.8825136423110962 1.2807774543762207 0.443939208984375 -0.8196987509727478 -0.3619556427001953 5.584822654724121 0.0 0.0 0.0 1.0
0.9014137387275696 0.33338209986686707 0.2762419879436493 -0.5768506526947021 -0.10461856424808502 -0.45140716433525085 0.8861639499664307 1.264528751373291 0.42012882232666016 -0.8277003765106201 -0.372026652097702 5.543426036834717 0.0 0.0 0.0 1.0
0.914359450340271 0.31765154004096985 0.25108617544174194 -0.4505026936531067 -0.08866562694311142 -0.44798341393470764 0.8896343111991882 1.162412405014038 0.3950761556625366 -0.8357083201408386 -0.38145309686660767 5.425209045410156 0.0 0.0 0.0 1.0
0.9262288212776184 0.30155789852142334 0.22619231045246124 -0.46910348534584045 -0.07288766652345657 -0.44544923305511475 0.8923353552818298 1.1669490337371826 0.36984795331954956 -0.8429933786392212 -0.3906081020832062 5.355312824249268 0.0 0.0 0.0 1.0
0.9373707175254822 0.2857707142829895 0.19917640089988708 -0.4697849452495575 -0.05560639500617981 -0.44170352816581726 0.89543616771698 1.1110944747924805 0.34386634826660156 -0.8504310846328735 -0.3981492817401886 5.3519182205200195 0.0 0.0 0.0 1.0
0.9474815726280212 0.26947730779647827 0.1722225695848465 -0.5115602016448975 -0.038570892065763474 -0.4382968544960022 0.8980023264884949 1.121038556098938 0.3174758553504944 -0.857483446598053 -0.4048842191696167 5.463919639587402 0.0 0.0 0.0 1.0
0.9567831754684448 0.25261661410331726 0.1440514475107193 -0.5632432103157043 -0.0209707859903574 -0.43413206934928894 0.9006051421165466 1.0485059022903442 0.2900451719760895 -0.8647046685218811 -0.4100726842880249 5.567378997802734 0.0 0.0 0.0 1.0
0.9652537107467651 0.23500309884548187 0.11427519470453262 -0.9169284701347351 -0.001613435335457325 -0.4319410026073456 0.9019004106521606 1.0163438320159912 0.26130953431129456 -0.8707470893859863 -0.4165534973144531 5.695773124694824 0.0 0.0 0.0 1.0
0.9724211692810059 0.21710678935050964 0.0852157399058342 -1.366971492767334 0.01661817356944084 -0.42893704771995544 0.9031814932823181 0.9704605937004089 0.23263902962207794 -0.8768566846847534 -0.4207153916358948 5.690303802490234 0.0 0.0 0.0 1.0
0.978396475315094 0.1990739107131958 0.05576654523611069 -1.604067325592041 0.03539705276489258 -0.42707154154777527 0.9035247564315796 0.9641758799552917 0.2036845088005066 -0.8820314407348633 -0.4248919188976288 5.670618534088135 0.0 0.0 0.0 1.0
0.983374834060669 0.17989669740200043 0.02471962384879589 -1.7003891468048096 0.054906297475099564 -0.42433276772499084 0.9038401246070862 1.0132396221160889 0.1730872094631195 -0.8874564170837402 -0.42715564370155334 5.719215393066406 0.0 0.0 0.0 1.0
0.9870190620422363 0.16047541797161102 -0.00640271557494998 -1.6606234312057495 0.07449158281087875 -0.42212024331092834 0.9034741520881653 1.1367483139038086 0.14228267967700958 -0.8922231197357178 -0.42859479784965515 5.806007385253906 0.0 0.0 0.0 1.0
0.9893798232078552 0.14057503640651703 -0.03696170821785927 -1.488586664199829 0.09324571490287781 -0.41876673698425293 0.903293788433075 1.2588117122650146 0.11150221526622772 -0.8971471786499023 -0.42742738127708435 5.8008012771606445 0.0 0.0 0.0 1.0
0.9903315305709839 0.12027989327907562 -0.0691104605793953 -1.3026691675186157 0.11355341225862503 -0.4167284071445465 0.9019107818603516 1.2782353162765503 0.07968144118785858 -0.901038408279419 -0.4263574481010437 5.691683292388916 0.0 0.0 0.0 1.0
0.9898272156715393 0.0995820164680481 -0.10161425918340683 -1.2165155410766602 0.13411784172058105 -0.4147370755672455 0.9000030755996704 1.1777844429016113 0.04748092219233513 -0.9044758677482605 -0.42387378215789795 5.695683479309082 0.0 0.0 0.0 1.0
0.9879058599472046 0.07827498018741608 -0.13384710252285004 -1.2111259698867798 0.15432852506637573 -0.4129219949245453 0.8975957632064819 1.1164934635162354 0.014990875497460365 -0.9073965549468994 -0.42000812292099 5.5875420570373535 0.0 0.0 0.0 1.0
0.9847418069839478 0.05794929340481758 -0.1640896499156952 -1.2287490367889404 0.1733333170413971 -0.410405695438385 0.8952780365943909 1.0760992765426636 -0.015462595038115978 -0.910059928894043 -0.4141881763935089 5.415187835693359 0.0 0.0 0.0 1.0
0.9800025820732117 0.038473084568977356 -0.19523002207279205 -1.1771495342254639 0.193759948015213 -0.40786120295524597 0.8922479152679443 1.1147427558898926 -0.0452992208302021 -0.9122329950332642 -0.40715956687927246 5.318058490753174 0.0 0.0 0.0 1.0
0.9738994240760803 0.019740885123610497 -0.2261199951171875 -1.1103426218032837 0.21458829939365387 -0.4047378599643707 0.888897716999054 1.1034295558929443 -0.0739716961979866 -0.9142196774482727 -0.3984101116657257 5.157528400421143 0.0 0.0 0.0 1.0
0.9651620984077454 -0.002354371827095747 -0.26164212822914124 -0.9998222589492798 0.23831814527511597 -0.4048801362514496 0.8827664256095886 1.108685851097107 -0.10801205784082413 -0.9143667221069336 -0.39021384716033936 4.995616912841797 0.0 0.0 0.0 1.0
0.9539616107940674 -0.026882510632276535 -0.298721581697464 -0.9538887143135071 0.26220130920410156 -0.40884217619895935 0.8741273283958435 1.1630929708480835 -0.14562872052192688 -0.9122090935707092 -0.3829711079597473 5.029452323913574 0.0 0.0 0.0 1.0
0.9411762952804565 -0.05222595855593681 -0.3338557481765747 -1.0350751876831055 0.2842431962490082 -0.41192299127578735 0.8657512664794922 1.086142659187317 -0.1827375441789627 -0.909720778465271 -0.3728472888469696 5.093758583068848 0.0 0.0 0.0 1.0
0.9273011684417725 -0.07720395922660828 -0.36626777052879333 -1.1290912628173828 0.30350461602211 -0.4176274836063385 0.856429934501648 0.9273669719696045 -0.2190832644701004 -0.9053324460983276 -0.3638347089290619 5.106896877288818 0.0 0.0 0.0 1.0
0.9128363728523254 -0.10122349858283997 -0.395579993724823 -1.1930450201034546 0.32057467103004456 -0.4223807156085968 0.8478363156318665 0.799677312374115 -0.25290632247924805 -0.9007487893104553 -0.3531148135662079 5.063103199005127 0.0 0.0 0.0 1.0
0.8972142338752747 -0.12409961223602295 -0.4237993359565735 -1.2221643924713135 0.33690765500068665 -0.42805901169776917 0.8386052250862122 0.7188656330108643 -0.28548169136047363 -0.8951898217201233 -0.3422505557537079 5.1078972816467285 0.0 0.0 0.0 1.0
0.8812535405158997 -0.1455855667591095 -0.4496632218360901 -1.2081377506256104 0.3517873287200928 -0.43333983421325684 0.8297362327575684 0.7618548274040222 -0.31565460562705994 -0.8893938660621643 -0.330667108297348 5.19277286529541 0.0 0.0 0.0 1.0
0.8644734025001526 -0.16644389927387238 -0.4743227958679199 -1.1566760540008545 0.36581671237945557 -0.4388634264469147 0.8207173943519592 0.771158754825592 -0.3447663187980652 -0.8830035924911499 -0.31849780678749084 5.262372970581055 0.0 0.0 0.0 1.0
0.8470037579536438 -0.18693651258945465 -0.4976337254047394 -1.1087005138397217 0.3790011405944824 -0.4440567195415497 0.8118939399719238 0.8170253038406372 -0.3727502226829529 -0.8762809634208679 -0.3052685558795929 5.3472466468811035 0.0 0.0 0.0 1.0
0.8279867768287659 -0.2070470005273819 -0.5211232900619507 -0.9749473929405212 0.39256808161735535 -0.4495774507522583 0.802353024482727 0.9032247066497803 -0.4004100561141968 -0.8689140677452087 -0.29096415638923645 5.446880340576172 0.0 0.0 0.0 1.0
0.8074628710746765 -0.22743824124336243 -0.544312059879303 -0.911300778388977 0.4058983623981476 -0.45535510778427124 0.7924003005027771 0.9975250363349915 -0.4280773997306824 -0.8607691526412964 -0.27536553144454956 5.512728214263916 0.0 0.0 0.0 1.0
0.7855401635169983 -0.24729056656360626 -0.5672512650489807 -0.7935459613800049 0.4192170798778534 -0.4616093337535858 0.7817760705947876 1.046065092086792 -0.45517435669898987 -0.8519179224967957 -0.2589442729949951 5.631471157073975 0.0 0.0 0.0 1.0
0.7619876861572266 -0.26592832803726196 -0.5904717445373535 -0.8079068064689636 0.43238693475723267 -0.46986034512519836 0.7695926427841187 1.1859838962554932 -0.48209574818611145 -0.841732382774353 -0.24304383993148804 5.672885894775391 0.0 0.0 0.0 1.0
0.7382908463478088 -0.28443312644958496 -0.6115753650665283 -0.7697348594665527 0.44471612572669983 -0.47643789649009705 0.7584421634674072 1.1916760206222534 -0.5071037411689758 -0.8319283127784729 -0.2252577245235443 5.680765151977539 0.0 0.0 0.0 1.0
0.7136473655700684 -0.3018437922000885 -0.6321374177932739 -0.7988317608833313 0.4562625586986542 -0.4844456911087036 0.7464159727096558 1.2618846893310547 -0.5315372943878174 -0.8210985064506531 -0.20800337195396423 5.715260982513428 0.0 0.0 0.0 1.0
0.6883524656295776 -0.31874293088912964 -0.6515933275222778 -0.8852323889732361 0.4673926532268524 -0.4920508861541748 0.7344590425491333 1.3668354749679565 -0.5547206997871399 -0.8101165890693665 -0.189726322889328 5.7613654136657715 0.0 0.0 0.0 1.0
0.6615628600120544 -0.3356500566005707 -0.6705770492553711 -0.9978445172309875 0.47791871428489685 -0.5003775954246521 0.7219528555870056 1.5489592552185059 -0.5778653025627136 -0.7980985641479492 -0.17061780393123627 6.0425615310668945 0.0 0.0 0.0 1.0
0.6346034407615662 -0.3526820242404938 -0.6876727938652039 -1.1387780904769897 0.48769819736480713 -0.5075069665908813 0.7103429436683655 1.7021260261535645 -0.5995239615440369 -0.7861628532409668 -0.15006327629089355 6.295649528503418 0.0 0.0 0.0 1.0
0.6068161725997925 -0.3688882291316986 -0.7040565609931946 -1.2463104724884033 0.4970986247062683 -0.5150455832481384 0.6982986330986023 1.6210049390792847 -0.6202153563499451 -0.7737244367599487 -0.12916414439678192 6.502798557281494 0.0 0.0 0.0 1.0
0.5771256685256958 -0.3837723731994629 -0.7208638787269592 -1.3632724285125732 0.5065186023712158 -0.5241919159889221 0.6845886707305908 1.5019851922988892 -0.6405972838401794 -0.7602246999740601 -0.10813677310943604 6.725404739379883 0.0 0.0 0.0 1.0
0.5465602278709412 -0.3977131247520447 -0.7369505763053894 -1.4620920419692993 0.5148043036460876 -0.5345203876495361 0.6702719926834106 1.582435965538025 -0.6604910492897034 -0.7457293272018433 -0.08740317821502686 6.868042945861816 0.0 0.0 0.0 1.0
0.5155684947967529 -0.41164258122444153 -0.7514915466308594 -1.4526853561401367 0.5222504734992981 -0.544339656829834 0.6564668416976929 1.711104154586792 -0.6792963743209839 -0.7309204339981079 -0.06566382944583893 6.923744201660156 0.0 0.0 0.0 1.0
0.483583003282547 -0.4248955249786377 -0.765252411365509 -1.3200911283493042 0.5289624333381653 -0.55470871925354 0.6422592997550964 1.8995013236999512 -0.697385311126709 -0.7153754234313965 -0.04349394887685776 6.86667013168335 0.0 0.0 0.0 1.0
0.4504035711288452 -0.43847453594207764 -0.7777382135391235 -1.1066124439239502 0.5353503227233887 -0.5644975900650024 0.6282853484153748 2.0179331302642822 -0.7145184874534607 -0.6993443369865417 -0.019514255225658417 6.726314544677734 0.0 0.0 0.0 1.0
0.4148150384426117 -0.44936829805374146 -0.7911994457244873 -1.019622802734375 0.541022539138794 -0.5773252844810486 0.6115473508834839 2.2086548805236816 -0.7315894365310669 -0.6817358136177063 0.0036351587623357773 6.663109302520752 0.0 0.0 0.0 1.0
0.3777693510055542 -0.46217915415763855 -0.8022971749305725 -1.0852644443511963 0.5468728542327881 -0.5878371596336365 0.5961355566978455 2.328930377960205 -0.7471414804458618 -0.6639562845230103 0.03068636916577816 6.706062316894531 0.0 0.0 0.0 1.0
0.3394583761692047 -0.47152188420295715 -0.8139011859893799 -1.3271681070327759 0.5516492128372192 -0.6010520458221436 0.5782902836799622 2.3062117099761963 -0.7618734836578369 -0.6452934145927429 0.05608250945806503 6.723911762237549 0.0 0.0 0.0 1.0
0.2999459505081177 -0.48097720742225647 -0.8238284587860107 -1.5216724872589111 0.5557759404182434 -0.61378413438797 0.5606979131698608 2.2506277561187744 -0.7753357887268066 -0.6260430812835693 0.08321350067853928 6.742252826690674 0.0 0.0 0.0 1.0
0.25977587699890137 -0.48955538868904114 -0.8323773145675659 -1.70829176902771 0.5585209131240845 -0.6269986033439636 0.543071985244751 2.2272496223449707 -0.787763237953186 -0.6059771180152893 0.11054779589176178 6.66171407699585 0.0 0.0 0.0 1.0
0.2190549522638321 -0.49691852927207947 -0.8396945595741272 -1.8223203420639038 0.5607115626335144 -0.6401887536048889 0.5251294374465942 2.0756449699401855 -0.7985095381736755 -0.5858586430549622 0.1383914351463318 6.4404425621032715 0.0 0.0 0.0 1.0
0.17590521275997162 -0.5022858381271362 -0.846620500087738 -1.931259036064148 0.5622190237045288 -0.6547070741653442 0.5052409768104553 1.948746919631958 -0.808063805103302 -0.5648606419563293 0.16722828149795532 6.365545749664307 0.0 0.0 0.0 1.0
0.13253191113471985 -0.5069350004196167 -0.8517348170280457 -2.1237852573394775 0.5628064870834351 -0.6688621044158936 0.4856669306755066 1.971775770187378 -0.8158947229385376 -0.543728232383728 0.19666071236133575 6.303820610046387 0.0 0.0 0.0 1.0
0.08760062605142593 -0.5104658603668213 -0.8554242849349976 -2.199014902114868 0.5626847743988037 -0.6832548975944519 0.4653478264808655 1.8288618326187134 -0.8220170140266418 -0.5220990180969238 0.22737780213356018 6.267854690551758 0.0 0.0 0.0 1.0
0.04189356043934822 -0.5120590925216675 -0.8579279780387878 -2.2048141956329346 0.5617673397064209 -0.6980232000350952 0.44405075907707214 1.6419161558151245 -0.8262338638305664 -0.5005587935447693 0.2584154009819031 6.247207164764404 0.0 0.0 0.0 1.0
-0.0041540442034602165 -0.512093186378479 -0.8589198589324951 -2.1430532932281494 0.5594915747642517 -0.7130972743034363 0.42244696617126465 1.3960100412368774 -0.8288255929946899 -0.4788035750389099 0.2894740700721741 6.256926536560059 0.0 0.0 0.0 1.0
-0.05123858526349068 -0.5111244320869446 -0.857978105545044 -2.0724949836730957 0.5565102696418762 -0.7279720902442932 0.40044093132019043 1.3066188097000122 -0.8292592763900757 -0.45695561170578003 0.32174625992774963 6.358299732208252 0.0 0.0 0.0 1.0
-0.09857053309679031 -0.5087820291519165 -0.8552337288856506 -1.9849847555160522 0.5525556206703186 -0.742742121219635 0.37817513942718506 1.2523045539855957 -0.8276268243789673 -0.4352872669696808 0.35434284806251526 6.447062015533447 0.0 0.0 0.0 1.0
-0.14542971551418304 -0.5050329566001892 -0.8507596254348755 -1.8299334049224854 0.5470579862594604 -0.7575379610061646 0.35617950558662415 1.2608470916748047 -0.8243650794029236 -0.41361576318740845 0.3864508271217346 6.47530460357666 0.0 0.0 0.0 1.0
-0.1919771283864975 -0.49942371249198914 -0.844819962978363 -1.566408395767212 0.5407469272613525 -0.7722007632255554 0.33361467719078064 1.274438500404358 -0.8189857006072998 -0.3927873969078064 0.41830670833587646 6.471060276031494 0.0 0.0 0.0 1.0
-0.23746678233146667 -0.4934849441051483 -0.8367090821266174 -1.3494397401809692 0.5330367088317871 -0.7862820029258728 0.3124620020389557 1.21021568775177 -0.8120846152305603 -0.3717973232269287 0.44976145029067993 6.445886611938477 0.0 0.0 0.0 1.0
-0.2831430733203888 -0.48472830653190613 -0.8275678157806396 -1.245100498199463 0.524581253528595 -0.8006366491317749 0.28947439789772034 1.1531749963760376 -0.802897572517395 -0.3521639108657837 0.48097410798072815 6.448469638824463 0.0 0.0 0.0 1.0
-0.32694506645202637 -0.47554126381874084 -0.8166807293891907 -1.2727211713790894 0.5154668092727661 -0.8140395879745483 0.2676444351673126 1.25190269947052 -0.7920864224433899 -0.3334667980670929 0.5112719535827637 6.4878716468811035 0.0 0.0 0.0 1.0
-0.37009721994400024 -0.46444767713546753 -0.8045597672462463 -1.349334478378296 0.5057082176208496 -0.8272141814231873 0.24489979445934296 1.347565770149231 -0.7792863845825195 -0.3162357211112976 0.5410246849060059 6.519602298736572 0.0 0.0 0.0 1.0
-0.41081660985946655 -0.45313218235969543 -0.7911390066146851 -1.5091043710708618 0.49496257305145264 -0.8395828604698181 0.22385847568511963 1.5452907085418701 -0.765664279460907 -0.2996194362640381 0.5691980719566345 6.518293380737305 0.0 0.0 0.0 1.0
-0.44945818185806274 -0.44053444266319275 -0.77712082862854 -1.6420118808746338 0.48407864570617676 -0.8512506484985352 0.20258381962776184 1.7237411737442017 -0.7507697343826294 -0.2851346433162689 0.5958548784255981 6.584421157836914 0.0 0.0 0.0 1.0
-0.4863876402378082 -0.4281958043575287 -0.7616268396377563 -1.7312493324279785 0.47211021184921265 -0.8622754216194153 0.18328417837619781 1.8702033758163452 -0.735213577747345 -0.27042463421821594 0.6215556859970093 6.63172721862793 0.0 0.0 0.0 1.0
-0.5217884182929993 -0.4153411388397217 -0.7451366186141968 -1.8680588006973267 0.46000054478645325 -0.8725917339324951 0.16426552832126617 1.893090009689331 -0.7184262871742249 -0.25705140829086304 0.6463654041290283 6.620406150817871 0.0 0.0 0.0 1.0
-0.5552600622177124 -0.4013656675815582 -0.7284173965454102 -2.027617931365967 0.44727593660354614 -0.8825110197067261 0.14532214403152466 1.8998287916183472 -0.7011637091636658 -0.24511197209358215 0.6695443391799927 6.552166938781738 0.0 0.0 0.0 1.0
-0.5864975452423096 -0.38669443130493164 -0.7116797566413879 -2.152639865875244 0.4342946410179138 -0.8918198943138123 0.12667079269886017 1.9494905471801758 -0.6836730241775513 -0.23478658497333527 0.6909894347190857 6.583538055419922 0.0 0.0 0.0 1.0
-0.6153420209884644 -0.37256792187690735 -0.6946563124656677 -2.159839153289795 0.4212028682231903 -0.900301456451416 0.10975158959627151 2.067624807357788 -0.6662899851799011 -0.225056454539299 0.710919976234436 6.702170372009277 0.0 0.0 0.0 1.0
-0.6416938900947571 -0.35850656032562256 -0.678013265132904 -2.0653562545776367 0.40791621804237366 -0.9081540703773499 0.09413062781095505 2.109330654144287 -0.6494869589805603 -0.2161695659160614 0.728997528553009 6.8112006187438965 0.0 0.0 0.0 1.0
-0.6659610867500305 -0.3437997102737427 -0.6620404720306396 -1.9499070644378662 0.39443424344062805 -0.9155498147010803 0.07867778837680817 2.1294949054718018 -0.6331803798675537 -0.20873507857322693 0.7453269362449646 6.875149726867676 0.0 0.0 0.0 1.0
