-0.9998957514762878 -0.0139305479824543 0.003794147865846753 -0.520842432975769 0.013937287963926792 -0.9999013543128967 0.0017557183746248484 0.7259952425956726 0.0037693153135478497 0.0018084155162796378 0.999991238117218 13.163375854492188 0.0 0.0 0.0 1.0
-0.9999006986618042 -0.013436833396553993 0.004245704971253872 -0.5103045701980591 0.013443687930703163 -0.9999083876609802 0.0015900629805400968 0.7222226858139038 0.004223950672894716 0.0016469829715788364 0.9999897480010986 13.162816047668457 0.0 0.0 0.0 1.0
-0.999909520149231 -0.012423638254404068 0.005156996194273233 -0.4903939962387085 0.012429061345756054 -0.9999222159385681 0.001020742696709931 0.7120158076286316 0.00514391390606761 0.0010847470257431269 0.9999861717224121 13.17291259765625 0.0 0.0 0.0 1.0
-0.999923586845398 -0.0106072798371315 0.006347099784761667 -0.4664265513420105 0.010609627701342106 -0.9999436736106873 0.00033642450580373406 0.703809916973114 0.006343173794448376 0.00040373916272073984 0.9999797940254211 13.187077522277832 0.0 0.0 0.0 1.0
-0.9999418258666992 -0.008196969516575336 0.007011051755398512 -0.4525212049484253 0.008193920366466045 -0.9999663233757019 -0.00046348923933692276 0.7015951871871948 0.007014614529907703 -0.00040601426735520363 0.999975323677063 13.20850658416748 0.0 0.0 0.0 1.0
-0.9999713897705078 -0.004789659287780523 0.005850216839462519 -0.4644782841205597 0.004784713499248028 -0.9999881982803345 -0.0008591553778387606 0.7003418803215027 0.005854262970387936 -0.000831139215733856 0.9999825358390808 13.234823226928711 0.0 0.0 0.0 1.0
-0.9999896287918091 -0.0023085151333361864 0.003922048024833202 -0.48821765184402466 0.002304408000782132 -0.9999967813491821 -0.001051360392011702 0.7086247205734253 0.003924462478607893 -0.0010423114290460944 0.999991774559021 13.256864547729492 0.0 0.0 0.0 1.0
-0.9999999403953552 -7.067729166010395e-05 -0.00040836675907485187 -0.5034599304199219 7.091158477123827e-05 -0.9999998211860657 -0.000573749013710767 0.729669988155365 -0.00040832613012753427 -0.000573777942918241 0.9999997615814209 13.264994621276855 0.0 0.0 0.0 1.0
-0.9999633431434631 -9.607632819097489e-05 -0.008559632115066051 -0.5203779935836792 9.089057130040601e-05 -0.9999998211860657 0.0006062257452867925 0.7413568496704102 -0.008559688925743103 0.0006054255063645542 0.9999631643295288 13.27821159362793 0.0 0.0 0.0 1.0
-0.999874472618103 -0.0014107493916526437 -0.01578044332563877 -0.5045620799064636 0.0013765442417934537 -0.9999966621398926 0.0021782154217362404 0.7706204652786255 -0.015783464536070824 0.002156219445168972 0.9998731017112732 13.290760040283203 0.0 0.0 0.0 1.0
-0.9995710849761963 -0.00588167505338788 -0.028689337894320488 -0.498590886592865 0.005731896962970495 -0.9999695420265198 0.005300123710185289 0.8176414370536804 -0.028719637542963028 0.005133405793458223 0.9995743036270142 13.281805992126465 0.0 0.0 0.0 1.0
-0.9988989233970642 -0.012352562509477139 -0.045258887112140656 -0.4945833683013916 0.012024127878248692 -0.9998993873596191 0.007521867286413908 0.8499625325202942 -0.045347247272729874 0.006969386711716652 0.9989469647407532 13.285538673400879 0.0 0.0 0.0 1.0
-0.9980645775794983 -0.01897428184747696 -0.05922025814652443 -0.5040349960327148 0.018419023603200912 -0.9997812509536743 0.0099080391228199 0.8633419275283813 -0.05939530208706856 0.008798083290457726 0.9981957674026489 13.295331954956055 0.0 0.0 0.0 1.0
-0.9964289665222168 -0.02706201747059822 -0.07998109608888626 -0.5375906229019165 0.025988515466451645 -0.9995580315589905 0.014432761818170547 0.9053223133087158 -0.08033633232116699 0.012302631512284279 0.996691882610321 13.282344818115234 0.0 0.0 0.0 1.0
-0.9942532181739807 -0.03475278243422508 -0.10125622898340225 -0.620082676410675 0.03318442031741142 -0.9993023872375488 0.01713300123810768 0.9410356879234314 -0.10178101062774658 0.013674411922693253 0.9947128295898438 13.288264274597168 0.0 0.0 0.0 1.0
-0.9926798939704895 -0.03800094500184059 -0.11464106291532516 -0.6392113566398621 0.036076247692108154 -0.9991718530654907 0.0188179649412632 0.9504597187042236 -0.11526122689247131 0.014544395729899406 0.9932287335395813 13.284024238586426 0.0 0.0 0.0 1.0
-0.9906882643699646 -0.0399409644305706 -0.1301596462726593 -0.6251704692840576 0.03775814548134804 -0.9991025328636169 0.0191961620002985 0.9279513955116272 -0.13080954551696777 0.014102824963629246 0.9913071990013123 13.291192054748535 0.0 0.0 0.0 1.0
-0.9890778660774231 -0.04163893312215805 -0.14139008522033691 -0.5389376282691956 0.03934940695762634 -0.9990457892417908 0.01895163208246231 0.8857219219207764 -0.1420442909002304 0.013181024231016636 0.9897725582122803 13.296038627624512 0.0 0.0 0.0 1.0
-0.9880473613739014 -0.04309690371155739 -0.14800362288951874 -0.4230216443538666 0.04087803512811661 -0.9990019202232361 0.018002621829509735 0.8519719839096069 -0.1486317664384842 0.011737344786524773 0.9888229370117188 13.263154983520508 0.0 0.0 0.0 1.0
-0.9863426089286804 -0.047338034957647324 -0.15775734186172485 -0.28047484159469604 0.04537409916520119 -0.9988414645195007 0.01602957397699356 0.8034670352935791 -0.15833337604999542 0.00865255482494831 0.9873477816581726 13.168661117553711 0.0 0.0 0.0 1.0
-0.983551025390625 -0.055241990834474564 -0.17197588086128235 -0.2154790312051773 0.05380956456065178 -0.9984667897224426 0.012983448803424835 0.7120896577835083 -0.17242944240570068 0.0035159362014383078 0.9850155711174011 13.04892349243164 0.0 0.0 0.0 1.0
-0.9805700778961182 -0.0630398616194725 -0.18576401472091675 -0.22774860262870789 0.062037236988544464 -0.9980108737945557 0.011211036704480648 0.5908184051513672 -0.1861012578010559 -0.000531079072970897 0.982530415058136 12.934618949890137 0.0 0.0 0.0 1.0
-0.974443793296814 -0.07705069333314896 -0.2110033929347992 -0.346999853849411 0.07687500864267349 -0.9969996809959412 0.00904790312051773 0.37990981340408325 -0.21106746792793274 -0.0074042147025465965 0.9774434566497803 12.798696517944336 0.0 0.0 0.0 1.0
-0.9654369354248047 -0.0958058163523674 -0.24238978326320648 -0.5380664467811584 0.09696721285581589 -0.9952617883682251 0.007162593770772219 0.18340656161308289 -0.24192750453948975 -0.016588829457759857 0.9701524972915649 12.692998886108398 0.0 0.0 0.0 1.0
-0.9563354849815369 -0.11134457588195801 -0.27023106813430786 -0.7360579967498779 0.11409220099449158 -0.9934545755386353 0.005570611450821161 0.03729511424899101 -0.26908254623413086 -0.02550388313829899 0.9627794027328491 12.619477272033691 0.0 0.0 0.0 1.0
-0.942108690738678 -0.1334313601255417 -0.3076155483722687 -0.9795081615447998 0.13817360997200012 -0.9903872013092041 0.006417584605515003 -0.09935898333787918 -0.3055148124694824 -0.03645829111337662 0.9514890909194946 12.50786018371582 0.0 0.0 0.0 1.0
-0.9262133836746216 -0.15489408373832703 -0.3437100946903229 -1.1615298986434937 0.16159924864768982 -0.9868131875991821 0.009240754880011082 -0.19325624406337738 -0.34060898423194885 -0.04698437824845314 0.9390303492546082 12.448726654052734 0.0 0.0 0.0 1.0
-0.91355299949646 -0.16961221396923065 -0.3696654736995697 -1.2546885013580322 0.17716537415981293 -0.9840857982635498 0.013696213252842426 -0.21417315304279327 -0.3661055862903595 -0.05297970026731491 0.9290639758110046 12.44029712677002 0.0 0.0 0.0 1.0
-0.8978179693222046 -0.1852508783340454 -0.39950597286224365 -1.2565088272094727 0.19442349672317505 -0.9807553887367249 0.017844241112470627 -0.2539187967777252 -0.39512327313423157 -0.06165246665477753 0.9165568947792053 12.488629341125488 0.0 0.0 0.0 1.0
-0.8830283880233765 -0.1981056034564972 -0.42545855045318604 -1.2353951930999756 0.2069680243730545 -0.9780066609382629 0.02583085373044014 -0.22848649322986603 -0.42121854424476624 -0.06524693965911865 0.904609203338623 12.522308349609375 0.0 0.0 0.0 1.0
-0.8734372854232788 -0.20539893209934235 -0.4414958655834198 -1.160692811012268 0.2139623463153839 -0.9763518571853638 0.03093785047531128 -0.2056778520345688 -0.437409907579422 -0.06744121760129929 0.8967297673225403 12.538186073303223 0.0 0.0 0.0 1.0
-0.861815333366394 -0.21347399055957794 -0.46011218428611755 -0.9983989000320435 0.22165131568908691 -0.9744263887405396 0.03693055734038353 -0.18474701046943665 -0.45622918009757996 -0.07015714794397354 0.8870924115180969 12.526156425476074 0.0 0.0 0.0 1.0
-0.8500624895095825 -0.22056694328784943 -0.47827181220054626 -0.8242892026901245 0.22959861159324646 -0.9724470376968384 0.04038812592625618 -0.19438539445400238 -0.47400230169296265 -0.07547811418771744 0.8772826790809631 12.462381362915039 0.0 0.0 0.0 1.0
-0.8399158716201782 -0.2258957475423813 -0.493469774723053 -0.7137539982795715 0.23622089624404907 -0.9707769155502319 0.04233025014400482 -0.23739561438560486 -0.4886113107204437 -0.08101402223110199 0.8687322735786438 12.372697830200195 0.0 0.0 0.0 1.0
-0.8225418925285339 -0.23395825922489166 -0.5183515548706055 -0.6632826328277588 0.2469312697649002 -0.9679847955703735 0.04505961015820503 -0.3815850615501404 -0.5122985243797302 -0.09093379229307175 0.8539796471595764 12.292731285095215 0.0 0.0 0.0 1.0
-0.7985767126083374 -0.24424615502357483 -0.5501081943511963 -0.7112119793891907 0.26190808415412903 -0.963909924030304 0.047768060117959976 -0.6023591160774231 -0.5419219136238098 -0.10593132674694061 0.8337260484695435 12.2848482131958 0.0 0.0 0.0 1.0
-0.777812659740448 -0.25548794865608215 -0.5742241740226746 -0.7872934937477112 0.2750733494758606 -0.9598786234855652 0.054476767778396606 -0.7155300974845886 -0.5651036500930786 -0.11558104306459427 0.8168836236000061 12.272002220153809 0.0 0.0 0.0 1.0
-0.7449204325675964 -0.2705021798610687 -0.6098541617393494 -0.9495260715484619 0.29495933651924133 -0.9534555077552795 0.06262242048978806 -0.8195379972457886 -0.5984083414077759 -0.1332334727048874 0.7900356650352478 12.224526405334473 0.0 0.0 0.0 1.0
-0.7099311947822571 -0.28560322523117065 -0.6437612175941467 -1.0857630968093872 0.3141288459300995 -0.9465302228927612 0.07350900024175644 -0.8387787342071533 -0.6303339004516602 -0.15003763139247894 0.7616875171661377 12.205817222595215 0.0 0.0 0.0 1.0
-0.6830271482467651 -0.2971342206001282 -0.6672219634056091 -1.17103111743927 0.3267715573310852 -0.9413022398948669 0.08467837423086166 -0.8178154826164246 -0.6532183885574341 -0.16019152104854584 0.7400299906730652 12.25265884399414 0.0 0.0 0.0 1.0
-0.64992755651474 -0.30862072110176086 -0.6945123672485352 -1.1570490598678589 0.34044796228408813 -0.9352462887763977 0.09700311720371246 -0.7801174521446228 -0.6794772744178772 -0.17340032756328583 0.7129116058349609 12.36188793182373 0.0 0.0 0.0 1.0
-0.6187682151794434 -0.3218669593334198 -0.7166083455085754 -1.1176809072494507 0.35217785835266113 -0.9290624856948853 0.1131972000002861 -0.6818267703056335 -0.702208399772644 -0.18233075737953186 0.6882287859916687 12.451033592224121 0.0 0.0 0.0 1.0
-0.5971159934997559 -0.3315068185329437 -0.7304489612579346 -1.0847923755645752 0.36011970043182373 -0.9244699478149414 0.12517623603343964 -0.6104708313941956 -0.7167748808860779 -0.1883043348789215 0.6713979840278625 12.465611457824707 0.0 0.0 0.0 1.0
-0.5688304901123047 -0.34414422512054443 -0.7469916939735413 -1.0653694868087769 0.3697662055492401 -0.9182888865470886 0.14148683845996857 -0.5180278420448303 -0.7346460223197937 -0.19573023915290833 0.6496036052703857 12.427985191345215 0.0 0.0 0.0 1.0
-0.5431249737739563 -0.3540935218334198 -0.7613363265991211 -0.9925872087478638 0.3777672052383423 -0.9128248691558838 0.15505704283714294 -0.45880746841430664 -0.7498714327812195 -0.20339255034923553 0.6295429468154907 12.37572956085205 0.0 0.0 0.0 1.0
-0.5217335820198059 -0.36014872789382935 -0.7733607888221741 -0.975078821182251 0.3834984302520752 -0.9087749719619751 0.16449002921581268 -0.46057233214378357 -0.7620518207550049 -0.21076266467571259 0.6122549176216125 12.338467597961426 0.0 0.0 0.0 1.0
-0.49150803685188293 -0.3677331805229187 -0.7894251942634583 -0.8971210718154907 0.3925766944885254 -0.9027069807052612 0.17607839405536652 -0.49813899397850037 -0.777369499206543 -0.22336600720882416 0.5880511999130249 12.353300094604492 0.0 0.0 0.0 1.0
-0.4649999141693115 -0.375279039144516 -0.801835834980011 -0.8978262543678284 0.3999607264995575 -0.8970639705657959 0.18790331482887268 -0.5566240549087524 -0.7898142337799072 -0.23332782089710236 0.5672315359115601 12.402493476867676 0.0 0.0 0.0 1.0
-0.4285323917865753 -0.38345327973365784 -0.8181219696998596 -0.9263678789138794 0.40722399950027466 -0.890263020992279 0.20396175980567932 -0.5709800720214844 -0.8065535426139832 -0.245754674077034 0.5376579165458679 12.419408798217773 0.0 0.0 0.0 1.0
-0.38761264085769653 -0.3926754295825958 -0.8340038657188416 -1.0724897384643555 0.4140612781047821 -0.8824934363365173 0.22306625545024872 -0.5356451272964478 -0.8235955834388733 -0.2588654160499573 0.5046573281288147 12.396568298339844 0.0 0.0 0.0 1.0
-0.3554249405860901 -0.3980434834957123 -0.8457154035568237 -1.1845756769180298 0.41742315888404846 -0.8771511912345886 0.23741048574447632 -0.5038788914680481 -0.8363199234008789 -0.26863956451416016 0.4779139459133148 12.403266906738281 0.0 0.0 0.0 1.0
-0.31010299921035767 -0.402200311422348 -0.8614354729652405 -1.2941243648529053 0.4207454323768616 -0.8705974817276001 0.25501635670661926 -0.47122302651405334 -0.8525311946868896 -0.2833636999130249 0.4391988217830658 12.526302337646484 0.0 0.0 0.0 1.0
-0.26496341824531555 -0.40474388003349304 -0.8752009868621826 -1.3851501941680908 0.4233579635620117 -0.8643118739128113 0.27153825759887695 -0.4873172640800476 -0.8663500547409058 -0.29857560992240906 0.4003625512123108 12.685100555419922 0.0 0.0 0.0 1.0
-0.2348095327615738 -0.40639397501945496 -0.883010983467102 -1.4109771251678467 0.42553025484085083 -0.8597145080566406 0.28251543641090393 -0.49495434761047363 -0.8739499449729919 -0.30941057205200195 0.3748020827770233 12.777841567993164 0.0 0.0 0.0 1.0
-0.2002343386411667 -0.4093268811702728 -0.8901447653770447 -1.3891032934188843 0.42777368426322937 -0.8538956046104431 0.2964320480823517 -0.47587254643440247 -0.8814283013343811 -0.3214246332645416 0.346078485250473 12.8385591506958 0.0 0.0 0.0 1.0
-0.17060540616512299 -0.4117942154407501 -0.895164430141449 -1.2955764532089233 0.42975810170173645 -0.8486169576644897 0.3084757328033447 -0.44536083936691284 -0.8866801857948303 -0.3320765197277069 0.3217505216598511 12.848036766052246 0.0 0.0 0.0 1.0
-0.15115045011043549 -0.41342413425445557 -0.8979053497314453 -1.1718682050704956 0.4309723973274231 -0.8450278639793396 0.31652918457984924 -0.4139576256275177 -0.8896158337593079 -0.33912888169288635 0.3059007227420807 12.793057441711426 0.0 0.0 0.0 1.0
-0.12487125396728516 -0.41514796018600464 -0.9011433720588684 -0.997899055480957 0.43191519379615784 -0.8404216170310974 0.32732364535331726 -0.39990857243537903 -0.8932281136512756 -0.34834417700767517 0.28425320982933044 12.682716369628906 0.0 0.0 0.0 1.0
-0.09833195805549622 -0.41747862100601196 -0.9033506512641907 -0.7989088296890259 0.43276819586753845 -0.8353593945503235 0.33894893527030945 -0.46812134981155396 -0.896126389503479 -0.35761192440986633 0.2628140151500702 12.617020606994629 0.0 0.0 0.0 1.0
-0.07447972893714905 -0.42139628529548645 -0.9038130044937134 -0.7094529271125793 0.4339546859264374 -0.8297117352485657 0.3510865569114685 -0.5347539186477661 -0.8978508114814758 -0.36606505513191223 0.24466359615325928 12.583745956420898 0.0 0.0 0.0 1.0
-0.0421096496284008 -0.4274742305278778 -0.9030462503433228 -0.5964081883430481 0.43487051129341125 -0.8215820789337158 0.36863330006599426 -0.5420364737510681 -0.8995078802108765 -0.377185195684433 0.22049248218536377 12.530990600585938 0.0 0.0 0.0 1.0
-0.0039015058428049088 -0.4347221851348877 -0.9005561470985413 -0.5918948650360107 0.435846209526062 -0.8112635612487793 0.3897300660610199 -0.47606387734413147 -0.9000126719474792 -0.3909834623336792 0.19263716042041779 12.427437782287598 0.0 0.0 0.0 1.0
0.02790163829922676 -0.4388233721256256 -0.8981400728225708 -0.5906921625137329 0.4349465072154999 -0.8036476969718933 0.40616729855537415 -0.42343223094940186 -0.9000239372253418 -0.4019756019115448 0.16844159364700317 12.384071350097656 0.0 0.0 0.0 1.0
0.07490041106939316 -0.44327884912490845 -0.8932490348815918 -0.6349571943283081 0.4316684901714325 -0.7930740118026733 0.42976266145706177 -0.35121747851371765 -0.8989172577857971 -0.41777685284614563 0.13194793462753296 12.379261016845703 0.0 0.0 0.0 1.0
0.1207968145608902 -0.4449695646762848 -0.8873614072799683 -0.6261058449745178 0.42718786001205444 -0.7835990786552429 0.451090931892395 -0.3191518783569336 -0.8960573077201843 -0.4335603415966034 0.09542931616306305 12.451041221618652 0.0 0.0 0.0 1.0
0.15441367030143738 -0.4473303258419037 -0.8809381127357483 -0.6663679480552673 0.42236316204071045 -0.7761663198471069 0.46816155314445496 -0.27407437562942505 -0.893177330493927 -0.44436636567115784 0.06908517330884933 12.509324073791504 0.0 0.0 0.0 1.0
0.1962640881538391 -0.45077642798423767 -0.870793342590332 -0.7592408061027527 0.415374219417572 -0.7662270069122314 0.49026569724082947 -0.21269677579402924 -0.8882255554199219 -0.4579266607761383 0.03685806691646576 12.488154411315918 0.0 0.0 0.0 1.0
0.2342781275510788 -0.45071130990982056 -0.8613786101341248 -0.8143033385276794 0.4096846878528595 -0.7577481865882874 0.5079135298728943 -0.16988031566143036 -0.8816304206848145 -0.47188666462898254 0.0071257008239626884 12.432645797729492 0.0 0.0 0.0 1.0
0.2604938745498657 -0.44823527336120605 -0.8551187515258789 -0.7910653948783875 0.4068555235862732 -0.7522508502006531 0.5182539820671082 -0.14035820960998535 -0.8755635619163513 -0.48291176557540894 -0.013589744456112385 12.35407829284668 0.0 0.0 0.0 1.0
0.29265376925468445 -0.4434204697608948 -0.8471906781196594 -0.7040342092514038 0.4035663306713104 -0.7459321022033691 0.5298296809196472 -0.14505131542682648 -0.8668840527534485 -0.4969542920589447 -0.03935027867555618 12.173712730407715 0.0 0.0 0.0 1.0
0.32513946294784546 -0.43693095445632935 -0.8386749625205994 -0.6046743392944336 0.4014332592487335 -0.739219605922699 0.5407455563545227 -0.23131391406059265 -0.8562334179878235 -0.5124897360801697 -0.0649508461356163 12.039876937866211 0.0 0.0 0.0 1.0
0.35048753023147583 -0.4319911599159241 -0.8309886455535889 -0.5206897258758545 0.4000583291053772 -0.7331967353820801 0.5498871207237244 -0.3232395350933075 -0.8468245267868042 -0.5251725316047668 -0.0841546505689621 11.963109016418457 0.0 0.0 0.0 1.0
0.3857186734676361 -0.4271221160888672 -0.8177944421768188 -0.45744702219963074 0.3945688307285309 -0.7248718738555908 0.5646912455558777 -0.4301202595233917 -0.8339883685112 -0.5404881834983826 -0.11106754094362259 11.860068321228027 0.0 0.0 0.0 1.0
0.42473992705345154 -0.41960835456848145 -0.8021999597549438 -0.5235861539840698 0.38759446144104004 -0.7164989709854126 0.5799997448921204 -0.5121259689331055 -0.8181482553482056 -0.5572773218154907 -0.14168787002563477 11.720232009887695 0.0 0.0 0.0 1.0
0.4557887315750122 -0.41272443532943726 -0.7886160016059875 -0.5723308324813843 0.38048452138900757 -0.7106257081031799 0.5918129682540894 -0.5439869165420532 -0.8046664595603943 -0.5697978734970093 -0.1668599545955658 11.60328197479248 0.0 0.0 0.0 1.0
0.4981692135334015 -0.4025474786758423 -0.7679733037948608 -0.5992897748947144 0.36826425790786743 -0.7036197185516357 0.6077011823654175 -0.5666735768318176 -0.7849897146224976 -0.5855551362037659 -0.20227783918380737 11.463091850280762 0.0 0.0 0.0 1.0
0.5419561862945557 -0.3905390202999115 -0.7441523671150208 -0.5998477339744568 0.3543253242969513 -0.6967383623123169 0.623706042766571 -0.5991490483283997 -0.7620610594749451 -0.6016933917999268 -0.23922382295131683 11.39769458770752 0.0 0.0 0.0 1.0
0.5733014941215515 -0.381414532661438 -0.7251540422439575 -0.5397472977638245 0.34511423110961914 -0.6902897953987122 0.6359215378761292 -0.6527218222618103 -0.7431161403656006 -0.6148357391357422 -0.26411256194114685 11.377410888671875 0.0 0.0 0.0 1.0
0.6111571192741394 -0.3686440587043762 -0.7004202604293823 -0.47056642174720764 0.33388617634773254 -0.6822570562362671 0.6504193544387817 -0.7035531997680664 -0.7176399230957031 -0.6313690543174744 -0.2938810884952545 11.3454008102417 0.0 0.0 0.0 1.0
0.6477364301681519 -0.3573780059814453 -0.6728435754776001 -0.4760281443595886 0.3219359815120697 -0.6720391511917114 0.6668737530708313 -0.691082239151001 -0.6905032396316528 -0.6485709547996521 -0.3202514052391052 11.260109901428223 0.0 0.0 0.0 1.0
0.6728379130363464 -0.3468981087207794 -0.653414785861969 -0.45475584268569946 0.3143874704837799 -0.6654403209686279 0.6770153045654297 -0.6658636331558228 -0.6696638464927673 -0.6609469652175903 -0.33867305517196655 11.156055450439453 0.0 0.0 0.0 1.0
0.7056597471237183 -0.33312660455703735 -0.6253567337989807 -0.439785897731781 0.3027796447277069 -0.6561733484268188 0.6912026405334473 -0.6133067607879639 -0.6406003832817078 -0.6770991086959839 -0.36217114329338074 10.966658592224121 0.0 0.0 0.0 1.0
0.7374204397201538 -0.3184170126914978 -0.5956690907478333 -0.38845595717430115 0.28921273350715637 -0.6481142640113831 0.7044883966445923 -0.6043994426727295 -0.6103827357292175 -0.6917792558670044 -0.3858424425125122 10.747405052185059 0.0 0.0 0.0 1.0
0.760893702507019 -0.30598822236061096 -0.5721992254257202 -0.3199622631072998 0.2778500020503998 -0.6432518362998962 0.7134609222412109 -0.6523427963256836 -0.586378812789917 -0.7018534541130066 -0.4044274389743805 10.647035598754883 0.0 0.0 0.0 1.0
0.7944604158401489 -0.28856104612350464 -0.5343829989433289 -0.28590869903564453 0.2600254714488983 -0.6335581541061401 0.7286911606788635 -0.7076078653335571 -0.5488346219062805 -0.7178694605827332 -0.42830365896224976 10.549534797668457 0.0 0.0 0.0 1.0
0.825922429561615 -0.2715880572795868 -0.494056761264801 -0.2919462025165558 0.2404814511537552 -0.6228935122489929 0.7444275617599487 -0.7030670046806335 -0.5099223852157593 -0.7336508631706238 -0.44914981722831726 10.478728294372559 0.0 0.0 0.0 1.0
0.8503921627998352 -0.25962698459625244 -0.4576319456100464 -0.4197433888912201 0.22076602280139923 -0.6134390234947205 0.7582578063011169 -0.6197493076324463 -0.47759348154067993 -0.7458460927009583 -0.46434691548347473 10.408599853515625 0.0 0.0 0.0 1.0
0.8810293078422546 -0.2410823255777359 -0.407021701335907 -0.5546727180480957 0.1930040717124939 -0.602349042892456 0.7745482921600342 -0.4483344852924347 -0.4318990409374237 -0.7609565854072571 -0.4841573238372803 10.30596923828125 0.0 0.0 0.0 1.0
0.9085820913314819 -0.22460132837295532 -0.35218295454978943 -0.7215983271598816 0.16091938316822052 -0.589847207069397 0.7913186550140381 -0.3288293182849884 -0.3854653537273407 -0.7756510376930237 -0.49978190660476685 10.34761905670166 0.0 0.0 0.0 1.0
0.925480842590332 -0.21125462651252747 -0.314414918422699 -0.767004132270813 0.13956409692764282 -0.5814787149429321 0.8015013337135315 -0.330537885427475 -0.3521464467048645 -0.78565514087677 -0.5086638331413269 10.442008018493652 0.0 0.0 0.0 1.0
0.9441325068473816 -0.19511215388774872 -0.26560309529304504 -0.8108484745025635 0.1110101044178009 -0.5705462098121643 0.8137282729148865 -0.30425792932510376 -0.3103071451187134 -0.7977519631385803 -0.517011821269989 10.550666809082031 0.0 0.0 0.0 1.0
0.9578291177749634 -0.18030531704425812 -0.22372600436210632 -0.8057665228843689 0.08670701831579208 -0.5609501004219055 0.823296308517456 -0.2754926383495331 -0.27394384145736694 -0.8079758286476135 -0.5216606259346008 10.529757499694824 0.0 0.0 0.0 1.0
0.9660682082176208 -0.168954536318779 -0.19536274671554565 -0.8187294006347656 0.07055661827325821 -0.5549821853637695 0.828864574432373 -0.2581290900707245 -0.24846328794956207 -0.8145238757133484 -0.5242297649383545 10.481690406799316 0.0 0.0 0.0 1.0
0.9753078818321228 -0.15283013880252838 -0.15942853689193726 -0.7700129151344299 0.049958303570747375 -0.5505011677742004 0.8333382606506348 -0.23538856208324432 -0.21512480080127716 -0.8207261562347412 -0.5292729735374451 10.345830917358398 0.0 0.0 0.0 1.0
0.9831135869026184 -0.1343773603439331 -0.12421894073486328 -0.6926026344299316 0.030941074714064598 -0.5469706058502197 0.8365797996520996 -0.26135972142219543 -0.18036149442195892 -0.8262964487075806 -0.533576488494873 10.14340877532959 0.0 0.0 0.0 1.0
0.9881839752197266 -0.11892776936292648 -0.09668853133916855 -0.6686093211174011 0.016367414966225624 -0.5453412532806396 0.8380542993545532 -0.33535540103912354 -0.15239617228507996 -0.8297343254089355 -0.536950945854187 9.995911598205566 0.0 0.0 0.0 1.0
0.9940881133079529 -0.09242420643568039 -0.05697910115122795 -0.6819597482681274 -0.0026080214884132147 -0.5449576377868652 0.8384595513343811 -0.5396603941917419 -0.10854515433311462 -0.8333540558815002 -0.5419769287109375 9.858402252197266 0.0 0.0 0.0 1.0
0.9971237182617188 -0.07202064245939255 -0.023607781156897545 -0.6830024123191833 -0.01922517828643322 -0.5416443347930908 0.8403878808021545 -0.6462029814720154 -0.07331229001283646 -0.8375167846679688 -0.5414710640907288 9.77238655090332 0.0 0.0 0.0 1.0
0.9988877177238464 -0.040553949773311615 0.02405509538948536 -0.7664949297904968 -0.04216897860169411 -0.5400812029838562 0.8405557870864868 -0.7519688010215759 -0.021096153184771538 -0.8406352400779724 -0.5411906242370605 9.635363578796387 0.0 0.0 0.0 1.0
0.9971221089363098 -0.006329569965600967 0.07554791122674942 -0.8231061697006226 -0.06693648546934128 -0.5413861870765686 0.838105320930481 -0.8106642961502075 0.03559575229883194 -0.8407502174377441 -0.5402518510818481 9.500229835510254 0.0 0.0 0.0 1.0
0.9930897951126099 0.01848527416586876 0.11589186638593674 -0.8655204772949219 -0.08734984695911407 -0.5430692434310913 0.8351321816444397 -0.8473185300827026 0.0783749520778656 -0.8394843935966492 -0.5377018451690674 9.445027351379395 0.0 0.0 0.0 1.0
0.983500599861145 0.04795932024717331 0.17443175613880157 -0.8883578777313232 -0.1198718249797821 -0.5493851900100708 0.826926052570343 -0.8955070972442627 0.13548903167247772 -0.8341917395591736 -0.5345717072486877 9.036602020263672 0.0 0.0 0.0 1.0
0.9705726504325867 0.07661706954240799 0.22829487919807434 -0.9383732080459595 -0.14909978210926056 -0.5532564520835876 0.8195587396621704 -0.9534258246421814 0.1890978068113327 -0.8294800519943237 -0.5255520343780518 9.106711387634277 0.0 0.0 0.0 1.0
0.9593674540519714 0.09622420370578766 0.2652451992034912 -0.9613569974899292 -0.1692553460597992 -0.5558884739875793 0.8138431310653687 -0.9738184213638306 0.2257581651210785 -0.8256687521934509 -0.5170148611068726 9.16644287109375 0.0 0.0 0.0 1.0
0.9436918497085571 0.12239949405193329 0.3073499798774719 -0.9482647180557251 -0.18993958830833435 -0.5601990818977356 0.8062877655029297 -1.0072704553604126 0.27086639404296875 -0.8192651271820068 -0.5054067969322205 9.203518867492676 0.0 0.0 0.0 1.0
0.9276273250579834 0.1475864201784134 0.34311196208000183 -0.8745546936988831 -0.20628978312015533 -0.5633606910705566 0.8000432848930359 -1.000983476638794 0.3113713264465332 -0.8129225373268127 -0.4921431541442871 9.17068099975586 0.0 0.0 0.0 1.0
0.9162489771842957 0.16519403457641602 0.36496397852897644 -0.74777752161026 -0.21462303400039673 -0.5668360590934753 0.7953827977180481 -0.983893632888794 0.3382672369480133 -0.807098388671875 -0.4839085340499878 9.091574668884277 0.0 0.0 0.0 1.0
0.8999966979026794 0.18802665174007416 0.39325815439224243 -0.5968436598777771 -0.22518622875213623 -0.5719142556190491 0.7887998819351196 -0.9527380466461182 0.3732253313064575 -0.798473596572876 -0.4723799228668213 8.979472160339355 0.0 0.0 0.0 1.0
0.8812652826309204 0.21248041093349457 0.42216530442237854 -0.44379064440727234 -0.2341989129781723 -0.5795321464538574 0.7805724740028381 -0.9440014362335205 0.4105147123336792 -0.7867620587348938 -0.460958868265152 8.882024765014648 0.0 0.0 0.0 1.0
0.867544412612915 0.22914549708366394 0.44142842292785645 -0.2802405059337616 -0.2402428239583969 -0.5840645432472229 0.7753399014472961 -0.9348852634429932 0.43548834323883057 -0.778691828250885 -0.45165136456489563 8.849691390991211 0.0 0.0 0.0 1.0
0.8448163270950317 0.2522966265678406 0.47183871269226074 -0.2395055890083313 -0.252802312374115 -0.5889949798583984 0.7675779461860657 -0.9650915265083313 0.47156795859336853 -0.7677443027496338 -0.4338114261627197 8.818100929260254 0.0 0.0 0.0 1.0
0.8186327219009399 0.2729433476924896 0.5053141117095947 -0.28278258442878723 -0.26939961314201355 -0.5945504307746887 0.7575840950012207 -0.9836611151695251 0.507212221622467 -0.7563145756721497 -0.4131876230239868 8.845952033996582 0.0 0.0 0.0 1.0
0.797970175743103 0.2869788110256195 0.5299875140190125 -0.2962551712989807 -0.2835151255130768 -0.5972518920898438 0.7502728700637817 -0.9443368911743164 0.5318484902381897 -0.7489548325538635 -0.3952263593673706 8.904264450073242 0.0 0.0 0.0 1.0
0.7680595517158508 0.30349859595298767 0.5638911128044128 -0.29066455364227295 -0.3038833737373352 -0.6023624539375305 0.7381153702735901 -0.9028118252754211 0.563683807849884 -0.7382736802101135 -0.3704220652580261 9.056421279907227 0.0 0.0 0.0 1.0
0.7372697591781616 0.3200465440750122 0.5949819684028625 -0.21723125874996185 -0.32141268253326416 -0.6084664463996887 0.7255773544311523 -0.8799054026603699 0.5942450761795044 -0.7261809706687927 -0.34573689103126526 9.279189109802246 0.0 0.0 0.0 1.0
0.7146754860877991 0.3311881422996521 0.6160790324211121 -0.17476807534694672 -0.3331080973148346 -0.6133425831794739 0.7161353826522827 -0.887146532535553 0.615043044090271 -0.7170252799987793 -0.32801946997642517 9.472508430480957 0.0 0.0 0.0 1.0
0.6849803328514099 0.34513789415359497 0.6416243314743042 -0.202767476439476 -0.349124014377594 -0.6174777150154114 0.7048642635345459 -0.937859833240509 0.6394641399383545 -0.7068246603012085 -0.30246418714523315 9.637929916381836 0.0 0.0 0.0 1.0
0.6569904685020447 0.3588343858718872 0.6630244255065918 -0.22260428965091705 -0.36285635828971863 -0.620384693145752 0.6953114867210388 -0.9335992932319641 0.6608319282531738 -0.6973956823348999 -0.2773814797401428 9.68991470336914 0.0 0.0 0.0 1.0
0.6350812315940857 0.3681257367134094 0.6790841221809387 -0.21316282451152802 -0.3714628219604492 -0.625260591506958 0.6863414645195007 -0.9028844833374023 0.6772645115852356 -0.6881370544433594 -0.2603462338447571 9.660889625549316 0.0 0.0 0.0 1.0
0.6056452393531799 0.38247770071029663 0.697785496711731 -0.10739974677562714 -0.38091591000556946 -0.6305538415908813 0.676243245601654 -0.8500787615776062 0.6986393332481384 -0.6753610968589783 -0.23620012402534485 9.581021308898926 0.0 0.0 0.0 1.0
0.5737065672874451 0.3977352976799011 0.7160079479217529 0.034496139734983444 -0.3873240053653717 -0.6385186314582825 0.6650369167327881 -0.8603628277778625 0.7216930985450745 -0.6588631272315979 -0.21226990222930908 9.518169403076172 0.0 0.0 0.0 1.0
0.5448010563850403 0.41295483708381653 0.7298356294631958 0.08903326839208603 -0.39261701703071594 -0.6434369087219238 0.6571459770202637 -0.8706814646720886 0.7409747838973999 -0.6445597410202026 -0.18841201066970825 9.509576797485352 0.0 0.0 0.0 1.0
0.5028670430183411 0.43206363916397095 0.7486292719841003 0.10597921907901764 -0.39973706007003784 -0.6516740322113037 0.6446171402931213 -0.8769835233688354 0.766377866268158 -0.6234115362167358 -0.15499354898929596 9.537013053894043 0.0 0.0 0.0 1.0
0.4518299102783203 0.4527055621147156 0.7687050104141235 -0.048740748316049576 -0.40865784883499146 -0.6609206795692444 0.6294304132461548 -0.8760069608688354 0.7929996848106384 -0.5985328555107117 -0.11362204700708389 9.53708267211914 0.0 0.0 0.0 1.0
0.4082963764667511 0.4668912887573242 0.7844148278236389 -0.19004981219768524 -0.4160690903663635 -0.6696717739105225 0.6151635646820068 -0.8571467399597168 0.8125149607658386 -0.5775398015975952 -0.0791655108332634 9.563318252563477 0.0 0.0 0.0 1.0
0.3459409773349762 0.48155730962753296 0.8052498698234558 -0.38128599524497986 -0.4275205135345459 -0.6830660700798035 0.5921545028686523 -0.8064588904380798 0.8351951837539673 -0.5491113662719727 -0.030424918979406357 9.593975067138672 0.0 0.0 0.0 1.0
0.28222382068634033 0.4907672703266144 0.8243162035942078 -0.5147066712379456 -0.43825531005859375 -0.6983929872512817 0.5658441185951233 -0.7775881886482239 0.8533943891525269 -0.5209556221961975 0.017978226765990257 9.698454856872559 0.0 0.0 0.0 1.0
0.23497289419174194 0.49616938829421997 0.8358251452445984 -0.6257107853889465 -0.44486331939697266 -0.7096575498580933 0.546335756778717 -0.7795716524124146 0.8642247319221497 -0.5002020597457886 0.053977273404598236 9.807023048400879 0.0 0.0 0.0 1.0
0.1798567771911621 0.5014496445655823 0.846285879611969 -0.7044271230697632 -0.4512154161930084 -0.7224153876304626 0.5239471793174744 -0.7918924689292908 0.8741030693054199 -0.47609269618988037 0.09633051604032516 9.921539306640625 0.0 0.0 0.0 1.0
0.1310877948999405 0.5058193802833557 0.8526210784912109 -0.7753026485443115 -0.455745667219162 -0.7330287098884583 0.504940390586853 -0.8199112415313721 0.8804043531417847 -0.45476990938186646 0.13443389534950256 9.95177936553955 0.0 0.0 0.0 1.0
0.10149054229259491 0.5084317326545715 0.8551005125045776 -0.7279952764511108 -0.45642662048339844 -0.7399389147758484 0.4941306710243225 -0.7982823252677917 0.883953869342804 -0.44044020771980286 0.156964972615242 9.9178466796875 0.0 0.0 0.0 1.0
0.06644939631223679 0.5099853277206421 0.8576126098632812 -0.6191253662109375 -0.4558047950267792 -0.7490745782852173 0.48075902462005615 -0.752456784248352 0.8875958919525146 -0.422850102186203 0.1826782077550888 9.853633880615234 0.0 0.0 0.0 1.0
0.03512044996023178 0.5098565220832825 0.8595422506332397 -0.4538519084453583 -0.45315709710121155 -0.7584485411643982 0.4684062898159027 -0.7224854230880737 0.8907385468482971 -0.4059583246707916 0.20440803468227386 9.813572883605957 0.0 0.0 0.0 1.0
0.007766402792185545 0.5109494924545288 0.859575629234314 -0.3669472336769104 -0.44933822751045227 -0.7661461234092712 0.4594728946685791 -0.7302817702293396 0.8933279514312744 -0.38980862498283386 0.22363893687725067 9.832603454589844 0.0 0.0 0.0 1.0
-0.026785744354128838 0.5121521949768066 0.8584769368171692 -0.191327303647995 -0.44407182931900024 -0.7754923105239868 0.4487893581390381 -0.7403624057769775 0.8955907225608826 -0.36920425295829773 0.24820449948310852 9.86592960357666 0.0 0.0 0.0 1.0
-0.06911428272724152 0.5148929357528687 0.8544638752937317 -0.1877182424068451 -0.4388655722141266 -0.7848730683326721 0.4374599754810333 -0.7248772382736206 0.8958907723426819 -0.3447600305080414 0.28021472692489624 9.890142440795898 0.0 0.0 0.0 1.0
-0.10397566109895706 0.5152697563171387 0.8506974577903748 -0.2260650098323822 -0.4369511306285858 -0.7920328378677368 0.4263305068016052 -0.6790214776992798 0.8934555053710938 -0.32738521695137024 0.30749982595443726 9.915797233581543 0.0 0.0 0.0 1.0
-0.1529580056667328 0.5151638388633728 0.8433327078819275 -0.3027540147304535 -0.43590664863586426 -0.8010407090187073 0.4102672338485718 -0.5850669741630554 0.8868986368179321 -0.3048606812953949 0.34708893299102783 9.95480728149414 0.0 0.0 0.0 1.0
-0.2030414640903473 0.5117708444595337 0.8347842693328857 -0.3399595022201538 -0.43405023217201233 -0.8112450838088989 0.39176756143569946 -0.49470219016075134 0.8777098655700684 -0.28279322385787964 0.38685065507888794 10.057592391967773 0.0 0.0 0.0 1.0
-0.2401171624660492 0.5091423392295837 0.826509416103363 -0.37404364347457886 -0.43143555521965027 -0.8186807036399841 0.37897926568984985 -0.4235478639602661 0.8696017265319824 -0.26558610796928406 0.4162414073944092 10.148563385009766 0.0 0.0 0.0 1.0
-0.2864318788051605 0.5059043169021606 0.8136446475982666 -0.42209571599960327 -0.426401287317276 -0.8277989625930786 0.36459672451019287 -0.3662733733654022 0.857985258102417 -0.2425069957971573 0.45282629132270813 10.171469688415527 0.0 0.0 0.0 1.0
-0.32990825176239014 0.5009248852729797 0.800146758556366 -0.495040625333786 -0.41899579763412476 -0.8372382521629333 0.35138964653015137 -0.33506450057029724 0.8459332585334778 -0.2193317860364914 0.48609718680381775 10.121038436889648 0.0 0.0 0.0 1.0
-0.3601332902908325 0.4956716299057007 0.7903250455856323 -0.5079647898674011 -0.41131001710891724 -0.8447484970092773 0.34237995743751526 -0.30837586522102356 0.8373339176177979 -0.20176617801189423 0.5080967545509338 10.017119407653809 0.0 0.0 0.0 1.0
-0.3997798562049866 0.4866570830345154 0.7767502665519714 -0.5140525102615356 -0.40019550919532776 -0.8550519943237305 0.3297417461872101 -0.2923146188259125 0.824633002281189 -0.17902785539627075 0.536590576171875 9.815211296081543 0.0 0.0 0.0 1.0
-0.43714046478271484 0.4732517898082733 0.7648143172264099 -0.47527891397476196 -0.38763031363487244 -0.8664700388908386 0.3145987391471863 -0.34998539090156555 0.8115731477737427 -0.158941388130188 0.5622158646583557 9.668190956115723 0.0 0.0 0.0 1.0
-0.46501216292381287 0.46501249074935913 0.753343939781189 -0.45216694474220276 -0.37782183289527893 -0.8737983107566833 0.306148886680603 -0.4261718690395355 0.8006337285041809 -0.14226683974266052 0.5820187330245972 9.598918914794922 0.0 0.0 0.0 1.0
-0.4995943009853363 0.45275789499282837 0.7385227680206299 -0.39535319805145264 -0.3644276261329651 -0.8832792639732361 0.2949749529361725 -0.5105820894241333 0.78587406873703 -0.12177028506994247 0.6062787771224976 9.542360305786133 0.0 0.0 0.0 1.0
-0.524223804473877 0.44170475006103516 0.7280702590942383 -0.34632667899131775 -0.3543272018432617 -0.8905777931213379 0.28517261147499084 -0.5429788827896118 0.7743653059005737 -0.10848082602024078 0.6233701109886169 9.512764930725098 0.0 0.0 0.0 1.0
-0.556783139705658 0.42833444476127625 0.7117036581039429 -0.3104988634586334 -0.34200048446655273 -0.8990146517753601 0.27351105213165283 -0.5526278614997864 0.7569862604141235 -0.09111666679382324 0.6470468044281006 9.471976280212402 0.0 0.0 0.0 1.0
-0.5877575874328613 0.4151429533958435 0.6944043040275574 -0.254952609539032 -0.3313901126384735 -0.9065393805503845 0.2614707052707672 -0.5455783605575562 0.7380526065826416 -0.07643736153841019 0.6703996658325195 9.455957412719727 0.0 0.0 0.0 1.0
-0.6109727621078491 0.4049372375011444 0.6802485585212708 -0.19231568276882172 -0.3238031566143036 -0.9119387865066528 0.25203004479408264 -0.5349182486534119 0.7224014401435852 -0.06628313660621643 0.6882897019386292 9.484480857849121 0.0 0.0 0.0 1.0
-0.6410338282585144 0.3913126587867737 0.6602651476860046 -0.07203555107116699 -0.31299281120300293 -0.9187647104263306 0.2406386137008667 -0.4730302691459656 0.7007932662963867 -0.052400752902030945 0.7114372849464417 9.556862831115723 0.0 0.0 0.0 1.0
-0.6707151532173157 0.3788394331932068 0.6376690864562988 0.013803541660308838 -0.3024236559867859 -0.9246928095817566 0.2312641441822052 -0.3505581319332123 0.6772600412368774 -0.03773385286331177 0.7347754836082458 9.576231956481934 0.0 0.0 0.0 1.0
-0.6923060417175293 0.36923983693122864 0.6199792623519897 0.048341456800699234 -0.2944522202014923 -0.9289368391036987 0.22444207966327667 -0.2998823821544647 0.6587945222854614 -0.027171665802598 0.7518320679664612 9.565364837646484 0.0 0.0 0.0 1.0
-0.7222442626953125 0.3558425009250641 0.5930761694908142 0.0011548864422366023 -0.2832053005695343 -0.9344674944877625 0.21578991413116455 -0.27990904450416565 0.6309975981712341 -0.01210927776992321 0.7756902575492859 9.529579162597656 0.0 0.0 0.0 1.0
-0.7512903809547424 0.33963990211486816 0.5658687949180603 -0.04075523093342781 -0.27002373337745667 -0.9405534267425537 0.20602521300315857 -0.2947191596031189 0.6022042036056519 0.0019867506343871355 0.7983396053314209 9.419829368591309 0.0 0.0 0.0 1.0
-0.773269534111023 0.3259320855140686 0.5438956618309021 -0.08205657452344894 -0.2588331401348114 -0.945307731628418 0.1984909176826477 -0.33588728308677673 0.578843355178833 0.012708750553429127 0.8153397440910339 9.309677124023438 0.0 0.0 0.0 1.0
