-0.9998795986175537 0.007173440884798765 0.013760383240878582 0.17872068285942078 -0.007261637598276138 -0.9999533295631409 -0.006370223127305508 1.173288106918335 0.013714044354856014 -0.006469378713518381 0.9998850226402283 11.590924263000488 0.0 0.0 0.0 1.0
-0.9999693036079407 -0.00045886856969445944 0.007824747823178768 0.22796639800071716 0.00042767502600327134 -0.9999919533729553 -0.003987730946391821 1.1794511079788208 0.007826514542102814 -0.003984261769801378 0.9999614357948303 11.56254768371582 0.0 0.0 0.0 1.0
-0.9999610781669617 -0.008721082471311092 0.001346554490737617 0.29149189591407776 0.00871704239398241 -0.9999575614929199 -0.0029775851871818304 1.1591341495513916 0.0013724651653319597 -0.0029657313134521246 0.9999946355819702 11.533555030822754 0.0 0.0 0.0 1.0
-0.9994410276412964 -0.02951999567449093 -0.015692535787820816 0.5035039782524109 0.029637586325407028 -0.9995339512825012 -0.007314389105886221 1.070669174194336 -0.015469301491975784 -0.00777538912370801 0.9998500943183899 11.494060516357422 0.0 0.0 0.0 1.0
-0.9980478882789612 -0.043990086764097214 -0.0443309061229229 0.6805859208106995 0.04464394599199295 -0.998906672000885 -0.013868552632629871 0.9612675309181213 -0.043672360479831696 -0.015820587053894997 0.9989206194877625 11.37937068939209 0.0 0.0 0.0 1.0
-0.9949048161506653 -0.07309791445732117 -0.06943421810865402 0.926275372505188 0.07475019991397858 -0.9969704747200012 -0.021500462666153908 0.9131962060928345 -0.06765222549438477 -0.026581134647130966 0.9973548054695129 11.456771850585938 0.0 0.0 0.0 1.0
-0.9899654984474182 -0.10403276979923248 -0.09563235193490982 0.985195517539978 0.10494448989629745 -0.9944677352905273 -0.004540207330137491 1.1535440683364868 -0.09463095664978027 -0.014530736953020096 0.9954063892364502 11.448904037475586 0.0 0.0 0.0 1.0
-0.9863961935043335 -0.10691504925489426 -0.12486667186021805 0.9273693561553955 0.10680417716503143 -0.994251012802124 0.007601356599479914 1.1317780017852783 -0.12496151030063629 -0.005838332697749138 0.9921444058418274 11.405801773071289 0.0 0.0 0.0 1.0
-0.9837883114814758 -0.11933842301368713 -0.13386131823062897 1.2184550762176514 0.11938954889774323 -0.9928178191184998 0.00767411757260561 1.110222578048706 -0.1338157206773758 -0.0084319356828928 0.9909703731536865 11.460328102111816 0.0 0.0 0.0 1.0
-0.9797763228416443 -0.1334458887577057 -0.149099200963974 1.3052538633346558 0.1320800930261612 -0.9910556077957153 0.019070196896791458 1.2182596921920776 -0.1503104418516159 -0.0010085082612931728 0.9886383414268494 11.477354049682617 0.0 0.0 0.0 1.0
-0.9683787226676941 -0.15591128170490265 -0.19476747512817383 1.1420332193374634 0.1530509889125824 -0.9877705574035645 0.029744483530521393 1.226605772972107 -0.19702307879924774 -0.0010054308222606778 0.9803983569145203 11.5789794921875 0.0 0.0 0.0 1.0
-0.9497794508934021 -0.19900017976760864 -0.24149100482463837 1.0184767246246338 0.19645237922668457 -0.9798943400382996 0.03483652323484421 1.2774332761764526 -0.24356813728809357 -0.014354467391967773 0.9697775840759277 11.69986343383789 0.0 0.0 0.0 1.0
-0.9280070066452026 -0.25521305203437805 -0.2714208662509918 0.9830896258354187 0.2545429766178131 -0.966302752494812 0.03829999268054962 1.334998607635498 -0.2720493674278259 -0.033545609563589096 0.9616984128952026 11.69365119934082 0.0 0.0 0.0 1.0
-0.894148588180542 -0.3138462007045746 -0.31937259435653687 0.6339983940124512 0.3060234785079956 -0.9490011930465698 0.07580472528934479 1.7470273971557617 -0.3268759846687317 -0.029954819008708 0.9445924162864685 11.737404823303223 0.0 0.0 0.0 1.0
-0.8672869801521301 -0.3607807159423828 -0.3430022597312927 0.4910845458507538 0.3463338315486908 -0.9322343468666077 0.10484287142753601 1.9949102401733398 -0.35758379101753235 -0.027864430099725723 0.9334652423858643 11.697778701782227 0.0 0.0 0.0 1.0
-0.8535866141319275 -0.36921194195747375 -0.36752209067344666 0.7410659790039062 0.35689207911491394 -0.9283676147460938 0.10373825579881668 1.85121488571167 -0.3794969916343689 -0.042616140097379684 0.9242109656333923 11.753849983215332 0.0 0.0 0.0 1.0
-0.8425493240356445 -0.3820453882217407 -0.3796735107898712 0.9110740423202515 0.3663240373134613 -0.9232205152511597 0.11606306582689285 2.0130157470703125 -0.39486372470855713 -0.04129467532038689 0.9178112149238586 11.752948760986328 0.0 0.0 0.0 1.0
-0.8261175155639648 -0.3903462886810303 -0.40639832615852356 0.995868980884552 0.3719724714756012 -0.9195077419281006 0.12705129384994507 1.9941046237945557 -0.42328038811683655 -0.0462096743285656 0.9048195481300354 11.7631254196167 0.0 0.0 0.0 1.0
-0.8013823628425598 -0.40835481882095337 -0.43707284331321716 1.1133040189743042 0.3883760869503021 -0.9109563231468201 0.13900582492351532 2.2382476329803467 -0.4549179673194885 -0.058351822197437286 0.8886195421218872 11.76684856414795 0.0 0.0 0.0 1.0
-0.7722455859184265 -0.4337060749530792 -0.4642583131790161 1.3062012195587158 0.40888649225234985 -0.8985741138458252 0.15929976105690002 2.3922128677368164 -0.4862597584724426 -0.06681040674448013 0.8712564706802368 11.684895515441895 0.0 0.0 0.0 1.0
-0.7305242419242859 -0.47347691655158997 -0.4920913875102997 1.4997700452804565 0.44793379306793213 -0.8761592507362366 0.1780455857515335 2.529900312423706 -0.5154509544372559 -0.09035775065422058 0.8521419167518616 11.823027610778809 0.0 0.0 0.0 1.0
-0.6949374079704285 -0.4882744550704956 -0.527873158454895 1.6414475440979004 0.467710018157959 -0.8645300269126892 0.18394333124160767 2.1778650283813477 -0.5461770296096802 -0.11906246095895767 0.8291651010513306 11.997907638549805 0.0 0.0 0.0 1.0
-0.6468712091445923 -0.5189195871353149 -0.5588202476501465 1.6762924194335938 0.5074734091758728 -0.8398921489715576 0.19248858094215393 1.9419453144073486 -0.5692348480224609 -0.15907111763954163 0.8066399693489075 12.344406127929688 0.0 0.0 0.0 1.0
-0.6047506332397461 -0.5324555039405823 -0.5922565460205078 1.3111852407455444 0.5314839482307434 -0.8236525058746338 0.19779106974601746 1.6905211210250854 -0.593128502368927 -0.19516058266162872 0.7810959815979004 12.63540267944336 0.0 0.0 0.0 1.0
-0.5550982356071472 -0.5545248985290527 -0.6199743151664734 0.7321008443832397 0.549569845199585 -0.8039998412132263 0.2270621359348297 1.7588444948196411 -0.6243708729743958 -0.2146773785352707 0.7510490417480469 12.816069602966309 0.0 0.0 0.0 1.0
-0.5200595259666443 -0.5735594630241394 -0.6329041123390198 0.4108108878135681 0.565809428691864 -0.7864306569099426 0.24776290357112885 1.8765279054641724 -0.6398419737815857 -0.2292516678571701 0.7335161566734314 12.885436058044434 0.0 0.0 0.0 1.0
-0.5033611059188843 -0.5829792618751526 -0.6377795934677124 0.4020974040031433 0.5677897334098816 -0.7795426249504089 0.2644391655921936 2.035059928894043 -0.6513389348983765 -0.22901630401611328 0.7234010696411133 12.724919319152832 0.0 0.0 0.0 1.0
-0.4807588458061218 -0.5999458432197571 -0.6394809484481812 0.32471683621406555 0.5742806792259216 -0.7665470838546753 0.28741469979286194 2.1235015392303467 -0.6626255512237549 -0.2290644347667694 0.7130616307258606 12.528387069702148 0.0 0.0 0.0 1.0
-0.42928487062454224 -0.6044529676437378 -0.6710820198059082 -0.09398428350687027 0.5752663612365723 -0.7558056116104126 0.3127722442150116 1.8313167095184326 -0.6962636709213257 -0.25178250670433044 0.6721773743629456 12.486048698425293 0.0 0.0 0.0 1.0
-0.3791886568069458 -0.6174882650375366 -0.6891474723815918 -0.2159174233675003 0.5936802625656128 -0.7336192727088928 0.3306758999824524 1.6773658990859985 -0.7097603678703308 -0.2837446928024292 0.6447706818580627 12.46434497833252 0.0 0.0 0.0 1.0
-0.3368492126464844 -0.6220455765724182 -0.706818163394928 -0.1409517377614975 0.6087783575057983 -0.7165576815605164 0.34049075841903687 1.4538726806640625 -0.7182767391204834 -0.31560155749320984 0.6200597882270813 12.53101921081543 0.0 0.0 0.0 1.0
-0.30738410353660583 -0.638275682926178 -0.7057756185531616 0.1753525584936142 0.6322508454322815 -0.6912937760353088 0.3498167395591736 1.5061471462249756 -0.7111777663230896 -0.3386991024017334 0.6160430908203125 12.565888404846191 0.0 0.0 0.0 1.0
-0.29561954736709595 -0.6433706879615784 -0.7061750888824463 0.4406113922595978 0.637324333190918 -0.6834850907325745 0.35590144991874695 1.4083279371261597 -0.7116366624832153 -0.34485113620758057 0.6120873689651489 12.632183074951172 0.0 0.0 0.0 1.0
-0.2712850868701935 -0.6429674625396729 -0.716238260269165 0.4758729934692383 0.6398256421089172 -0.676391065120697 0.3648538291454315 1.2609992027282715 -0.7190462946891785 -0.35928821563720703 0.5948818325996399 12.732473373413086 0.0 0.0 0.0 1.0
-0.24754978716373444 -0.6482523083686829 -0.7200611233711243 0.3526780903339386 0.6362737417221069 -0.6692428588867188 0.38375744223594666 1.2940694093704224 -0.7306674122810364 -0.36315691471099854 0.5781368613243103 12.730254173278809 0.0 0.0 0.0 1.0
-0.21104274690151215 -0.6572235822677612 -0.723545491695404 0.13435986638069153 0.6366870403289795 -0.6540820002555847 0.40841928124427795 1.350464940071106 -0.741680920124054 -0.37447813153266907 0.5564849972724915 12.604584693908691 0.0 0.0 0.0 1.0
-0.1666748970746994 -0.6640211939811707 -0.7289000749588013 -0.03496222198009491 0.6418770551681519 -0.6342219114303589 0.4309946298599243 1.3986804485321045 -0.7484740018844604 -0.3960282504558563 0.5319288969039917 12.407920837402344 0.0 0.0 0.0 1.0
-0.1294318586587906 -0.6717603802680969 -0.7293732762336731 0.026158595457673073 0.6433266997337341 -0.616629958152771 0.45376020669937134 1.440923810005188 -0.7545714974403381 -0.41049426794052124 0.5119729042053223 12.050907135009766 0.0 0.0 0.0 1.0
-0.09972584247589111 -0.6746273040771484 -0.7313909530639648 0.15735644102096558 0.6377004384994507 -0.607583224773407 0.473477303981781 1.1743746995925903 -0.763801634311676 -0.4191904366016388 0.4908018708229065 11.770928382873535 0.0 0.0 0.0 1.0
-0.07318877428770065 -0.6727228760719299 -0.7362657785415649 0.42785578966140747 0.6308331489562988 -0.6030248999595642 0.4882730543613434 1.0681360960006714 -0.7724590301513672 -0.4287247359752655 0.46851053833961487 11.839699745178223 0.0 0.0 0.0 1.0
-0.0594690702855587 -0.674119770526886 -0.7362241148948669 0.9102243781089783 0.6382485032081604 -0.5927573442459106 0.49120011925697327 0.9522677659988403 -0.7675299644470215 -0.4406827688217163 0.4655066728591919 11.909812927246094 0.0 0.0 0.0 1.0
-0.03595712408423424 -0.6922283172607422 -0.7207822203636169 1.140416145324707 0.6296520233154297 -0.5757760405540466 0.5215556025505066 1.2722853422164917 -0.7760447263717651 -0.4350883364677429 0.4565662145614624 12.008367538452148 0.0 0.0 0.0 1.0
-0.006851005833595991 -0.6971002221107483 -0.7169409394264221 1.2763673067092896 0.6317371726036072 -0.5587817430496216 0.5372811555862427 1.2739781141281128 -0.7751523852348328 -0.4492373466491699 0.4442123770713806 11.892243385314941 0.0 0.0 0.0 1.0
0.039776235818862915 -0.6982513666152954 -0.7147467136383057 1.0833535194396973 0.6291130185127258 -0.5382333397865295 0.5608223080635071 1.3257070779800415 -0.7762954831123352 -0.4719638526439667 0.41787010431289673 11.797710418701172 0.0 0.0 0.0 1.0
0.10723230987787247 -0.7021572589874268 -0.7039008736610413 0.7615572214126587 0.6233029365539551 -0.5041024684906006 0.597807765007019 1.4354286193847656 -0.7745932340621948 -0.5028477907180786 0.3836006224155426 11.79556655883789 0.0 0.0 0.0 1.0
0.15843190252780914 -0.6956356167793274 -0.7007070779800415 0.5405255556106567 0.6130009889602661 -0.48703691363334656 0.6221131682395935 1.3504608869552612 -0.774034321308136 -0.5280967354774475 0.34926313161849976 11.862286567687988 0.0 0.0 0.0 1.0
0.21742284297943115 -0.6929200887680054 -0.6874511241912842 0.3266037106513977 0.6058290600776672 -0.45641666650772095 0.6516555547714233 1.456336498260498 -0.7653093934059143 -0.5581626892089844 0.320555716753006 11.875675201416016 0.0 0.0 0.0 1.0
0.2526502013206482 -0.6858227252960205 -0.6825064420700073 0.4328024089336395 0.6021080017089844 -0.44072410464286804 0.6657538414001465 1.436126947402954 -0.7573861479759216 -0.5791454315185547 0.30159032344818115 11.877840995788574 0.0 0.0 0.0 1.0
0.28694847226142883 -0.683790922164917 -0.6708878874778748 0.6507455110549927 0.5996222496032715 -0.4179614186286926 0.6824671626091003 1.5676772594451904 -0.7470700740814209 -0.5981122255325317 0.2900828719139099 11.798595428466797 0.0 0.0 0.0 1.0
0.31231406331062317 -0.6751683950424194 -0.6682870388031006 0.8333207368850708 0.5977038145065308 -0.4071289002895355 0.690649151802063 1.5138709545135498 -0.738383412361145 -0.6151371598243713 0.2763986587524414 11.860611915588379 0.0 0.0 0.0 1.0
0.3467499911785126 -0.6645951271057129 -0.6618744134902954 0.8631104826927185 0.5923520922660828 -0.3919656574726105 0.7039047479629517 1.5012089014053345 -0.7272437214851379 -0.6361416578292847 0.257760226726532 11.955982208251953 0.0 0.0 0.0 1.0
0.3784717619419098 -0.6463778614997864 -0.6625366806983948 0.8583724498748779 0.5877848863601685 -0.38510292768478394 0.7114806175231934 1.3830949068069458 -0.7150300741195679 -0.6587043404579163 0.23418055474758148 12.09195613861084 0.0 0.0 0.0 1.0
0.4147017002105713 -0.6333420872688293 -0.653376042842865 0.6634806394577026 0.5717329978942871 -0.37724852561950684 0.7285636067390442 1.501012921333313 -0.707915186882019 -0.6756932139396667 0.2056569755077362 12.316862106323242 0.0 0.0 0.0 1.0
0.4417249858379364 -0.6304112672805786 -0.6383264660835266 0.4837060868740082 0.5614426732063293 -0.36071252822875977 0.7447607517242432 1.738753080368042 -0.6997579336166382 -0.6873631477355957 0.1946040540933609 12.314980506896973 0.0 0.0 0.0 1.0
0.46580442786216736 -0.6260640025138855 -0.6253560185432434 0.3079993426799774 0.5460155606269836 -0.35277387499809265 0.759880006313324 1.7650364637374878 -0.6963427662849426 -0.6954095959663391 0.17751704156398773 12.23802661895752 0.0 0.0 0.0 1.0
0.4797695577144623 -0.6190033555030823 -0.6218166947364807 0.4041169285774231 0.5471911430358887 -0.34290367364883423 0.7635436654090881 1.8860135078430176 -0.6858593225479126 -0.7065775990486145 0.17419841885566711 12.217371940612793 0.0 0.0 0.0 1.0
0.49485015869140625 -0.6256099939346313 -0.603104829788208 0.34129413962364197 0.5366202592849731 -0.32589253783226013 0.7783526182174683 2.118797779083252 -0.6834925413131714 -0.7088061571121216 0.17444700002670288 12.14464282989502 0.0 0.0 0.0 1.0
0.5212615728378296 -0.6266533136367798 -0.5793030261993408 0.20504239201545715 0.508177638053894 -0.3174183666706085 0.8006254434585571 2.1167824268341064 -0.6855959892272949 -0.7117241024971008 0.15299318730831146 12.121908187866211 0.0 0.0 0.0 1.0
0.5570634007453918 -0.6138591766357422 -0.5593364238739014 0.22037146985530853 0.48369351029396057 -0.3076624274253845 0.819380521774292 2.060992479324341 -0.6750710606575012 -0.7269942760467529 0.12553223967552185 12.102890014648438 0.0 0.0 0.0 1.0
0.6003094911575317 -0.585929811000824 -0.5443480014801025 0.21251432597637177 0.4482937753200531 -0.3171330690383911 0.8357387781143188 1.7758560180664062 -0.6623150110244751 -0.7457297444343567 0.07229070365428925 12.49449348449707 0.0 0.0 0.0 1.0
0.6443538665771484 -0.5629357099533081 -0.5176016688346863 0.4659406840801239 0.43641963601112366 -0.28511202335357666 0.8533750772476196 1.9266561269760132 -0.6279697418212891 -0.7757670879364014 0.06196315586566925 12.631052017211914 0.0 0.0 0.0 1.0
0.6792823672294617 -0.5296792387962341 -0.507952094078064 0.5087188482284546 0.42792707681655884 -0.2764178216457367 0.8605065941810608 1.8666725158691406 -0.5961995124816895 -0.801893413066864 0.03889833390712738 12.840538024902344 0.0 0.0 0.0 1.0
0.7073470950126648 -0.5140596032142639 -0.4851832389831543 0.23868407309055328 0.41474297642707825 -0.2539995312690735 0.8737691640853882 1.9858989715576172 -0.5724057555198669 -0.8192844390869141 0.03353677690029144 12.824955940246582 0.0 0.0 0.0 1.0
0.7329083681106567 -0.49913179874420166 -0.46229076385498047 -0.044482357800006866 0.38404250144958496 -0.2573587894439697 0.8867231011390686 1.7701529264450073 -0.5615662932395935 -0.8274260759353638 0.003067418234422803 12.963362693786621 0.0 0.0 0.0 1.0
0.7374221682548523 -0.48541659116744995 -0.46965867280960083 0.16976813971996307 0.3897731304168701 -0.2620544135570526 0.8828388452529907 1.6100176572799683 -0.5516207218170166 -0.8340852856636047 -0.004042398650199175 12.92292308807373 0.0 0.0 0.0 1.0
0.7564820647239685 -0.4767146706581116 -0.44774770736694336 -0.09101425111293793 0.3700086176395416 -0.2525605261325836 0.8940395712852478 1.716107964515686 -0.5392851829528809 -0.8419954180717468 -0.014668972231447697 12.969869613647461 0.0 0.0 0.0 1.0
0.7786105275154114 -0.4669598937034607 -0.419182687997818 -0.2762598991394043 0.34043240547180176 -0.24682582914829254 0.9072942137718201 1.6235830783843994 -0.5271351337432861 -0.8491321802139282 -0.03321290388703346 12.834115982055664 0.0 0.0 0.0 1.0
0.8161760568618774 -0.4350292682647705 -0.38027113676071167 -0.5991555452346802 0.2997152507305145 -0.24391783773899078 0.9223203659057617 1.5843689441680908 -0.49399128556251526 -0.8667488694190979 -0.06869500130414963 13.02950668334961 0.0 0.0 0.0 1.0
0.8457955718040466 -0.4083291292190552 -0.3433615565299988 -0.5648148059844971 0.2754307985305786 -0.21699091792106628 0.9365109801292419 1.8668001890182495 -0.4569110572338104 -0.8866692185401917 -0.07106354832649231 12.954044342041016 0.0 0.0 0.0 1.0
0.870072603225708 -0.39146968722343445 -0.29954150319099426 -0.7108664512634277 0.22967830300331116 -0.21571539342403412 0.9490599036216736 1.7733376026153564 -0.4361439049243927 -0.8945492506027222 -0.09777596592903137 12.973733901977539 0.0 0.0 0.0 1.0
0.8833420872688293 -0.368513286113739 -0.28966307640075684 -0.49320629239082336 0.22231736779212952 -0.2146524339914322 0.9510517120361328 1.6994110345840454 -0.41265207529067993 -0.9045011401176453 -0.10768462717533112 12.956225395202637 0.0 0.0 0.0 1.0
0.901711642742157 -0.342250257730484 -0.26416078209877014 -0.5186307430267334 0.20301716029644012 -0.20425555109977722 0.957634449005127 1.7273013591766357 -0.38170695304870605 -0.9171392917633057 -0.1146969348192215 12.919402122497559 0.0 0.0 0.0 1.0
0.9148157835006714 -0.3229566812515259 -0.24251000583171844 -0.687543511390686 0.1866958737373352 -0.1942925751209259 0.9630135297775269 1.7356935739517212 -0.3581295609474182 -0.9262555837631226 -0.11744722723960876 12.796634674072266 0.0 0.0 0.0 1.0
0.9325612783432007 -0.2983722984790802 -0.20323258638381958 -1.133363962173462 0.15340308845043182 -0.18208880722522736 0.9712420701980591 1.822075366973877 -0.32679811120033264 -0.9369192123413086 -0.1240377426147461 12.73499584197998 0.0 0.0 0.0 1.0
0.9445309042930603 -0.2839371860027313 -0.16504858434200287 -1.4967604875564575 0.12016041576862335 -0.16893751919269562 0.9782748222351074 1.8478102684020996 -0.3056514859199524 -0.9438431262969971 -0.12544870376586914 12.482198715209961 0.0 0.0 0.0 1.0
0.9530344605445862 -0.2711397409439087 -0.13493923842906952 -1.588840126991272 0.09395606815814972 -0.1588750034570694 0.9828178882598877 1.7924230098724365 -0.28791946172714233 -0.9493376612663269 -0.12593811750411987 12.331483840942383 0.0 0.0 0.0 1.0
0.9522764682769775 -0.28017476201057434 -0.12112636864185333 -1.3968837261199951 0.07907511293888092 -0.1568375676870346 0.9844537377357483 1.68157160282135 -0.2948162257671356 -0.9470502138137817 -0.12719787657260895 12.157655715942383 0.0 0.0 0.0 1.0
0.956811249256134 -0.2640220820903778 -0.12167411297559738 -1.0448825359344482 0.08385062217712402 -0.15011164546012878 0.985106885433197 1.491791009902954 -0.278354674577713 -0.9527637958526611 -0.12149009853601456 12.048470497131348 0.0 0.0 0.0 1.0
0.9656775593757629 -0.2419883757829666 -0.09438496083021164 -1.025907278060913 0.05940035358071327 -0.1480044722557068 0.9872012138366699 1.341640591621399 -0.2528606057167053 -0.9589245319366455 -0.12855039536952972 11.955565452575684 0.0 0.0 0.0 1.0
0.9751483798027039 -0.21218164265155792 -0.06375408172607422 -0.8974851369857788 0.03253559023141861 -0.1474945843219757 0.9885275959968567 1.1735751628875732 -0.21915078163146973 -0.9660353660583496 -0.13692565262317657 11.988198280334473 0.0 0.0 0.0 1.0
0.9838706851005554 -0.1706843227148056 -0.05352923274040222 -0.5161994695663452 0.0285633634775877 -0.14550161361694336 0.9889456033706665 1.2194198369979858 -0.1765860915184021 -0.9745235443115234 -0.13827945291996002 12.096508979797363 0.0 0.0 0.0 1.0
0.9895254969596863 -0.14022481441497803 -0.034296613186597824 -0.2128114104270935 0.015310403890907764 -0.1342974305152893 0.9908227920532227 1.4531759023666382 -0.14354388415813446 -0.9809695482254028 -0.1307438313961029 12.103375434875488 0.0 0.0 0.0 1.0
0.9916119575500488 -0.1284908652305603 -0.013992107473313808 -0.11158201843500137 -0.0015172760467976332 -0.1198204755783081 0.992794394493103 1.6152162551879883 -0.12924155592918396 -0.9844456315040588 -0.11901037395000458 12.004828453063965 0.0 0.0 0.0 1.0
0.9918493628501892 -0.12650509178638458 0.015210031531751156 -0.2427760809659958 -0.03015289269387722 -0.11705955862998962 0.992667019367218 1.431462287902832 -0.12379694730043411 -0.9850347638130188 -0.11991994082927704 11.910802841186523 0.0 0.0 0.0 1.0
0.9930276870727539 -0.11120742559432983 0.03910176455974579 -0.3836261034011841 -0.05315070226788521 -0.12631599605083466 0.9905651211738586 1.2173551321029663 -0.10521902143955231 -0.9857368469238281 -0.13134603202342987 11.835163116455078 0.0 0.0 0.0 1.0
0.9940393567085266 -0.09501032531261444 0.05346743389964104 -0.5321589708328247 -0.06543522328138351 -0.12767979502677917 0.989654541015625 1.3273898363113403 -0.08720068633556366 -0.9872542023658752 -0.13313576579093933 11.79710578918457 0.0 0.0 0.0 1.0
0.994688093662262 -0.074980229139328 0.0705236941576004 -0.371823787689209 -0.07835431396961212 -0.10721493512392044 0.9911435842514038 1.516878366470337 -0.06675498187541962 -0.9914045333862305 -0.11252044141292572 11.663165092468262 0.0 0.0 0.0 1.0
0.9962141513824463 -0.049256984144449234 0.07163172215223312 -0.04836800694465637 -0.07705580443143845 -0.11885946989059448 0.9899165630340576 1.2710100412368774 -0.04024619609117508 -0.9916885495185852 -0.12220502644777298 11.551630020141602 0.0 0.0 0.0 1.0
0.993308424949646 -0.012774829752743244 0.11478329449892044 -0.07993006706237793 -0.11548091471195221 -0.12362592667341232 0.9855865240097046 1.336384654045105 0.001599490875378251 -0.992246687412262 -0.12427391856908798 11.661083221435547 0.0 0.0 0.0 1.0
0.9824211597442627 0.02432386949658394 0.18508648872375488 -0.18388555943965912 -0.18077877163887024 -0.12331630289554596 0.9757623076438904 1.3607977628707886 0.04655849561095238 -0.9920692443847656 -0.1167513057589531 11.796255111694336 0.0 0.0 0.0 1.0
0.9697673916816711 0.05642358958721161 0.2374185472726822 -0.31848904490470886 -0.22806763648986816 -0.13654568791389465 0.9640230536460876 1.199033260345459 0.08681211620569229 -0.9890255928039551 -0.11954916268587112 12.044846534729004 0.0 0.0 0.0 1.0
0.9619210958480835 0.08809713274240494 0.25874054431915283 -0.2762753665447235 -0.24306568503379822 -0.15723232924938202 0.9571818113327026 0.992452085018158 0.12500736117362976 -0.9836243391036987 -0.1298317015171051 12.240639686584473 0.0 0.0 0.0 1.0
0.9492601752281189 0.12001082301139832 0.29069316387176514 -0.4497734606266022 -0.2700442671775818 -0.16270209848880768 0.949001669883728 1.0146088600158691 0.16118685901165009 -0.9793494939804077 -0.12203839421272278 12.373112678527832 0.0 0.0 0.0 1.0
0.9405713677406311 0.12672600150108337 0.31506505608558655 -0.5914666652679443 -0.2939930558204651 -0.16052508354187012 0.942231297492981 0.9455440640449524 0.16998104751110077 -0.9788627028465271 -0.11372873932123184 12.220389366149902 0.0 0.0 0.0 1.0
0.9378190040588379 0.13392165303230286 0.32025063037872314 -0.5052579641342163 -0.2972983419895172 -0.16637013852596283 0.9401779770851135 0.8560633659362793 0.17919033765792847 -0.9769268035888672 -0.11621039360761642 12.136001586914062 0.0 0.0 0.0 1.0
0.9312098026275635 0.13807892799377441 0.337316632270813 -0.656960129737854 -0.31583964824676514 -0.15621311962604523 0.9358647465705872 0.866669774055481 0.1819164752960205 -0.9780243635177612 -0.10185638070106506 11.991869926452637 0.0 0.0 0.0 1.0
0.9190466403961182 0.14272604882717133 0.3673996925354004 -0.884046733379364 -0.34534648060798645 -0.15767689049243927 0.9251344799995422 0.7175222635269165 0.1899712234735489 -0.9771219491958618 -0.0956224799156189 11.971925735473633 0.0 0.0 0.0 1.0
0.907949686050415 0.15799295902252197 0.3881566524505615 -0.8895130753517151 -0.36439049243927 -0.15985433757305145 0.917423665523529 0.8358169198036194 0.20699501037597656 -0.974415123462677 -0.08756856620311737 11.994296073913574 0.0 0.0 0.0 1.0
0.8960877060890198 0.17885053157806396 0.40625032782554626 -0.805812656879425 -0.38043588399887085 -0.16206535696983337 0.9104962348937988 0.9380611181259155 0.22868184745311737 -0.9704366326332092 -0.07718361914157867 12.004563331604004 0.0 0.0 0.0 1.0
0.8796830177307129 0.21112918853759766 0.4261246621608734 -0.6348480582237244 -0.3973807096481323 -0.1658867448568344 0.9025353789329529 1.1644325256347656 0.26124000549316406 -0.9632788300514221 -0.062029093503952026 12.147552490234375 0.0 0.0 0.0 1.0
0.8621728420257568 0.2309437245130539 0.45091351866722107 -0.6431921124458313 -0.42048460245132446 -0.1702437400817871 0.8911844491958618 1.2228628396987915 0.2825786769390106 -0.9579572081565857 -0.049671243876218796 12.238178253173828 0.0 0.0 0.0 1.0
0.8441140055656433 0.2564811706542969 0.4708385169506073 -0.6481510996818542 -0.43790894746780396 -0.17690233886241913 0.8814427256584167 1.4106217622756958 0.3093658983707428 -0.9502226114273071 -0.037010353058576584 12.293830871582031 0.0 0.0 0.0 1.0
0.8188525438308716 0.2838469445705414 0.4989102780818939 -0.7536957859992981 -0.4627387523651123 -0.18785522878170013 0.8663620948791504 1.5829753875732422 0.3396371304988861 -0.9402878880500793 -0.022478749975562096 12.354500770568848 0.0 0.0 0.0 1.0
0.8003238439559937 0.29972654581069946 0.5192742943763733 -0.7364523410797119 -0.47574716806411743 -0.2096288800239563 0.8542367219924927 1.5886597633361816 0.36489230394363403 -0.9307092428207397 -0.025176936760544777 12.535188674926758 0.0 0.0 0.0 1.0
0.7792024612426758 0.3125990629196167 0.5432544350624084 -0.8749909400939941 -0.4941222667694092 -0.22686177492141724 0.8392716646194458 1.5602173805236816 0.38559919595718384 -0.9223966598510742 -0.022309094667434692 12.773133277893066 0.0 0.0 0.0 1.0
0.755804717540741 0.32354649901390076 0.5692775249481201 -1.0288183689117432 -0.5180881023406982 -0.23617786169052124 0.8220734596252441 1.6077837944030762 0.40042972564697266 -0.9162628650665283 -0.01087875571101904 12.935802459716797 0.0 0.0 0.0 1.0
0.7339634895324707 0.33048322796821594 0.5933619737625122 -1.145071029663086 -0.5403043031692505 -0.24525858461856842 0.8049344420433044 1.5032888650894165 0.41154444217681885 -0.9113885164260864 -0.0014493244234472513 12.87982177734375 0.0 0.0 0.0 1.0
0.7201133370399475 0.33223891258239746 0.6091421246528625 -1.0338666439056396 -0.5535075664520264 -0.25433051586151123 0.7930607199668884 1.4931278228759766 0.4184090793132782 -0.9082583785057068 0.0007499801577068865 12.796502113342285 0.0 0.0 0.0 1.0
0.7171419262886047 0.3384764790534973 0.6092135310173035 -0.7839744687080383 -0.5535687208175659 -0.2544150948524475 0.7929909825325012 1.3486367464065552 0.4234018921852112 -0.9059286117553711 0.004918252117931843 12.542576789855957 0.0 0.0 0.0 1.0
0.6964423060417175 0.33871161937713623 0.6326472759246826 -0.8458924889564514 -0.5689021944999695 -0.27675414085388184 0.7744401097297668 0.9097557067871094 0.43739962577819824 -0.8992672562599182 -4.9504022172186524e-05 12.459507942199707 0.0 0.0 0.0 1.0
0.656548023223877 0.34920501708984375 0.668580949306488 -1.1173545122146606 -0.6036142110824585 -0.28829315304756165 0.7433282732963562 0.9918136596679688 0.45232129096984863 -0.891595721244812 0.021506819874048233 12.563345909118652 0.0 0.0 0.0 1.0
0.6206585764884949 0.3745371103286743 0.6888431310653687 -1.1162300109863281 -0.6287174820899963 -0.2872155010700226 0.7226489782333374 1.217951774597168 0.46850526332855225 -0.8816060423851013 0.057215262204408646 12.384279251098633 0.0 0.0 0.0 1.0
0.5863344073295593 0.39821749925613403 0.7054323554039001 -1.1457860469818115 -0.6432411670684814 -0.3004544973373413 0.704249918460846 1.3206816911697388 0.49239495396614075 -0.8666890263557434 0.07998307049274445 12.295185089111328 0.0 0.0 0.0 1.0
0.5597112774848938 0.4284244775772095 0.7093487977981567 -1.021870732307434 -0.6417106986045837 -0.317537397146225 0.6981241703033447 1.4249364137649536 0.5243382453918457 -0.8459447026252747 0.09719530493021011 12.158385276794434 0.0 0.0 0.0 1.0
0.5376788973808289 0.443572998046875 0.717038631439209 -0.8830949664115906 -0.6373343467712402 -0.34294864535331726 0.6900660395622253 1.2738689184188843 0.5520020723342896 -0.8280273079872131 0.09830804914236069 12.117000579833984 0.0 0.0 0.0 1.0
0.509950578212738 0.45309722423553467 0.7311999201774597 -0.914853036403656 -0.6462703943252563 -0.35918334126472473 0.673291802406311 1.1211419105529785 0.567701518535614 -0.8158984184265137 0.10965757071971893 12.10560131072998 0.0 0.0 0.0 1.0
0.48011329770088196 0.4666511118412018 0.7427839040756226 -0.9051490426063538 -0.6537497639656067 -0.374248743057251 0.6576846241950989 1.0813305377960205 0.5848952531814575 -0.8013579845428467 0.12539125978946686 12.092339515686035 0.0 0.0 0.0 1.0
0.45257368683815 0.47498130798339844 0.7546985149383545 -0.9629051685333252 -0.6624829173088074 -0.38742560148239136 0.6411067247390747 1.0445895195007324 0.5969032049179077 -0.7901228666305542 0.13932836055755615 12.075133323669434 0.0 0.0 0.0 1.0
0.4182887077331543 0.48130080103874207 0.7703142762184143 -1.024888515472412 -0.6746012568473816 -0.4032779335975647 0.618287980556488 1.1204454898834229 0.6082332730293274 -0.7782778739929199 0.15599951148033142 12.04296875 0.0 0.0 0.0 1.0
0.4008843004703522 0.5059381723403931 0.763752818107605 -0.79032301902771 -0.66596919298172 -0.41154858469963074 0.6221839189529419 1.3698480129241943 0.6291079521179199 -0.7580596208572388 0.17195583879947662 11.882164001464844 0.0 0.0 0.0 1.0
0.39371243119239807 0.5105621814727783 0.764406144618988 -0.7410911917686462 -0.6670687198638916 -0.4134582281112671 0.6197351217269897 1.4673782587051392 0.6324633359909058 -0.7539088726043701 0.1777963936328888 11.576400756835938 0.0 0.0 0.0 1.0
0.35808098316192627 0.5244290232658386 0.7724973559379578 -1.0650665760040283 -0.688229501247406 -0.4108595848083496 0.5979419946670532 1.6482504606246948 0.630966067314148 -0.7457671165466309 0.21380652487277985 11.192273139953613 0.0 0.0 0.0 1.0
0.3299040198326111 0.5175085067749023 0.7895240783691406 -1.1927450895309448 -0.7044994831085205 -0.4217321574687958 0.5708086490631104 1.322077751159668 0.6283659934997559 -0.7445313334465027 0.22545333206653595 10.984403610229492 0.0 0.0 0.0 1.0
0.31265509128570557 0.5222162008285522 0.793433666229248 -1.1018649339675903 -0.7185226082801819 -0.416314035654068 0.5571426153182983 1.4703866243362427 0.6212664842605591 -0.7442935109138489 0.24506144225597382 10.836488723754883 0.0 0.0 0.0 1.0
0.3125253915786743 0.5302973985671997 0.7881069183349609 -0.6387658715248108 -0.7198984026908875 -0.4090634882450104 0.560725748538971 1.3795890808105469 0.6197371482849121 -0.7425979375839233 0.25391751527786255 10.582216262817383 0.0 0.0 0.0 1.0
0.2909182906150818 0.5256028175354004 0.7994424104690552 -0.5144559144973755 -0.7273752093315125 -0.4213081896305084 0.5416869521141052 0.9896447062492371 0.6215238571166992 -0.7390812039375305 0.25974419713020325 10.533879280090332 0.0 0.0 0.0 1.0
0.256671279668808 0.533174991607666 0.8061291575431824 -0.42722195386886597 -0.731397271156311 -0.4380855858325958 0.5226271152496338 0.8815604448318481 0.6318053007125854 -0.7237440347671509 0.27751874923706055 10.554622650146484 0.0 0.0 0.0 1.0
0.20959408581256866 0.5459839105606079 0.8111546635627747 -0.49394163489341736 -0.7322537302970886 -0.4621150493621826 0.5002540946006775 0.9877312779426575 0.6479774713516235 -0.6988213062286377 0.3029421865940094 10.539857864379883 0.0 0.0 0.0 1.0
0.1646285355091095 0.5632327198982239 0.8097322583198547 -0.6028522253036499 -0.7361774444580078 -0.47620198130607605 0.4809100031852722 1.1412981748580933 0.6564603447914124 -0.6752781271934509 0.33624276518821716 10.409809112548828 0.0 0.0 0.0 1.0
0.13138188421726227 0.5633693933486938 0.8156921863555908 -0.6070449352264404 -0.7329484820365906 -0.49881547689437866 0.4625685214996338 1.0451138019561768 0.6674768328666687 -0.6586334705352783 0.3473854064941406 10.372777938842773 0.0 0.0 0.0 1.0
0.09197027236223221 0.5664487481117249 0.8189488649368286 -0.7156902551651001 -0.7344968318939209 -0.5167271494865417 0.43989476561546326 1.0451709032058716 0.6723510026931763 -0.6419726014137268 0.3685312867164612 10.398101806640625 0.0 0.0 0.0 1.0
0.06373748183250427 0.5707150101661682 0.8186708092689514 -0.8742616176605225 -0.7370720505714417 -0.5261289477348328 0.4241617023944855 1.1208149194717407 0.6728018522262573 -0.6304543614387512 0.3871239721775055 10.39195728302002 0.0 0.0 0.0 1.0
0.026888467371463776 0.5786596536636353 0.8151257634162903 -1.0363866090774536 -0.7392820715904236 -0.5373504161834717 0.40585288405418396 1.078738808631897 0.6728588342666626 -0.613520622253418 0.4133441746234894 10.324848175048828 0.0 0.0 0.0 1.0
0.013705628924071789 0.5688145160675049 0.8223516345024109 -0.9449291825294495 -0.7383051514625549 -0.5488817095756531 0.3919622600078583 0.8658173084259033 0.6743276119232178 -0.6125184893608093 0.4124358892440796 10.228616714477539 0.0 0.0 0.0 1.0
0.015854278579354286 0.5683411955833435 0.8226402401924133 -0.6561219692230225 -0.736894965171814 -0.549456000328064 0.39380693435668945 0.9187411069869995 0.6758213043212891 -0.6124429702758789 0.41009652614593506 10.082587242126465 0.0 0.0 0.0 1.0
0.0020656087435781956 0.581989049911499 0.8131940364837646 -0.5236163139343262 -0.7451820969581604 -0.5413912534713745 0.389357328414917 0.9725049138069153 0.6668578386306763 -0.6067818999290466 0.4325695037841797 9.891651153564453 0.0 0.0 0.0 1.0
-0.03346993029117584 0.5849801898002625 0.8103566765785217 -0.5179402232170105 -0.7539551854133606 -0.547027587890625 0.36374780535697937 0.9260445833206177 0.6560726761817932 -0.5987979769706726 0.4593577980995178 9.856584548950195 0.0 0.0 0.0 1.0
-0.10569440573453903 0.5880947113037109 0.8018561601638794 -0.6459386348724365 -0.7447906136512756 -0.5811092853546143 0.3280228078365326 1.0164355039596558 0.65887451171875 -0.5625447630882263 0.4994274079799652 9.925667762756348 0.0 0.0 0.0 1.0
-0.16088923811912537 0.5835686326026917 0.7959662675857544 -0.5818304419517517 -0.7359463572502136 -0.6083078384399414 0.2972280979156494 0.9521923065185547 0.6576455235481262 -0.5379676818847656 0.5273453593254089 10.039546012878418 0.0 0.0 0.0 1.0
-0.2088278979063034 0.5828151106834412 0.785313606262207 -0.5236969590187073 -0.7283705472946167 -0.6285426616668701 0.2727828025817871 0.9630754590034485 0.6525850296020508 -0.5150346755981445 0.5557625889778137 10.108542442321777 0.0 0.0 0.0 1.0
-0.2356097400188446 0.5737392902374268 0.7844178080558777 -0.45479515194892883 -0.7224767208099365 -0.643252432346344 0.2534830868244171 0.8582575917243958 0.6500118374824524 -0.5070005059242249 0.5660698413848877 10.23292064666748 0.0 0.0 0.0 1.0
-0.26395925879478455 0.5650485754013062 0.7816941142082214 -0.3743346035480499 -0.7141883373260498 -0.6592034697532654 0.235341876745224 0.8475039005279541 0.6482750773429871 -0.49615612626075745 0.577553927898407 10.351593017578125 0.0 0.0 0.0 1.0
-0.29550492763519287 0.5595313310623169 0.7743393778800964 -0.362145334482193 -0.7082617282867432 -0.6722597479820251 0.21548117697238922 0.9806549549102783 0.6411256790161133 -0.48475921154022217 0.5949507355690002 10.582992553710938 0.0 0.0 0.0 1.0
-0.31851324439048767 0.5593410134315491 0.7653018832206726 -0.3000484108924866 -0.7012430429458618 -0.6822691559791565 0.2068019062280655 1.215725064277649 0.6378146409988403 -0.4707934856414795 0.6095457077026367 10.664669036865234 0.0 0.0 0.0 1.0
-0.34194251894950867 0.5589794516563416 0.7553921341896057 -0.21644289791584015 -0.6985880136489868 -0.6888585686683655 0.19351647794246674 1.1176024675369263 0.6285300850868225 -0.4615364074707031 0.626046359539032 10.584939002990723 0.0 0.0 0.0 1.0
-0.3525354862213135 0.5467708706855774 0.7594473958015442 -0.014707520604133606 -0.6983979344367981 -0.6938901543617249 0.1753760427236557 1.0880471467971802 0.6228635311126709 -0.4685702323913574 0.6264845728874207 10.52170181274414 0.0 0.0 0.0 1.0
-0.36934328079223633 0.5633894205093384 0.7390385270118713 0.01799195259809494 -0.6992150545120239 -0.692313015460968 0.1783282309770584 1.397934079170227 0.6121142506599426 -0.45088252425193787 0.6496315002441406 10.324751853942871 0.0 0.0 0.0 1.0
-0.40093114972114563 0.5558344721794128 0.7282185554504395 -0.11175445467233658 -0.6898109316825867 -0.7062508463859558 0.1592816859483719 1.3486614227294922 0.6028391718864441 -0.43847212195396423 0.6665786504745483 10.231940269470215 0.0 0.0 0.0 1.0
-0.4636403024196625 0.5349826812744141 0.7062798142433167 -0.5914694666862488 -0.6677380204200745 -0.7349289655685425 0.1183440312743187 1.4497278928756714 0.5823774933815002 -0.41674086451530457 0.697970986366272 10.363616943359375 0.0 0.0 0.0 1.0
-0.5054386258125305 0.5210573077201843 0.6877725124359131 -0.6349897384643555 -0.6298224329948425 -0.7676164507865906 0.11869555711746216 1.8621445894241333 0.5897927284240723 -0.3731812834739685 0.7161566019058228 10.430644989013672 0.0 0.0 0.0 1.0
-0.5564397573471069 0.5086575150489807 0.6569949388504028 -0.8266870379447937 -0.6175708770751953 -0.7821739315986633 0.08252370357513428 1.9932255744934082 0.5558605790138245 -0.3598214387893677 0.7493647336959839 10.675943374633789 0.0 0.0 0.0 1.0
-0.58709716796875 0.49160948395729065 0.6431462168693542 -0.7149050235748291 -0.6017757058143616 -0.7964487075805664 0.0594591423869133 1.7871991395950317 0.5414636731147766 -0.352121502161026 0.7634314298629761 10.911759376525879 0.0 0.0 0.0 1.0
-0.6071451306343079 0.46005403995513916 0.647861897945404 -0.4411172568798065 -0.5788094997406006 -0.8146646618843079 0.03607003018260002 1.2913964986801147 0.5443843603134155 -0.3530888855457306 0.7609033584594727 11.41647720336914 0.0 0.0 0.0 1.0
-0.6320440173149109 0.45088571310043335 0.6302558779716492 -0.5122499465942383 -0.5665135979652405 -0.8237793445587158 0.021211693063378334 1.0695823431015015 0.5287558436393738 -0.34364181756973267 0.7760976552963257 11.628719329833984 0.0 0.0 0.0 1.0
-0.6454980373382568 0.44741177558898926 0.6189951300621033 -0.5964640974998474 -0.5619555711746216 -0.8270832300186157 0.01180226169526577 0.7839022874832153 0.5172409415245056 -0.34022942185401917 0.7853061556816101 11.604515075683594 0.0 0.0 0.0 1.0
-0.6512767672538757 0.4552161991596222 0.6071382164955139 -0.6435509324073792 -0.5675398111343384 -0.823302149772644 0.008490657433867455 0.5073354840278625 0.5037233233451843 -0.33904534578323364 0.794550895690918 11.271292686462402 0.0 0.0 0.0 1.0
-0.6581476330757141 0.4557243585586548 0.599297046661377 -0.6278988718986511 -0.5581367611885071 -0.829556405544281 0.017875337973237038 0.3367791175842285 0.5052969455718994 -0.3227251172065735 0.8003271222114563 11.018038749694824 0.0 0.0 0.0 1.0
-0.6824852228164673 0.44493767619132996 0.5798658132553101 -0.8981503844261169 -0.5465583801269531 -0.8374207019805908 -0.0007208887254819274 0.049294497817754745 0.4852708876132965 -0.3174225389957428 0.8147116899490356 10.969250679016113 0.0 0.0 0.0 1.0
