-0.4923242926597595 -0.6800507307052612 -0.5432751178741455 2.206571102142334 0.6738524436950684 -0.6928619146347046 0.2566421627998352 6.231022834777832 -0.5509443283081055 -0.23973609507083893 0.7993665933609009 26.261564254760742 0.0 0.0 0.0 1.0
-0.4898480176925659 -0.682704508304596 -0.542184054851532 2.1456081867218018 0.6756120324134827 -0.6903249025344849 0.258843332529068 6.204716205596924 -0.5509966611862183 -0.23951217532157898 0.7993976473808289 26.20348358154297 0.0 0.0 0.0 1.0
-0.48711827397346497 -0.6839265823364258 -0.5431023836135864 2.0662755966186523 0.6765044331550598 -0.6887834072113037 0.2606130838394165 6.201172351837158 -0.552320122718811 -0.2404618114233017 0.7981983423233032 26.21478843688965 0.0 0.0 0.0 1.0
-0.4802905321121216 -0.6862056255340576 -0.5462992191314697 1.8627831935882568 0.6775814294815063 -0.6857771277427673 0.26569363474845886 6.083211421966553 -0.5569599866867065 -0.24255205690860748 0.7943324446678162 26.253137588500977 0.0 0.0 0.0 1.0
-0.47045445442199707 -0.6883466839790344 -0.5521335005760193 1.652470350265503 0.6807576417922974 -0.6812319755554199 0.26924341917037964 6.0196757316589355 -0.5614638328552246 -0.24920235574245453 0.7890859246253967 26.469322204589844 0.0 0.0 0.0 1.0
-0.3786073327064514 -0.7116031050682068 -0.5918424725532532 1.602230429649353 0.6929314732551575 -0.6418461203575134 0.32845014333724976 5.693989276885986 -0.6135979294776917 -0.28575262427330017 0.7360998392105103 27.040725708007812 0.0 0.0 0.0 1.0
-0.35974395275115967 -0.7188625931739807 -0.5948284864425659 1.6504130363464355 0.6969446539878845 -0.6308923959732056 0.34094420075416565 5.608619213104248 -0.620364785194397 -0.2919099032878876 0.7279671430587769 27.045124053955078 0.0 0.0 0.0 1.0
-0.33959537744522095 -0.7236103415489197 -0.600885272026062 1.6102356910705566 0.6991181969642639 -0.6215642094612122 0.35340020060539246 5.467906951904297 -0.6292127966880798 -0.30007675290107727 0.7169694900512695 27.200788497924805 0.0 0.0 0.0 1.0
-0.31846100091934204 -0.7304443120956421 -0.6041801571846008 1.5177909135818481 0.7039041519165039 -0.6091108918190002 0.3653803765773773 5.316582679748535 -0.6349027752876282 -0.3089255094528198 0.7081409096717834 27.310470581054688 0.0 0.0 0.0 1.0
-0.2956567406654358 -0.7354229092597961 -0.6097050309181213 1.4574936628341675 0.7091850638389587 -0.5965809226036072 0.3756963014602661 5.262864112854004 -0.6400340795516968 -0.32131659984588623 0.6979341506958008 27.393428802490234 0.0 0.0 0.0 1.0
-0.1522364467382431 -0.7566699981689453 -0.6358258724212646 1.9836114645004272 0.7345234155654907 -0.5170579552650452 0.4394615590572357 5.046573162078857 -0.6612861752510071 -0.4001269042491913 0.63450688123703 27.541765213012695 0.0 0.0 0.0 1.0
-0.1278843879699707 -0.7591098546981812 -0.6382772326469421 2.100616455078125 0.7359023094177246 -0.5040752291679382 0.45205754041671753 5.088769912719727 -0.664901077747345 -0.41189858317375183 0.6230940222740173 27.624984741210938 0.0 0.0 0.0 1.0
-0.1011427566409111 -0.7603288292884827 -0.6416153311729431 1.9956777095794678 0.7381665706634521 -0.4897293746471405 0.4639776349067688 5.135859489440918 -0.6669934391975403 -0.4266910254955292 0.6107819080352783 27.81764030456543 0.0 0.0 0.0 1.0
-0.07384923100471497 -0.7617790102958679 -0.6436139941215515 1.7335795164108276 0.7352592945098877 -0.4776034653186798 0.4809248447418213 5.231684684753418 -0.6737507581710815 -0.43770724534988403 0.5953757762908936 28.01869773864746 0.0 0.0 0.0 1.0
-0.0457262322306633 -0.7610861659049988 -0.6470370888710022 1.4370468854904175 0.7338403463363647 -0.46506085991859436 0.49517348408699036 5.217584609985352 -0.6777812838554382 -0.452179491519928 0.579781174659729 28.194255828857422 0.0 0.0 0.0 1.0
0.1121000200510025 -0.7426745295524597 -0.6602030992507935 2.282010793685913 0.7240844964981079 -0.3939627707004547 0.5661227703094482 4.3777899742126465 -0.6805403828620911 -0.5415052175521851 0.4935958981513977 28.559598922729492 0.0 0.0 0.0 1.0
0.13543760776519775 -0.740460991859436 -0.6583116054534912 2.5704121589660645 0.7219615578651428 -0.38128766417503357 0.5774003863334656 4.3689069747924805 -0.6785485744476318 -0.55347740650177 0.48294368386268616 28.505308151245117 0.0 0.0 0.0 1.0
0.1592504233121872 -0.739199161529541 -0.6543881893157959 2.6967523097991943 0.7187095880508423 -0.36762648820877075 0.5901756286621094 4.389351844787598 -0.6768277883529663 -0.5643007755279541 0.4727248549461365 28.480838775634766 0.0 0.0 0.0 1.0
0.18328070640563965 -0.7376636266708374 -0.6498157978057861 2.5760645866394043 0.7142006158828735 -0.3543049693107605 0.6036434769630432 4.464191913604736 -0.675518810749054 -0.5747350454330444 0.46190255880355835 28.531415939331055 0.0 0.0 0.0 1.0
0.20878654718399048 -0.7352016568183899 -0.6448928117752075 2.262542247772217 0.7082532048225403 -0.34105151891708374 0.6181110739707947 4.555369853973389 -0.6743779182434082 -0.5858006477355957 0.4495019316673279 28.642719268798828 0.0 0.0 0.0 1.0
0.38081371784210205 -0.6984854936599731 -0.6058869361877441 0.6812766790390015 0.6479082703590393 -0.2659250795841217 0.7137917876243591 4.723766803741455 -0.659693717956543 -0.6643808484077454 0.3512865900993347 29.520862579345703 0.0 0.0 0.0 1.0
0.4084218442440033 -0.689579427242279 -0.5980567336082458 0.9026638269424438 0.6384756565093994 -0.2524188756942749 0.7270719408988953 4.644686698913574 -0.6523346304893494 -0.6787967085838318 0.3371862769126892 29.743886947631836 0.0 0.0 0.0 1.0
0.44390761852264404 -0.6790911555290222 -0.5846205353736877 1.188797116279602 0.6228299736976624 -0.23522639274597168 0.7461577653884888 4.425166606903076 -0.6442273259162903 -0.6953443288803101 0.318539559841156 29.851375579833984 0.0 0.0 0.0 1.0
0.47039708495140076 -0.667778730392456 -0.5768865942955017 1.372312307357788 0.6146707534790039 -0.22111378610134125 0.7571582198143005 4.325169563293457 -0.6331717371940613 -0.7107602953910828 0.30645278096199036 29.950977325439453 0.0 0.0 0.0 1.0
0.49611616134643555 -0.6597992181777954 -0.5643879175186157 1.4707754850387573 0.6016786694526672 -0.2073890119791031 0.7713446617126465 4.2988409996032715 -0.6259804368019104 -0.7222567200660706 0.2940980792045593 29.949125289916992 0.0 0.0 0.0 1.0
0.6486814618110657 -0.5853682160377502 -0.48637068271636963 1.2551589012145996 0.5093108415603638 -0.14098279178142548 0.8489560484886169 3.6414859294891357 -0.565521776676178 -0.7984158992767334 0.20668144524097443 30.16843605041504 0.0 0.0 0.0 1.0
0.673031747341156 -0.5715126395225525 -0.46946948766708374 1.1094614267349243 0.48976483941078186 -0.13125964999198914 0.8619171977043152 3.56596302986145 -0.5542190074920654 -0.8100273013114929 0.1915648877620697 30.085716247558594 0.0 0.0 0.0 1.0
0.6959496140480042 -0.5579891204833984 -0.4519980549812317 0.9754980802536011 0.46920740604400635 -0.1231381967663765 0.8744606375694275 3.4296281337738037 -0.5435977578163147 -0.8206613659858704 0.17611464858055115 30.040903091430664 0.0 0.0 0.0 1.0
0.7177638411521912 -0.5429741740226746 -0.4358830749988556 0.8437259793281555 0.4516502618789673 -0.11337854713201523 0.8849617838859558 3.3373124599456787 -0.5299311876296997 -0.8320602774620056 0.1638554185628891 30.077444076538086 0.0 0.0 0.0 1.0
0.7387601733207703 -0.5283370614051819 -0.418441504240036 0.6337225437164307 0.43313077092170715 -0.10349453240633011 0.8953695297241211 3.3098866939544678 -0.5163633227348328 -0.8427032828330994 0.15238140523433685 30.110679626464844 0.0 0.0 0.0 1.0
0.8664169311523438 -0.4115181565284729 -0.28279757499694824 -2.0433573722839355 0.28702133893966675 -0.05298374965786934 0.956457793712616 3.3390085697174072 -0.4085834324359894 -0.9098601937294006 0.0722084790468216 30.27526092529297 0.0 0.0 0.0 1.0
0.8844600915908813 -0.3871620297431946 -0.2604531943798065 -2.1392533779144287 0.2638198435306549 -0.045480478554964066 0.963499128818512 3.2382192611694336 -0.3848758339881897 -0.9208892583847046 0.061915360391139984 30.210182189941406 0.0 0.0 0.0 1.0
0.9013396501541138 -0.36287185549736023 -0.23645468056201935 -2.141245126724243 0.23936861753463745 -0.03763234242796898 0.9701991677284241 3.187885284423828 -0.3609563410282135 -0.9310788512229919 0.05294061452150345 30.217361450195312 0.0 0.0 0.0 1.0
0.9165318608283997 -0.33800309896469116 -0.213829904794693 -1.9879213571548462 0.2167573720216751 -0.02954281121492386 0.9757784008979797 3.361229658126831 -0.33613327145576477 -0.9406812191009521 0.04618773236870766 30.22606658935547 0.0 0.0 0.0 1.0
0.9299401044845581 -0.314572811126709 -0.19040828943252563 -1.7263901233673096 0.19273658096790314 -0.023997226729989052 0.98095703125 3.6375951766967773 -0.31315168738365173 -0.9489299654960632 0.03831370547413826 30.567569732666016 0.0 0.0 0.0 1.0
0.9830400943756104 -0.17471617460250854 -0.05573488771915436 -1.0621215105056763 0.05804825946688652 0.008154457435011864 0.9982804656028748 4.125826835632324 -0.17396125197410583 -0.9845850467681885 0.01815812848508358 31.485445022583008 0.0 0.0 0.0 1.0
0.9882502555847168 -0.1497558057308197 -0.030571864917874336 -1.341668963432312 0.03229958564043045 0.00911772157996893 0.999436616897583 4.051182270050049 -0.14939269423484802 -0.9886809587478638 0.013847640715539455 31.467041015625 0.0 0.0 0.0 1.0
0.9923047423362732 -0.12376122921705246 -0.0037982184439897537 -1.6842435598373413 0.005161840934306383 0.010699384845793247 0.9999294281005859 4.022415637969971 -0.12371185421943665 -0.9922543168067932 0.011255885474383831 31.399267196655273 0.0 0.0 0.0 1.0
0.9948163628578186 -0.09863847494125366 0.024715008214116096 -2.083385705947876 -0.023875083774328232 0.00968667771667242 0.9996680021286011 3.8698785305023193 -0.09884513169527054 -0.9950761795043945 0.00728146405890584 31.31012725830078 0.0 0.0 0.0 1.0
0.9960927367210388 -0.07204022258520126 0.05108347162604332 -2.5576913356781006 -0.05050337314605713 0.009852259419858456 0.9986752867698669 3.8822646141052246 -0.07244808226823807 -0.9973530769348145 0.006175489164888859 31.112607955932617 0.0 0.0 0.0 1.0
0.977463960647583 0.07410593330860138 0.19766765832901 -4.652117729187012 -0.19736893475055695 -0.011406059376895428 0.9802629351615906 3.480693817138672 0.07489790767431259 -0.9971851706504822 0.0034771966747939587 31.01411247253418 0.0 0.0 0.0 1.0
0.9709809422492981 0.09741581231355667 0.21841730177402496 -4.793489456176758 -0.2180202603340149 -0.014832943677902222 0.9758315086364746 3.5455729961395264 0.09830119460821152 -0.9951332211494446 0.006836114451289177 30.988018035888672 0.0 0.0 0.0 1.0
0.9638745784759521 0.12012732774019241 0.2377292364835739 -4.847198963165283 -0.2372976839542389 -0.01809481345117092 0.9712684154510498 3.5870728492736816 0.12097754329442978 -0.9925935864448547 0.011064806021749973 31.036516189575195 0.0 0.0 0.0 1.0
0.9565143585205078 0.14237450063228607 0.2545776665210724 -4.9195098876953125 -0.2545618414878845 -0.01863553561270237 0.9668769240379333 3.56305193901062 0.14240281283855438 -0.9896374344825745 0.018417956307530403 30.99880027770996 0.0 0.0 0.0 1.0
0.9488502144813538 0.16439475119113922 0.26955071091651917 -5.156526565551758 -0.26971784234046936 -0.021734463050961494 0.9626941084861755 3.514054536819458 0.1641204059123993 -0.9861551523208618 0.023717449977993965 30.84663963317871 0.0 0.0 0.0 1.0
0.9174111485481262 0.2523598074913025 0.30768704414367676 -2.7515368461608887 -0.31363749504089355 -0.017350995913147926 0.9493842720985413 5.0746259689331055 0.2449250966310501 -0.9674779176712036 0.06323149800300598 31.32365608215332 0.0 0.0 0.0 1.0
0.9118835926055908 0.26373565196990967 0.314502477645874 -2.732856273651123 -0.32296401262283325 -0.011829354800283909 0.9463372826576233 5.515751361846924 0.2533032298088074 -0.9645224809646606 0.07439012825489044 31.47564697265625 0.0 0.0 0.0 1.0
0.904471218585968 0.27488377690315247 0.3261452913284302 -3.0022053718566895 -0.33632925152778625 -0.010643712244927883 0.9416843056678772 5.833779335021973 0.26232513785362244 -0.9614185690879822 0.08282452821731567 31.64052963256836 0.0 0.0 0.0 1.0
0.896133542060852 0.2863929271697998 0.3390040993690491 -3.3442976474761963 -0.35105860233306885 -0.009828424081206322 0.9363018870353699 6.082252502441406 0.27148211002349854 -0.9580618143081665 0.09173312038183212 31.710201263427734 0.0 0.0 0.0 1.0
0.8863076567649841 0.2978045344352722 0.35464227199554443 -3.7304294109344482 -0.3677857518196106 -0.012704593129456043 0.9298237562179565 6.196817874908447 0.2814113199710846 -0.954542338848114 0.09826808422803879 31.714075088500977 0.0 0.0 0.0 1.0
0.7918192744255066 0.4032436013221741 0.4587121307849884 -3.5629184246063232 -0.4765651524066925 -0.06180049851536751 0.876964271068573 5.632843971252441 0.3819788694381714 -0.9130034446716309 0.14323702454566956 30.77734375 0.0 0.0 0.0 1.0
0.7742618322372437 0.4226435422897339 0.4710531532764435 -3.4453065395355225 -0.4906634986400604 -0.06921389698982239 0.8685958385467529 5.550362586975098 0.3997098505496979 -0.9036492109298706 0.1537860631942749 30.920284271240234 0.0 0.0 0.0 1.0
0.7560635805130005 0.4403876066207886 0.4841761887073517 -3.5764529705047607 -0.50543212890625 -0.07713206112384796 0.8594120144844055 5.51681661605835 0.41581991314888 -0.8944883346557617 0.16426929831504822 31.016258239746094 0.0 0.0 0.0 1.0
0.7373350262641907 0.4566517174243927 0.49780142307281494 -3.8318047523498535 -0.5198415517807007 -0.08703156560659409 0.8498177528381348 5.4841532707214355 0.43139520287513733 -0.8853783011436462 0.1732151210308075 31.049362182617188 0.0 0.0 0.0 1.0
0.7187150120735168 0.47239258885383606 0.5101901292800903 -4.023500919342041 -0.5330019593238831 -0.09687637537717819 0.8405497670173645 5.415548324584961 0.44649484753608704 -0.8760480880737305 0.1821596622467041 30.978696823120117 0.0 0.0 0.0 1.0
0.6074332594871521 0.5468905568122864 0.576138436794281 -3.986492156982422 -0.5975142121315002 -0.16336393356323242 0.7850407958030701 4.7641682624816895 0.5234516263008118 -0.8211107850074768 0.2275421917438507 29.786808013916016 0.0 0.0 0.0 1.0
0.5884463787078857 0.5585002899169922 0.5846437811851501 -3.856912851333618 -0.6061333417892456 -0.1738319993019104 0.7761344909667969 4.702124118804932 0.5351011157035828 -0.8110856413841248 0.2362348437309265 29.63382339477539 0.0 0.0 0.0 1.0
0.5689758658409119 0.5665403008460999 0.5960692763328552 -3.7009730339050293 -0.6175071001052856 -0.1843501329421997 0.7646567821502686 4.54869270324707 0.5430943369865417 -0.8031482696533203 0.24495188891887665 29.54241943359375 0.0 0.0 0.0 1.0
0.550582766532898 0.5770263671875 0.6032405495643616 -3.534050703048706 -0.62418133020401 -0.19527284801006317 0.7564827799797058 4.3656206130981445 0.5543070435523987 -0.7930378913879395 0.2526552379131317 29.43841552734375 0.0 0.0 0.0 1.0
0.5322928428649902 0.5859585404396057 0.610996663570404 -3.460292339324951 -0.6312655806541443 -0.20616132020950317 0.7476639151573181 4.348227500915527 0.5640639066696167 -0.7836772799491882 0.2601572275161743 29.23798370361328 0.0 0.0 0.0 1.0
0.41267722845077515 0.6308327913284302 0.6570749878883362 -3.0530693531036377 -0.6758919954299927 -0.27151307463645935 0.6851646900177002 3.59667706489563 0.6106287837028503 -0.7268635630607605 0.31432756781578064 28.87250518798828 0.0 0.0 0.0 1.0
0.38947370648384094 0.6380599141120911 0.6642211675643921 -3.0738794803619385 -0.6829257011413574 -0.28382983803749084 0.6730921864509583 3.51531720161438 0.6179989576339722 -0.7157654166221619 0.3252032697200775 28.779146194458008 0.0 0.0 0.0 1.0
0.3651440143585205 0.6439203023910522 0.6723366379737854 -3.0428595542907715 -0.6915334463119507 -0.2958955466747284 0.6589592695236206 3.4147837162017822 0.623258650302887 -0.7055583000183105 0.33724790811538696 28.660289764404297 0.0 0.0 0.0 1.0
0.34000760316848755 0.6505405902862549 0.6791110634803772 -2.9183921813964844 -0.6973448991775513 -0.31009235978126526 0.6461833119392395 3.312833309173584 0.6309555768966675 -0.6932818293571472 0.3482173979282379 28.645721435546875 0.0 0.0 0.0 1.0
0.30337268114089966 0.6601189970970154 0.6871738433837891 -2.7933361530303955 -0.7065889239311218 -0.3279898464679718 0.627020537853241 3.401749849319458 0.6392942070960999 -0.6757703423500061 0.3669296205043793 28.529630661010742 0.0 0.0 0.0 1.0
0.11775192618370056 0.688004195690155 0.7160898447036743 -1.79287588596344 -0.7409784197807312 -0.41920751333236694 0.5246104001998901 3.396852731704712 0.6611244082450867 -0.5923810005187988 0.4604337811470032 29.817367553710938 0.0 0.0 0.0 1.0
0.08274299651384354 0.6907235383987427 0.7183693647384644 -1.950934886932373 -0.7425792813301086 -0.4380064904689789 0.5066817402839661 3.181175708770752 0.6646274328231812 -0.5753705501556396 0.47667503356933594 29.836240768432617 0.0 0.0 0.0 1.0
0.0462973490357399 0.6909654140472412 0.7214037775993347 -2.0950169563293457 -0.7442618608474731 -0.45783036947250366 0.48627734184265137 2.9204413890838623 0.6662813425064087 -0.5594266653060913 0.4930628538131714 29.9105224609375 0.0 0.0 0.0 1.0
0.009735528379678726 0.6924830675125122 0.7213684916496277 -2.2111642360687256 -0.7437765002250671 -0.4771629273891449 0.4680940508842468 2.7433929443359375 0.6683574914932251 -0.5410940647125244 0.5104072093963623 29.746591567993164 0.0 0.0 0.0 1.0
-0.026658155024051666 0.6924794912338257 0.720944881439209 -2.359224796295166 -0.7431575655937195 -0.4960844814777374 0.44901785254478455 2.650278091430664 0.6685851812362671 -0.5238056182861328 0.5278460383415222 29.544551849365234 0.0 0.0 0.0 1.0
-0.24110881984233856 0.6730035543441772 0.6992372274398804 -3.20883846282959 -0.7205194234848022 -0.606814444065094 0.33560100197792053 2.8867721557617188 0.6501679420471191 -0.4228976368904114 0.6312204599380493 28.68878746032715 0.0 0.0 0.0 1.0
-0.2752463221549988 0.6690059304237366 0.6904132962226868 -3.34645676612854 -0.7155447006225586 -0.6221818923950195 0.3176247477531433 2.8034284114837646 0.6420555114746094 -0.40659651160240173 0.6499569416046143 28.563596725463867 0.0 0.0 0.0 1.0
-0.30925631523132324 0.6621081233024597 0.6826224327087402 -3.504439353942871 -0.7086989283561707 -0.6391007900238037 0.29882434010505676 2.558785915374756 0.6341185569763184 -0.39136046171188354 0.666881263256073 28.414735794067383 0.0 0.0 0.0 1.0
-0.3432278633117676 0.6526511907577515 0.675456166267395 -3.5229809284210205 -0.6982207894325256 -0.6583059430122375 0.2812844514846802 2.201446533203125 0.6282374858856201 -0.3750729262828827 0.6816436052322388 28.344722747802734 0.0 0.0 0.0 1.0
-0.37589913606643677 0.6424095034599304 0.6678397059440613 -3.2896413803100586 -0.6857227683067322 -0.6775866746902466 0.26582059264183044 2.047314167022705 0.6232849359512329 -0.35803115367889404 0.695219099521637 28.2125301361084 0.0 0.0 0.0 1.0
-0.5690184235572815 0.5760010480880737 0.5868908762931824 -3.165787935256958 -0.6001366972923279 -0.7788023352622986 0.18249070644378662 1.6905217170715332 0.5621868371963501 -0.24837417900562286 0.7888321876525879 27.987857818603516 0.0 0.0 0.0 1.0
-0.6027389764785767 0.5597609877586365 0.5686593055725098 -3.4606587886810303 -0.5827057957649231 -0.7956399917602539 0.16556255519390106 1.5381217002868652 0.5451235175132751 -0.2315700799226761 0.805739164352417 27.793941497802734 0.0 0.0 0.0 1.0
-0.6464127898216248 0.5346286296844482 0.5443553328514099 -3.7162415981292725 -0.5558534860610962 -0.8187103271484375 0.14401470124721527 1.2691805362701416 0.5226637125015259 -0.2094888836145401 0.8264000415802002 27.4237117767334 0.0 0.0 0.0 1.0
-0.678642749786377 0.5143921375274658 0.5242564082145691 -3.8966526985168457 -0.5367368459701538 -0.8345770239830017 0.12407532334327698 0.9659819602966309 0.5013557076454163 -0.19718493521213531 0.8424728512763977 27.180145263671875 0.0 0.0 0.0 1.0
-0.7086897492408752 0.4903845191001892 0.5072295665740967 -3.8217949867248535 -0.5122663974761963 -0.8520103693008423 0.10798806697130203 0.6393245458602905 0.4851205348968506 -0.18330663442611694 0.8550185561180115 27.25029182434082 0.0 0.0 0.0 1.0
-0.8443437218666077 0.36484336853027344 0.39239388704299927 -1.4817372560501099 -0.3782597780227661 -0.9245695471763611 0.045723963528871536 0.5261215567588806 0.37947753071784973 -0.10982008278369904 0.9186601042747498 27.451723098754883 0.0 0.0 0.0 1.0
-0.8602815866470337 0.34505119919776917 0.3753068149089813 -1.189847469329834 -0.35671019554138184 -0.9333392381668091 0.04044323042035103 0.4509674310684204 0.3642435669898987 -0.09908320754766464 0.9260178804397583 27.613462448120117 0.0 0.0 0.0 1.0
-0.8753434419631958 0.3258628249168396 0.35719364881515503 -1.0584778785705566 -0.3350537419319153 -0.9414414167404175 0.03777693584561348 0.4336063265800476 0.3485870063304901 -0.08661127090454102 0.9332661032676697 27.508193969726562 0.0 0.0 0.0 1.0
-0.8901652693748474 0.30478236079216003 0.3386938273906708 -1.0553213357925415 -0.3128648102283478 -0.9492605924606323 0.031935930252075195 0.3503052890300751 0.3312422037124634 -0.07753711938858032 0.9403545260429382 27.435853958129883 0.0 0.0 0.0 1.0
-0.9040096998214722 0.2843082547187805 0.31927311420440674 -1.1369630098342896 -0.2906849682331085 -0.9563915729522705 0.028589917346835136 0.34759390354156494 0.3134784698486328 -0.066962331533432 0.9472314119338989 27.194791793823242 0.0 0.0 0.0 1.0
-0.9659032821655273 0.1652839630842209 0.19927871227264404 -1.1587120294570923 -0.1693340390920639 -0.9855530858039856 -0.003333008149638772 -0.2104560136795044 0.19584886729717255 -0.03696403279900551 0.9799371957778931 26.562158584594727 0.0 0.0 0.0 1.0
-0.9730637669563293 0.14573600888252258 0.1786278337240219 -1.0464597940444946 -0.14954888820648193 -0.988722026348114 -0.00799549836665392 -0.3090291917324066 0.17544803023338318 -0.03449372574687004 0.9838842153549194 26.384546279907227 0.0 0.0 0.0 1.0
-0.9794711470603943 0.12496767193078995 0.15817497670650482 -0.9244134426116943 -0.12821613252162933 -0.9916910529136658 -0.010461063124239445 -0.3830052614212036 0.1555534154176712 -0.030526893213391304 0.9873557090759277 26.27289390563965 0.0 0.0 0.0 1.0
-0.9848583340644836 0.10407780855894089 0.13864293694496155 -0.7962063550949097 -0.10692103207111359 -0.994179904460907 -0.013199432753026485 -0.4234599769115448 0.1364622563123703 -0.027823418378829956 0.9902544617652893 26.340330123901367 0.0 0.0 0.0 1.0
-0.9894331097602844 0.083188496530056 0.11875073611736298 -0.5888515114784241 -0.08582517504692078 -0.9961607456207275 -0.017255932092666626 -0.5201261043548584 0.1168593242764473 -0.0272653941065073 0.9927741289138794 26.59545135498047 0.0 0.0 0.0 1.0
-0.9985226392745972 -0.05031771957874298 -0.02051086537539959 -1.519359827041626 0.05031709372997284 -0.9987331628799438 0.000546910974662751 -0.6083767414093018 -0.020512400195002556 -0.00048594415420666337 0.9997894763946533 26.47760581970215 0.0 0.0 0.0 1.0
-0.9965124726295471 -0.07058440148830414 -0.04450494796037674 -1.628448247909546 0.07045835256576538 -0.9975050091743469 0.0043965601362288 -0.41720446944236755 -0.04470423609018326 0.001245482126250863 0.9989994764328003 26.215761184692383 0.0 0.0 0.0 1.0
-0.9937508702278137 -0.08921074122190475 -0.06708716601133347 -1.6815571784973145 0.08875060081481934 -0.9960055351257324 0.009814110584557056 -0.14869819581508636 -0.06769470870494843 0.0037987546529620886 0.9976988434791565 26.066450119018555 0.0 0.0 0.0 1.0
-0.990189790725708 -0.10817345231771469 -0.08844602853059769 -1.7402112483978271 0.10731955617666245 -0.9941207766532898 0.014367470517754555 -0.05804600194096565 -0.0894802138209343 0.004734534304589033 0.9959773421287537 26.032026290893555 0.0 0.0 0.0 1.0
-0.9856871366500854 -0.1303992122411728 -0.10685014724731445 -1.6979739665985107 0.1294395476579666 -0.991459846496582 0.01589779742062092 0.0008838987560011446 -0.10801069438457489 0.0018396192463114858 0.9941480159759521 26.182781219482422 0.0 0.0 0.0 1.0
-0.9433974027633667 -0.25679299235343933 -0.20990176498889923 -0.18196634948253632 0.2529275715351105 -0.9664132595062256 0.045530565083026886 0.032371725887060165 -0.21454377472400665 -0.010136525146663189 0.9766618013381958 26.438919067382812 0.0 0.0 0.0 1.0
-0.9356690645217896 -0.27312996983528137 -0.22343556582927704 -0.1927425116300583 0.2684261202812195 -0.9619079828262329 0.05177285894751549 0.2070738822221756 -0.2290651798248291 -0.011533677577972412 0.973342776298523 26.2052059173584 0.0 0.0 0.0 1.0
-0.9281009435653687 -0.28894883394241333 -0.23481306433677673 -0.268830269575119 0.2838927209377289 -0.9572293758392334 0.05582825466990471 0.32542678713798523 -0.24090148508548737 -0.014847462065517902 0.9704359769821167 26.06443977355957 0.0 0.0 0.0 1.0
-0.9215457439422607 -0.3016054034233093 -0.2445150464773178 -0.2734563648700714 0.2961302101612091 -0.9532754421234131 0.059773288667201996 0.41544947028160095 -0.25111812353134155 -0.01732446998357773 0.9678013920783997 25.90272331237793 0.0 0.0 0.0 1.0
-0.9164643883705139 -0.312505304813385 -0.24986690282821655 -0.08777900040149689 0.3073446452617645 -0.9496753811836243 0.060464851558208466 0.37415066361427307 -0.2561880350112915 -0.02138136886060238 0.9663904905319214 25.805927276611328 0.0 0.0 0.0 1.0
-0.8984304666519165 -0.35960468649864197 -0.2520062029361725 1.9237594604492188 0.35574209690093994 -0.9324995875358582 0.062386125326156616 0.47563132643699646 -0.2574300467967987 -0.0335996188223362 0.9657126069068909 25.775033950805664 0.0 0.0 0.0 1.0
-0.897181510925293 -0.3629576861858368 -0.2516487240791321 1.9418870210647583 0.3587031662464142 -0.9312354922294617 0.06428494304418564 0.64631187915802 -0.2576769292354584 -0.03259192407131195 0.9656813144683838 25.825830459594727 0.0 0.0 0.0 1.0