-0.9975201487541199 -0.042561691254377365 -0.056053731590509415 -0.07307402044534683 0.04194425046443939 -0.9990460872650146 0.012146467342972755 1.1907576322555542 -0.056517235934734344 0.009765214286744595 0.9983538389205933 11.85861873626709 0.0 0.0 0.0 1.0
-0.997586190700531 -0.04241730272769928 -0.0549778938293457 -0.09700065851211548 0.041805461049079895 -0.9990509152412415 0.012232057750225067 1.1583956480026245 -0.055444564670324326 0.009904155507683754 0.9984126687049866 11.85091781616211 0.0 0.0 0.0 1.0
-0.9977474212646484 -0.041767850518226624 -0.05249360203742981 -0.14207780361175537 0.04120329022407532 -0.9990811944007874 0.01179192028939724 1.0939074754714966 -0.05293789505958557 0.009602447971701622 0.9985516667366028 11.821765899658203 0.0 0.0 0.0 1.0
-0.9980433583259583 -0.04002605006098747 -0.04803480580449104 -0.17362219095230103 0.03954535722732544 -0.9991581439971924 0.010916498489677906 1.0358995199203491 -0.048431310802698135 0.008995585143566132 0.9987860321998596 11.749346733093262 0.0 0.0 0.0 1.0
-0.9985427856445312 -0.035548191517591476 -0.04060312360525131 -0.20608113706111908 0.03516262769699097 -0.9993298649787903 0.010171147994697094 0.9587027430534363 -0.040937479585409164 0.008728614076972008 0.9991235733032227 11.645684242248535 0.0 0.0 0.0 1.0
-0.9989629983901978 -0.030535323545336723 -0.03377152606844902 -0.19915632903575897 0.03025161847472191 -0.9995028972625732 0.008880158886313438 0.889384925365448 -0.0340258963406086 0.007849306799471378 0.9993901252746582 11.614004135131836 0.0 0.0 0.0 1.0
-0.9995050430297852 -0.021532252430915833 -0.02293570712208748 -0.1682431697845459 0.021374991163611412 -0.9997464418411255 0.007079844828695059 0.8830991983413696 -0.023082338273525238 0.006586090195924044 0.9997118711471558 11.626748085021973 0.0 0.0 0.0 1.0
-0.9998244643211365 -0.01259529683738947 -0.01387062482535839 -0.15725186467170715 0.012514923699200153 -0.999904453754425 0.00586611358448863 0.8923132419586182 -0.013943185098469257 0.0056914943270385265 0.9998865723609924 11.661615371704102 0.0 0.0 0.0 1.0
-0.9999992251396179 0.0012308702571317554 0.00018393002392258495 -0.15393084287643433 -0.0012301247334107757 -0.999991238117218 0.003999941051006317 0.8560489416122437 0.0001888518308987841 0.003999711945652962 0.9999920129776001 11.71367073059082 0.0 0.0 0.0 1.0
-0.9998397827148438 0.012903871946036816 0.012407995760440826 -0.17495755851268768 -0.012870666570961475 -0.9999133944511414 0.002752283588051796 0.8119316101074219 0.012442436069250107 0.0025921433698385954 0.9999192357063293 11.682962417602539 0.0 0.0 0.0 1.0
-0.9991037845611572 0.029700594022870064 0.030157066881656647 -0.16831792891025543 -0.02966027893126011 -0.9995584487915039 0.0017833579331636429 0.7608637809753418 0.030196718871593475 0.0008872926700860262 0.9995436072349548 11.60438346862793 0.0 0.0 0.0 1.0
-0.9981142282485962 0.042965538799762726 0.043840136379003525 -0.12314347177743912 -0.042923957109451294 -0.9990765452384949 0.0018898112466558814 0.6950458288192749 0.043880850076675415 4.455337602848886e-06 0.9990367889404297 11.582908630371094 0.0 0.0 0.0 1.0
-0.9960662126541138 0.06220100075006485 0.0631125196814537 -0.030402854084968567 -0.0621599443256855 -0.998062789440155 0.00261576846241951 0.5623348355293274 0.06315295398235321 -0.0013175918720662594 0.9980030059814453 11.60913372039795 0.0 0.0 0.0 1.0
-0.9937325119972229 0.07870463281869888 0.07938040792942047 0.06713957339525223 -0.07866401970386505 -0.9968945384025574 0.003643489209935069 0.43629220128059387 0.07942064851522446 -0.002623728010803461 0.9968377351760864 11.779278755187988 0.0 0.0 0.0 1.0
-0.9891335368156433 0.10385540872812271 0.10406195372343063 0.2126452773809433 -0.10377299785614014 -0.9945815801620483 0.0062205116264522076 0.3075341284275055 0.1041441336274147 -0.004645904526114464 0.9945513606071472 12.109518051147461 0.0 0.0 0.0 1.0
-0.9825958609580994 0.13301582634449005 0.12966161966323853 0.3142348825931549 -0.13266101479530334 -0.991095781326294 0.011408614926040173 0.28377434611320496 0.13002461194992065 -0.005990983452647924 0.9914926886558533 12.25800609588623 0.0 0.0 0.0 1.0
-0.9761351943016052 0.1574704647064209 0.14954322576522827 0.4185604751110077 -0.15691810846328735 -0.9874890446662903 0.015561193227767944 0.37731030583381653 0.1501227170228958 -0.008276212029159069 0.9886327385902405 12.196048736572266 0.0 0.0 0.0 1.0
-0.9652105569839478 0.19344036281108856 0.17592431604862213 0.5627129077911377 -0.19258110225200653 -0.9810318946838379 0.02211095578968525 0.5323007702827454 0.17686451971530914 -0.012537971138954163 0.9841553568840027 12.063114166259766 0.0 0.0 0.0 1.0
-0.955534040927887 0.2210950255393982 0.19511975347995758 0.6619243621826172 -0.22033120691776276 -0.9750814437866211 0.025890232995152473 0.4633779525756836 0.19598186016082764 -0.018251972272992134 0.9804376363754272 11.998370170593262 0.0 0.0 0.0 1.0
-0.9417000412940979 0.25466328859329224 0.2198808789253235 0.7379326820373535 -0.2547677755355835 -0.9665858745574951 0.028374921530485153 0.27889594435691833 0.21975979208946228 -0.029297897592186928 0.9751139879226685 11.94845199584961 0.0 0.0 0.0 1.0
-0.9313514232635498 0.2768467366695404 0.23651725053787231 0.7837039232254028 -0.2781502306461334 -0.9601137042045593 0.028533700853586197 0.2629411220550537 0.2349829077720642 -0.0392124280333519 0.9712082147598267 11.83519172668457 0.0 0.0 0.0 1.0
-0.9185103178024292 0.30305859446525574 0.2539573013782501 0.9705231785774231 -0.3058355450630188 -0.9516279101371765 0.02947702445089817 0.23331882059574127 0.25060611963272095 -0.05059422180056572 0.9667661786079407 11.824905395507812 0.0 0.0 0.0 1.0
-0.9089474678039551 0.32149216532707214 0.2654379606246948 1.0476157665252686 -0.3253515362739563 -0.945098876953125 0.03056987375020981 0.08693035691976547 0.2606930732727051 -0.058574240654706955 0.9636431932449341 11.810019493103027 0.0 0.0 0.0 1.0
-0.8957448601722717 0.3460906147956848 0.2790384888648987 0.9586902260780334 -0.3512752056121826 -0.9356938600540161 0.032905563712120056 -0.15781265497207642 0.27248290181159973 -0.06854430586099625 0.9597159624099731 11.625760078430176 0.0 0.0 0.0 1.0
-0.8849557638168335 0.36500313878059387 0.28918156027793884 0.8091359734535217 -0.3709135353565216 -0.9279617667198181 0.036194849759340286 -0.4184286594390869 0.2815606892108917 -0.07523051649332047 0.9565897583961487 11.641377449035645 0.0 0.0 0.0 1.0
-0.869179368019104 0.3922082185745239 0.30116426944732666 0.5919469594955444 -0.3985813558101654 -0.9161357283592224 0.04275815561413765 -0.40524765849113464 0.2926774322986603 -0.08287395536899567 0.9526131749153137 11.670051574707031 0.0 0.0 0.0 1.0
-0.8542605638504028 0.4160321354866028 0.3116988241672516 0.6611840724945068 -0.42025941610336304 -0.9056146144866943 0.056957975029945374 -0.5003002882003784 0.3059753477573395 -0.0823374092578888 0.948472261428833 11.682059288024902 0.0 0.0 0.0 1.0
-0.8318851590156555 0.4484304189682007 0.32692089676856995 0.5856980085372925 -0.44924429059028625 -0.8900256156921387 0.07767901569604874 -0.6276299357414246 0.3258016109466553 -0.08224733173847198 0.9418538808822632 11.450674057006836 0.0 0.0 0.0 1.0
-0.8129996657371521 0.47305041551589966 0.3394921123981476 0.6480881571769714 -0.4705166816711426 -0.8772045373916626 0.09553118795156479 -0.5493077635765076 0.3429951071739197 -0.08206988871097565 0.935745120048523 11.25563907623291 0.0 0.0 0.0 1.0
-0.7861772179603577 0.5036894083023071 0.3580814599990845 0.9167100787162781 -0.4956694543361664 -0.8599814772605896 0.12142344564199448 -0.39284226298332214 0.3691031336784363 -0.08202970027923584 0.925761342048645 10.891074180603027 0.0 0.0 0.0 1.0
-0.7636047005653381 0.5270158052444458 0.37304455041885376 1.222661018371582 -0.5129895806312561 -0.8460321426391602 0.14515969157218933 -0.12212195247411728 0.39210912585258484 -0.08052336424589157 0.916387677192688 10.780061721801758 0.0 0.0 0.0 1.0
-0.7311301231384277 0.557761013507843 0.3928757309913635 1.3587740659713745 -0.5348332524299622 -0.8261035084724426 0.17750045657157898 0.17095759510993958 0.4235588312149048 -0.08034706115722656 0.9022983312606812 10.557417869567871 0.0 0.0 0.0 1.0
-0.6927362084388733 0.5893110036849976 0.4157271981239319 1.324349284172058 -0.5563066005706787 -0.8034833073616028 0.21198473870754242 -0.06078532710671425 0.4589548110961914 -0.0844222828745842 0.8844395875930786 10.610161781311035 0.0 0.0 0.0 1.0
-0.660708487033844 0.6130637526512146 0.43314793705940247 1.0699753761291504 -0.5735654830932617 -0.7845631241798401 0.23554907739162445 -0.11211559921503067 0.48423850536346436 -0.09280943870544434 0.8699997067451477 10.621917724609375 0.0 0.0 0.0 1.0
-0.6129851341247559 0.645923376083374 0.455007940530777 0.9342755675315857 -0.5974357724189758 -0.755791425704956 0.2680481970310211 -0.36558231711387634 0.5170296430587769 -0.10752847045660019 0.8491866588592529 10.666089057922363 0.0 0.0 0.0 1.0
-0.5764178037643433 0.6688746809959412 0.469413697719574 0.7183178663253784 -0.6141220331192017 -0.7335498332977295 0.29113349318504333 -0.5172884464263916 0.539070188999176 -0.12046277523040771 0.8336018323898315 10.488883972167969 0.0 0.0 0.0 1.0
-0.5292801856994629 0.696450412273407 0.4845815896987915 0.6182397603988647 -0.6339737176895142 -0.7042048573493958 0.31964489817619324 -0.5891290903091431 0.5638615489006042 -0.1380302757024765 0.8142529129981995 10.429061889648438 0.0 0.0 0.0 1.0
-0.49738430976867676 0.7142333388328552 0.4924221932888031 0.6137880086898804 -0.6459999680519104 -0.6837881207466125 0.33929017186164856 -0.41969606280326843 0.5790448188781738 -0.14934711158275604 0.8015002012252808 10.494734764099121 0.0 0.0 0.0 1.0
-0.4605186879634857 0.7362108826637268 0.4958992898464203 0.6336568593978882 -0.6597670912742615 -0.6576341986656189 0.36362701654434204 -0.0834164172410965 0.5938265323638916 -0.1597210019826889 0.7885805368423462 10.502520561218262 0.0 0.0 0.0 1.0
-0.43595340847969055 0.7511522173881531 0.495696485042572 0.6498066186904907 -0.6682082414627075 -0.6391212940216064 0.38081714510917664 0.08643565326929092 0.6028618216514587 -0.16520993411540985 0.7805532217025757 10.45895004272461 0.0 0.0 0.0 1.0
-0.40925854444503784 0.7677104473114014 0.4930802285671234 0.495261013507843 -0.6788602471351624 -0.6172822117805481 0.39763230085372925 0.3268119692802429 0.609636127948761 -0.17199815809726715 0.7737961411476135 10.376178741455078 0.0 0.0 0.0 1.0
-0.39173364639282227 0.7781862020492554 0.49088799953460693 0.49542704224586487 -0.6869158744812012 -0.6023108959197998 0.40665480494499207 0.2834133505821228 0.6121203303337097 -0.1778983771800995 0.7704939246177673 10.470097541809082 0.0 0.0 0.0 1.0
-0.3686525225639343 0.7864340543746948 0.49559736251831055 0.7279436588287354 -0.6966575980186462 -0.5867233276367188 0.4128243029117584 -0.011960240080952644 0.6154376268386841 -0.19307295978069305 0.7641723155975342 10.803232192993164 0.0 0.0 0.0 1.0
-0.3477412164211273 0.7893557548522949 0.5059579610824585 0.923106849193573 -0.7027391195297241 -0.5766621828079224 0.4166754484176636 -0.16792047023773193 0.6206720471382141 -0.21066123247146606 0.7552404403686523 11.031503677368164 0.0 0.0 0.0 1.0
-0.3188166916370392 0.7884129881858826 0.5260806679725647 0.9792890548706055 -0.7116912007331848 -0.5657071471214294 0.4164985418319702 -0.26790428161621094 0.6259804368019104 -0.24162030220031738 0.7414634823799133 11.127202987670898 0.0 0.0 0.0 1.0
-0.2946828007698059 0.7837237119674683 0.5467532873153687 1.0071907043457031 -0.7179492712020874 -0.559174120426178 0.41457584500312805 -0.0994216650724411 0.6306431889533997 -0.27037277817726135 0.7274528741836548 11.039628982543945 0.0 0.0 0.0 1.0
-0.26129665970802307 0.7741905450820923 0.5765007138252258 1.0182521343231201 -0.7263436317443848 -0.5510555505752563 0.41080746054649353 0.26779401302337646 0.6357271671295166 -0.31139498949050903 0.7063173055648804 10.57095718383789 0.0 0.0 0.0 1.0
-0.23534509539604187 0.7649039626121521 0.5996120572090149 1.0960570573806763 -0.7316502928733826 -0.5455362796783447 0.40875181555747986 0.2741225063800812 0.6397659778594971 -0.34250861406326294 0.6880314946174622 10.366166114807129 0.0 0.0 0.0 1.0
-0.20037531852722168 0.7491694092750549 0.6313437819480896 0.9385623335838318 -0.7361741065979004 -0.5403376221656799 0.4075327515602112 0.6215167045593262 0.646449863910675 -0.3831194341182709 0.6597894430160522 10.328189849853516 0.0 0.0 0.0 1.0
-0.163758784532547 0.7342151403427124 0.6588711142539978 0.7030890583992004 -0.7397006154060364 -0.5332880616188049 0.41042277216911316 0.7605201005935669 0.6527067422866821 -0.4201570451259613 0.6304299831390381 10.319592475891113 0.0 0.0 0.0 1.0
-0.13581135869026184 0.7222719788551331 0.6781433820724487 0.44400882720947266 -0.7415441870689392 -0.528029203414917 0.413880854845047 0.8401305079460144 0.6570140719413757 -0.44666358828544617 0.6073089241981506 10.182792663574219 0.0 0.0 0.0 1.0
-0.09746701270341873 0.7072893381118774 0.7001728415489197 0.42373916506767273 -0.74454665184021 -0.5186602473258972 0.4202878475189209 0.7428474426269531 0.6604169011116028 -0.4803471267223358 0.5771621465682983 10.112293243408203 0.0 0.0 0.0 1.0
-0.06675819307565689 0.6965600848197937 0.7143860459327698 0.5014309883117676 -0.7464326024055481 -0.5099806189537048 0.42750227451324463 0.7012449502944946 0.6621040105819702 -0.5047017335891724 0.5539805293083191 9.992768287658691 0.0 0.0 0.0 1.0
-0.02426021732389927 0.6829848289489746 0.7300295233726501 0.6672086715698242 -0.7499877214431763 -0.49527275562286377 0.43843284249305725 0.5336374044418335 0.6610067486763 -0.5368766784667969 0.5242456793785095 9.968809127807617 0.0 0.0 0.0 1.0
0.008471234701573849 0.6721466779708862 0.7403695583343506 0.8158485293388367 -0.7525852918624878 -0.48323866724967957 0.4473206102848053 0.4030911326408386 0.6584402322769165 -0.5609806180000305 0.501754105091095 10.055604934692383 0.0 0.0 0.0 1.0
0.05242197588086128 0.6573306322097778 0.7517768144607544 0.8264272212982178 -0.7563362121582031 -0.4654349088668823 0.4597019553184509 0.22475317120552063 0.6520793437957764 -0.5926945209503174 0.47276395559310913 10.237287521362305 0.0 0.0 0.0 1.0
0.08357897400856018 0.6453749537467957 0.759279727935791 0.6794530153274536 -0.7585326433181763 -0.4529355764389038 0.4684843420982361 0.23228484392166138 0.6462528705596924 -0.6150938868522644 0.45168209075927734 10.455381393432617 0.0 0.0 0.0 1.0
0.12092018127441406 0.6301997900009155 0.7669593095779419 0.6424353718757629 -0.7606339454650879 -0.4376174211502075 0.47950705885887146 0.4463439881801605 0.6378199458122253 -0.6413573622703552 0.42643454670906067 10.733692169189453 0.0 0.0 0.0 1.0
0.14740392565727234 0.6210576891899109 0.7697787880897522 0.7758058905601501 -0.7608593702316284 -0.4260680079460144 0.4894477427005768 0.40465235710144043 0.6319534182548523 -0.6578398942947388 0.40973347425460815 10.96717643737793 0.0 0.0 0.0 1.0
0.18304027616977692 0.6067026853561401 0.7735684514045715 0.971691370010376 -0.7575027942657471 -0.4145204424858093 0.5043434500694275 0.11011186242103577 0.6266464591026306 -0.6782954335212708 0.3837050497531891 11.219325065612793 0.0 0.0 0.0 1.0
0.2103245109319687 0.5941416621208191 0.7763757705688477 0.8867508172988892 -0.7528055310249329 -0.40824058651924133 0.5163558721542358 0.09732702374458313 0.6237366199493408 -0.6930623054504395 0.36141014099121094 11.223478317260742 0.0 0.0 0.0 1.0
0.24719513952732086 0.5757815837860107 0.7793395519256592 0.7895190715789795 -0.7459763288497925 -0.40022119879722595 0.5322991013526917 0.40962284803390503 0.6183962225914001 -0.712950587272644 0.330586701631546 10.865860939025879 0.0 0.0 0.0 1.0
0.2773011028766632 0.5642478466033936 0.7776429057121277 0.7849121689796448 -0.7399144172668457 -0.39089369773864746 0.5474749207496643 0.6284260749816895 0.6128872632980347 -0.7272045612335205 0.30909985303878784 10.6590576171875 0.0 0.0 0.0 1.0
0.3197496831417084 0.5426247715950012 0.776735782623291 0.4558122456073761 -0.7287935018539429 -0.3830181062221527 0.5675889253616333 1.0221991539001465 0.6054916977882385 -0.7475663423538208 0.27299147844314575 10.947197914123535 0.0 0.0 0.0 1.0
0.35051146149635315 0.5298402905464172 0.7722765207290649 0.37403735518455505 -0.7213594913482666 -0.3731701076030731 0.5834248661994934 1.0945552587509155 0.5973125100135803 -0.76158607006073 0.25140491127967834 11.012755393981934 0.0 0.0 0.0 1.0
0.39321383833885193 0.5107204914093018 0.7645570039749146 0.28773319721221924 -0.7079659700393677 -0.36238935589790344 0.6061832904815674 0.5620145797729492 0.5866575241088867 -0.7796400189399719 0.21907618641853333 11.028255462646484 0.0 0.0 0.0 1.0
0.4313438832759857 0.49176523089408875 0.7563791275024414 0.2205725759267807 -0.694111704826355 -0.3546759784221649 0.6264294385910034 0.039901092648506165 0.5763257145881653 -0.7952181696891785 0.18835270404815674 10.938169479370117 0.0 0.0 0.0 1.0
0.4573917090892792 0.478530615568161 0.749534010887146 0.26812487840652466 -0.6832653880119324 -0.35034868121147156 0.6406279802322388 -0.26395928859710693 0.5691583752632141 -0.8051486015319824 0.1667168140411377 10.957409858703613 0.0 0.0 0.0 1.0
0.4885929524898529 0.4630609154701233 0.7394940853118896 0.36631396412849426 -0.6700984835624695 -0.3436494469642639 0.6579309105873108 -0.4311428368091583 0.5587888360023499 -0.8169942498207092 0.14239174127578735 11.212331771850586 0.0 0.0 0.0 1.0
0.5095269680023193 0.45281553268432617 0.731669545173645 0.48590758442878723 -0.6611830592155457 -0.33813220262527466 0.6697040796279907 -0.42507562041282654 0.5506534576416016 -0.8249998092651367 0.1271064728498459 11.478100776672363 0.0 0.0 0.0 1.0
0.5350780487060547 0.43968841433525085 0.7213636636734009 0.36248815059661865 -0.6524873375892639 -0.3272881507873535 0.6834784150123596 -0.24129387736320496 0.5366113185882568 -0.8363949656486511 0.11176643520593643 11.691645622253418 0.0 0.0 0.0 1.0
0.5542407631874084 0.42956846952438354 0.7129432559013367 0.23242783546447754 -0.6476413607597351 -0.3154843747615814 0.6935634613037109 -0.06716279685497284 0.5228554606437683 -0.8461326956748962 0.10335198044776917 11.821612358093262 0.0 0.0 0.0 1.0
0.5811936855316162 0.41473662853240967 0.7001481056213379 0.16271905601024628 -0.6407541632652283 -0.2971503734588623 0.7079094052314758 0.18278822302818298 0.5016452670097351 -0.8600553274154663 0.09304230660200119 12.139549255371094 0.0 0.0 0.0 1.0
0.6031035780906677 0.40250593423843384 0.6886618137359619 0.21429434418678284 -0.6337427496910095 -0.2824917137622833 0.7201170325279236 0.3261668384075165 0.4843926429748535 -0.8707395792007446 0.08471345901489258 12.438281059265137 0.0 0.0 0.0 1.0
0.6326565742492676 0.383916437625885 0.6725725531578064 0.3953564465045929 -0.6226512789726257 -0.2642435133457184 0.7365329265594482 0.3823018968105316 0.46049001812934875 -0.8847505450248718 0.07187066227197647 12.671624183654785 0.0 0.0 0.0 1.0
0.6553532481193542 0.36944109201431274 0.6588060259819031 0.6112455129623413 -0.6114779710769653 -0.25252649188041687 0.7498834133148193 0.4686838984489441 0.4434036910533905 -0.8942838907241821 0.06041102856397629 12.683270454406738 0.0 0.0 0.0 1.0
0.6837547421455383 0.3510569930076599 0.6397174596786499 0.9474887251853943 -0.5953644514083862 -0.23851308226585388 0.7672370076179504 0.37696075439453125 0.421924889087677 -0.9054670333862305 0.0459224097430706 12.549397468566895 0.0 0.0 0.0 1.0
0.7040463089942932 0.3364843428134918 0.6253775358200073 1.2270028591156006 -0.5820919871330261 -0.23101815581321716 0.7796149849891663 0.25987792015075684 0.4068017899990082 -0.9129123091697693 0.03321734815835953 12.510146141052246 0.0 0.0 0.0 1.0
0.7315537929534912 0.31561335921287537 0.6043320894241333 1.4703369140625 -0.5627186298370361 -0.22095215320587158 0.7965725660324097 0.0911853238940239 0.3849374055862427 -0.922804594039917 0.015963125973939896 12.479830741882324 0.0 0.0 0.0 1.0
0.7518670558929443 0.2977033257484436 0.5882760286331177 1.509191870689392 -0.5476298928260803 -0.21487756073474884 0.8086588382720947 0.1088116243481636 0.3671477437019348 -0.9301614761352539 0.0014718807069584727 12.503677368164062 0.0 0.0 0.0 1.0
0.7793642282485962 0.2724103331565857 0.5642552375793457 1.3171828985214233 -0.525841236114502 -0.20532026886940002 0.8254299759864807 0.31388697028160095 0.3407087028026581 -0.9400192499160767 -0.01677469164133072 12.275315284729004 0.0 0.0 0.0 1.0
0.7998512983322144 0.25119271874427795 0.5451055765151978 0.992440938949585 -0.5089205503463745 -0.1976204365491867 0.8378221988677979 0.2583759129047394 0.31817883253097534 -0.9475486278533936 -0.030229832977056503 12.24029541015625 0.0 0.0 0.0 1.0
0.8265827298164368 0.21912136673927307 0.518407940864563 0.4129568040370941 -0.48468437790870667 -0.19105695188045502 0.8535679578781128 0.40763935446739197 0.28608042001724243 -0.9568088054656982 -0.05171967297792435 12.434501647949219 0.0 0.0 0.0 1.0
0.851595401763916 0.18637530505657196 0.48994845151901245 0.04040752723813057 -0.45950886607170105 -0.184378519654274 0.8688246011734009 0.33201295137405396 0.2522634267807007 -0.9650226831436157 -0.0713748037815094 12.528017044067383 0.0 0.0 0.0 1.0
0.8689048290252686 0.16124500334262848 0.4679791331291199 -0.19328056275844574 -0.44034549593925476 -0.1799687147140503 0.8796062469482422 0.2034366875886917 0.22605371475219727 -0.9703665971755981 -0.08537216484546661 12.541118621826172 0.0 0.0 0.0 1.0
0.8882085084915161 0.12782324850559235 0.44130128622055054 -0.4146824777126312 -0.4176638424396515 -0.1755497008562088 0.8914814591407776 -0.059964247047901154 0.19142237305641174 -0.9761370420455933 -0.1025375947356224 12.707225799560547 0.0 0.0 0.0 1.0
0.8999701738357544 0.1054682508111 0.42300131916999817 -0.4428958296775818 -0.4023890793323517 -0.1723731905221939 0.89909428358078 -0.23376454412937164 0.16773998737335205 -0.9793691635131836 -0.11269146203994751 12.868773460388184 0.0 0.0 0.0 1.0
0.9128695130348206 0.07823818176984787 0.40068450570106506 -0.3888844847679138 -0.38399189710617065 -0.16873838007450104 0.9077872037887573 -0.404881089925766 0.13863447308540344 -0.982550859451294 -0.12399329245090485 12.931680679321289 0.0 0.0 0.0 1.0
0.92104172706604 0.05964969843626022 0.38486889004707336 -0.1430954784154892 -0.3711742162704468 -0.1648343950510025 0.9138157963752747 -0.2411331832408905 0.11794846504926682 -0.984515905380249 -0.12967891991138458 12.827300071716309 0.0 0.0 0.0 1.0
0.930351197719574 0.036693982779979706 0.36482906341552734 0.2531368136405945 -0.3551470935344696 -0.1572958081960678 0.921481728553772 0.23794269561767578 0.09119891375303268 -0.9868695735931396 -0.13330857455730438 12.592589378356934 0.0 0.0 0.0 1.0
0.9360949397087097 0.020368099212646484 0.3511572778224945 0.6981781125068665 -0.3444920778274536 -0.14863356947898865 0.9269483685493469 0.29295697808265686 0.07107393443584442 -0.9886825680732727 -0.13211847841739655 12.411788940429688 0.0 0.0 0.0 1.0
0.9452711939811707 -0.0010570896556600928 0.3262840509414673 1.3586117029190063 -0.32337698340415955 -0.1362646073102951 0.9364076256752014 0.1600407212972641 0.04347110167145729 -0.9906719326972961 -0.12914884090423584 12.301129341125488 0.0 0.0 0.0 1.0
0.9526019096374512 -0.01741836965084076 0.3037206828594208 1.6227385997772217 -0.3033975064754486 -0.1277473419904709 0.944261908531189 0.0038925178814679384 0.022352006286382675 -0.9916538000106812 -0.12697704136371613 12.291007041931152 0.0 0.0 0.0 1.0
0.961643397808075 -0.04112137109041214 0.27120286226272583 1.8738518953323364 -0.27421581745147705 -0.11923482269048691 0.9542477130889893 0.11900829523801804 -0.00690314918756485 -0.9920141696929932 -0.12593750655651093 11.952919006347656 0.0 0.0 0.0 1.0
0.9674686789512634 -0.06160503253340721 0.2453756481409073 1.926002860069275 -0.25102829933166504 -0.11318209767341614 0.9613400101661682 0.4627656638622284 -0.03145125135779381 -0.9916625618934631 -0.12496473640203476 11.537633895874023 0.0 0.0 0.0 1.0
0.9728220701217651 -0.09306780993938446 0.21202731132507324 1.96665620803833 -0.2213367372751236 -0.10475277900695801 0.9695550203323364 0.8172498941421509 -0.0680239126086235 -0.9901339411735535 -0.12250514328479767 10.897960662841797 0.0 0.0 0.0 1.0
0.9754491448402405 -0.117571160197258 0.18621475994586945 1.812252402305603 -0.19842499494552612 -0.1024099737405777 0.9747511148452759 0.9004055857658386 -0.0955323651432991 -0.9877698421478271 -0.12322477996349335 10.717546463012695 0.0 0.0 0.0 1.0
0.9764665961265564 -0.14934323728084564 0.15559427440166473 1.2721338272094727 -0.17169877886772156 -0.10173947364091873 0.9798819422721863 1.0188449621200562 -0.1305086612701416 -0.9835373163223267 -0.12498725205659866 10.818676948547363 0.0 0.0 0.0 1.0
0.9761262536048889 -0.17117884755134583 0.13369888067245483 0.8813501596450806 -0.15247996151447296 -0.10167959332466125 0.9830620884895325 0.8909783959388733 -0.15468500554561615 -0.9799790978431702 -0.12535347044467926 10.90471076965332 0.0 0.0 0.0 1.0
0.9740248322486877 -0.19883541762828827 0.10835196077823639 0.3587695360183716 -0.13087162375450134 -0.10381831228733063 0.9859484434127808 0.48924028873443604 -0.18479256331920624 -0.9745184779167175 -0.12714353203773499 10.958311080932617 0.0 0.0 0.0 1.0
0.9707497358322144 -0.2249102145433426 0.08402573317289352 -0.016399512067437172 -0.11044297367334366 -0.10755964368581772 0.9880451560020447 0.15326093137264252 -0.2131836861371994 -0.9684246778488159 -0.12925325334072113 11.020474433898926 0.0 0.0 0.0 1.0
0.9674486517906189 -0.244643434882164 0.06475120037794113 -0.18267621099948883 -0.09453462809324265 -0.11202258616685867 0.9891987442970276 -0.03634228557348251 -0.23474738001823425 -0.9631202220916748 -0.1315033733844757 11.160640716552734 0.0 0.0 0.0 1.0
0.9615505337715149 -0.2720271646976471 0.03770740330219269 -0.22678124904632568 -0.0722312331199646 -0.11803737282752991 0.9903786182403564 -0.13320833444595337 -0.2649590075016022 -0.9550227522850037 -0.13314774632453918 11.274972915649414 0.0 0.0 0.0 1.0
0.9559987783432007 -0.29298222064971924 0.015093068592250347 -0.23478387296199799 -0.052819427102804184 -0.12128683179616928 0.9912111759185791 -0.1841975599527359 -0.2885766625404358 -0.9483938813209534 -0.13142521679401398 11.314273834228516 0.0 0.0 0.0 1.0
0.9462176561355591 -0.3231833577156067 -0.014988656155765057 -0.28451302647590637 -0.027108222246170044 -0.12536269426345825 0.9917405843734741 -0.29178518056869507 -0.3223930597305298 -0.9379960894584656 -0.1273813098669052 11.374069213867188 0.0 0.0 0.0 1.0
0.9375288486480713 -0.34582680463790894 -0.037993453443050385 -0.1636609584093094 -0.0077330186031758785 -0.12989264726638794 0.9914979338645935 -0.22985854744911194 -0.3478216230869293 -0.9292640686035156 -0.1244523897767067 11.465995788574219 0.0 0.0 0.0 1.0
0.9243667125701904 -0.3759406507015228 -0.06492181122303009 0.11785291135311127 0.015279622748494148 -0.13355454802513123 0.9909236431121826 0.11557382345199585 -0.38119909167289734 -0.916968822479248 -0.11770914494991302 11.628087997436523 0.0 0.0 0.0 1.0
0.9137949347496033 -0.39764344692230225 -0.0828159749507904 0.5405224561691284 0.03155725076794624 -0.13377101719379425 0.9905096888542175 0.06190786510705948 -0.40494808554649353 -0.9077361822128296 -0.10969074815511703 11.73496150970459 0.0 0.0 0.0 1.0
0.8990694880485535 -0.42431169748306274 -0.1078595370054245 1.038253903388977 0.05521003156900406 -0.13451340794563293 0.9893725514411926 -0.20064619183540344 -0.4343108832836151 -0.8954695463180542 -0.09751063585281372 11.728826522827148 0.0 0.0 0.0 1.0
0.8868041038513184 -0.44447681307792664 -0.12656539678573608 1.2504035234451294 0.07310640066862106 -0.13549703359603882 0.98807692527771 -0.3823030889034271 -0.45632651448249817 -0.88548344373703 -0.08766522258520126 11.731101036071777 0.0 0.0 0.0 1.0
0.8682750463485718 -0.47146135568618774 -0.15434573590755463 1.5728427171707153 0.09780000150203705 -0.14234299957752228 0.9849739074707031 -0.4286470413208008 -0.4863471984863281 -0.8703233003616333 -0.07748394459486008 11.719005584716797 0.0 0.0 0.0 1.0
0.8509911298751831 -0.4943082928657532 -0.17740747332572937 1.7618649005889893 0.11834117770195007 -0.1486298143863678 0.9817864298820496 -0.2383766919374466 -0.5116732120513916 -0.8564861416816711 -0.06798562407493591 11.745311737060547 0.0 0.0 0.0 1.0
0.8239084482192993 -0.5255616307258606 -0.21203741431236267 1.8299142122268677 0.1478324830532074 -0.16188199818134308 0.975674033164978 0.0306838545948267 -0.5471018552780151 -0.8352120518684387 -0.05568087100982666 11.585057258605957 0.0 0.0 0.0 1.0
0.8005615472793579 -0.5496629476547241 -0.23868781328201294 1.7299625873565674 0.16980762779712677 -0.17390389740467072 0.9700117707252502 -0.11868514120578766 -0.5746882557868958 -0.8170851469039917 -0.04588381201028824 11.35818099975586 0.0 0.0 0.0 1.0
0.7660019397735596 -0.5774853825569153 -0.2824033796787262 1.2530573606491089 0.1999543458223343 -0.2034730613231659 0.9584450721740723 0.015556582249701023 -0.6109495162963867 -0.7906385660171509 -0.04039004445075989 11.551900863647461 0.0 0.0 0.0 1.0
0.7293294072151184 -0.6040866374969482 -0.3211821913719177 1.0456541776657104 0.22473323345184326 -0.2318737953901291 0.9464299082756042 -0.060537245124578476 -0.6461993455886841 -0.7624394297599792 -0.0333540253341198 11.74783706665039 0.0 0.0 0.0 1.0
0.7011511921882629 -0.6212674379348755 -0.34987688064575195 0.7952674627304077 0.24177074432373047 -0.2544742524623871 0.9363705515861511 -0.3449282944202423 -0.6707711815834045 -0.7411273121833801 -0.028220627456903458 11.791633605957031 0.0 0.0 0.0 1.0
0.6657085418701172 -0.6397934556007385 -0.38405266404151917 0.44131457805633545 0.25889721512794495 -0.2846723794937134 0.9230026602745056 -0.6351947784423828 -0.6998602747917175 -0.7138808965682983 -0.023868095129728317 11.67805290222168 0.0 0.0 0.0 1.0
0.6409569978713989 -0.6511594653129578 -0.4064055383205414 0.1871519833803177 0.27040714025497437 -0.3039689362049103 0.9135003089904785 -0.5819718837738037 -0.7183690667152405 -0.6954094171524048 -0.01875285618007183 11.767428398132324 0.0 0.0 0.0 1.0
0.6103496551513672 -0.6654180288314819 -0.429758220911026 0.05348062515258789 0.2822323143482208 -0.3242516815662384 0.9028874635696411 -0.4752631187438965 -0.7401474118232727 -0.6723687052726746 -0.010104437358677387 11.881103515625 0.0 0.0 0.0 1.0
0.5884594321250916 -0.6765158176422119 -0.44276610016822815 0.2272234559059143 0.2897968292236328 -0.3347543776035309 0.8966366648674011 -0.5006887912750244 -0.7548068165779114 -0.6559464931488037 -0.0009372266940772533 11.834695816040039 0.0 0.0 0.0 1.0
0.5599244236946106 -0.6890386939048767 -0.4601198732852936 0.47547951340675354 0.30279892683029175 -0.3467463254928589 0.8877385854721069 -0.6342021226882935 -0.7712311148643494 -0.6363903284072876 0.014488455839455128 11.852922439575195 0.0 0.0 0.0 1.0
0.5386343598365784 -0.6990644931793213 -0.47029972076416016 0.5190191864967346 0.313051700592041 -0.35217899084091187 0.8820252418518066 -0.6830620765686035 -0.7822222709655762 -0.6223172545433044 0.029147636145353317 11.788202285766602 0.0 0.0 0.0 1.0
0.5112250447273254 -0.7098596692085266 -0.4845082461833954 0.5532841682434082 0.32764947414398193 -0.3601956367492676 0.8734443187713623 -0.7907329797744751 -0.7945406436920166 -0.6052754521369934 0.048444099724292755 11.680346488952637 0.0 0.0 0.0 1.0
0.49012619256973267 -0.7168492674827576 -0.4958864748477936 0.6430172920227051 0.3394441604614258 -0.36702319979667664 0.8660667538642883 -0.5858080983161926 -0.8028411865234375 -0.5928077697753906 0.06344263255596161 11.623258590698242 0.0 0.0 0.0 1.0
0.4602111279964447 -0.7268850803375244 -0.5097488164901733 0.7487865090370178 0.35432687401771545 -0.3760761320590973 0.8561654090881348 -0.05259561538696289 -0.8140382170677185 -0.5746345520019531 0.08448050171136856 11.370964050292969 0.0 0.0 0.0 1.0
0.43556320667266846 -0.7336936593055725 -0.5215153694152832 0.9714148640632629 0.3653242886066437 -0.3854202330112457 0.8473425507545471 0.0293563399463892 -0.8226924538612366 -0.5595934987068176 0.10016124695539474 11.293061256408691 0.0 0.0 0.0 1.0
0.40022119879722595 -0.7415527105331421 -0.5384445190429688 1.0124807357788086 0.37972068786621094 -0.40055209398269653 0.833888590335846 0.5703424215316772 -0.8340474963188171 -0.5381984114646912 0.1212734654545784 11.332935333251953 0.0 0.0 0.0 1.0
0.37278252840042114 -0.7462992668151855 -0.5514259934425354 1.0168278217315674 0.3905543386936188 -0.4128688871860504 0.8228040933609009 0.8449854254722595 -0.841724693775177 -0.5220888257026672 0.13756008446216583 11.452513694763184 0.0 0.0 0.0 1.0
0.3364318609237671 -0.7502289414405823 -0.5691837668418884 0.7973573803901672 0.4039577543735504 -0.4310101270675659 0.8068757057189941 1.059421420097351 -0.8506654500961304 -0.5013849139213562 0.15805526077747345 11.47396469116211 0.0 0.0 0.0 1.0
0.30967098474502563 -0.7505954504013062 -0.5837039947509766 0.6750242710113525 0.4126170873641968 -0.44698721170425415 0.7936936020851135 1.1189854145050049 -0.8566510677337646 -0.4866301119327545 0.17128954827785492 11.417097091674805 0.0 0.0 0.0 1.0
0.27540335059165955 -0.7484336495399475 -0.6033241748809814 0.6051633358001709 0.4232592284679413 -0.46908727288246155 0.7751185297966003 1.1845241785049438 -0.8631364703178406 -0.46883276104927063 0.1875932514667511 11.266263008117676 0.0 0.0 0.0 1.0
0.24139662086963654 -0.7441529035568237 -0.6228677034378052 0.5793370604515076 0.43253645300865173 -0.492059588432312 0.755506157875061 1.2483543157577515 -0.8687001466751099 -0.45178961753845215 0.20309172570705414 11.15597152709961 0.0 0.0 0.0 1.0
0.21673445403575897 -0.7396289110183716 -0.6371618509292603 0.5745803713798523 0.4385145306587219 -0.5093634724617004 0.7404416799545288 1.2941516637802124 -0.8721990585327148 -0.4398839473724365 0.21394142508506775 11.15395736694336 0.0 0.0 0.0 1.0
0.18426334857940674 -0.7335802316665649 -0.6541460752487183 0.3832411766052246 0.44452592730522156 -0.5313851833343506 0.7211286425590515 1.3704272508621216 -0.876609206199646 -0.4236624836921692 0.2281806319952011 11.239239692687988 0.0 0.0 0.0 1.0
0.16057178378105164 -0.7296980023384094 -0.6646484136581421 0.14524510502815247 0.4470295011997223 -0.5465987324714661 0.7080921530723572 1.3433239459991455 -0.8799893856048584 -0.41081705689430237 0.23842820525169373 11.39333724975586 0.0 0.0 0.0 1.0
0.1293514370918274 -0.7249340415000916 -0.6765639781951904 -0.12035457789897919 0.448001891374588 -0.5659657716751099 0.6920816898345947 1.203857421875 -0.8846256136894226 -0.3926237225532532 0.25156334042549133 11.650924682617188 0.0 0.0 0.0 1.0
0.10721046477556229 -0.7218424081802368 -0.6837027072906494 -0.22904010117053986 0.4469146728515625 -0.5792883038520813 0.6816834211349487 1.025638222694397 -0.8881290555000305 -0.37864038348197937 0.26049619913101196 11.88434886932373 0.0 0.0 0.0 1.0
0.07853871583938599 -0.7182866334915161 -0.6913002133369446 -0.14909745752811432 0.44574272632598877 -0.5949627757072449 0.6688293814659119 0.701609194278717 -0.8917090892791748 -0.3606710433959961 0.27344343066215515 12.259109497070312 0.0 0.0 0.0 1.0
0.057142358273267746 -0.715762734413147 -0.6960017681121826 -0.026822421699762344 0.4442474842071533 -0.6060903668403625 0.6597716808319092 0.5038350224494934 -0.8940799236297607 -0.3468979299068451 0.2833423614501953 12.47343921661377 0.0 0.0 0.0 1.0
0.029425326734781265 -0.7117303013801575 -0.7018362879753113 0.1532181054353714 0.44326210021972656 -0.6200350522994995 0.6473602056503296 0.43949997425079346 -0.8959089517593384 -0.3301461935043335 0.2972383201122284 12.833771705627441 0.0 0.0 0.0 1.0
0.009399236179888248 -0.7103204131126404 -0.7038156986236572 0.14460642635822296 0.44000953435897827 -0.6291049122810364 0.6407953500747681 0.529705286026001 -0.897943913936615 -0.31570860743522644 0.30663466453552246 13.047269821166992 0.0 0.0 0.0 1.0
-0.018068769946694374 -0.7074135541915894 -0.7065688967704773 0.3471824526786804 0.4349840581417084 -0.6418630480766296 0.6315066814422607 0.2148057520389557 -0.9002568125724792 -0.29593566060066223 0.31931132078170776 13.374567031860352 0.0 0.0 0.0 1.0
-0.04117819666862488 -0.7040048837661743 -0.7090003490447998 0.36617350578308105 0.4323120713233948 -0.6522943377494812 0.6225900650024414 -0.15220759809017181 -0.900783360004425 -0.28087228536605835 0.33121010661125183 13.466188430786133 0.0 0.0 0.0 1.0
-0.07462161779403687 -0.696751594543457 -0.7134205102920532 0.06020030751824379 0.42799112200737 -0.668550968170166 0.6081638336181641 -0.38223767280578613 -0.9006970524787903 -0.2599554657936096 0.34809184074401855 13.52312183380127 0.0 0.0 0.0 1.0
-0.1036563590168953 -0.6896190047264099 -0.716715395450592 -0.1072838231921196 0.4254595935344696 -0.6820845603942871 0.5947645306587219 -0.36127251386642456 -0.8990213871002197 -0.24328231811523438 0.3641074299812317 13.232341766357422 0.0 0.0 0.0 1.0
-0.14991457760334015 -0.6770161390304565 -0.7205378413200378 -0.1148008331656456 0.42393842339515686 -0.7023959755897522 0.5717657804489136 -0.23831510543823242 -0.8931975364685059 -0.2197476327419281 0.39231255650520325 12.716512680053711 0.0 0.0 0.0 1.0
-0.18886488676071167 -0.6644702553749084 -0.7230555415153503 -0.010420417413115501 0.4256359338760376 -0.7189390063285828 0.549509584903717 0.21340228617191315 -0.8849655985832214 -0.2039753496646881 0.4186047613620758 12.772294998168945 0.0 0.0 0.0 1.0
-0.24348045885562897 -0.647909939289093 -0.721754789352417 0.2911461889743805 0.42785730957984924 -0.7395802140235901 0.5195760130882263 0.884418249130249 -0.870434045791626 -0.18230144679546356 0.4572863280773163 12.847354888916016 0.0 0.0 0.0 1.0
-0.2989881634712219 -0.6312459111213684 -0.7156358361244202 0.4234168827533722 0.42997002601623535 -0.7586154937744141 0.4895184636116028 1.3044453859329224 -0.8518989682197571 -0.16134174168109894 0.4982338547706604 12.74534797668457 0.0 0.0 0.0 1.0
-0.33813393115997314 -0.6174070239067078 -0.7102633118629456 0.6233404874801636 0.4303242564201355 -0.7726309895515442 0.46675729751586914 1.4681771993637085 -0.8369507193565369 -0.14781706035137177 0.5269379615783691 12.617570877075195 0.0 0.0 0.0 1.0
-0.38718682527542114 -0.5996267795562744 -0.700381338596344 1.019226312637329 0.4287886917591095 -0.7895916104316711 0.43895938992500305 1.3564157485961914 -0.8162270784378052 -0.1303563117980957 0.5628326535224915 12.38986873626709 0.0 0.0 0.0 1.0
-0.41990792751312256 -0.5855520367622375 -0.6934018731117249 1.1913096904754639 0.42556247115135193 -0.8018580079078674 0.4194285571575165 1.1960088014602661 -0.801607072353363 -0.11896445602178574 0.5858954787254333 12.234500885009766 0.0 0.0 0.0 1.0
-0.456542432308197 -0.5672546029090881 -0.6854131817817688 1.2845226526260376 0.41905033588409424 -0.8166819214820862 0.39677131175994873 0.8901980519294739 -0.7848349213600159 -0.10607966780662537 0.6105581521987915 12.310214042663574 0.0 0.0 0.0 1.0
-0.4790913760662079 -0.5535982251167297 -0.6811758279800415 1.2375003099441528 0.41207996010780334 -0.8270531892776489 0.3823259770870209 0.6455526947975159 -0.7750235795974731 -0.0975298285484314 0.6243607401847839 12.440459251403809 0.0 0.0 0.0 1.0
-0.502357542514801 -0.53616863489151 -0.6783510446548462 1.3063825368881226 0.4014175534248352 -0.8394784331321716 0.3662511706352234 0.5021573901176453 -0.7658334374427795 -0.08831299096345901 0.6369457840919495 12.55758285522461 0.0 0.0 0.0 1.0
-0.516622006893158 -0.5248852968215942 -0.6764592528343201 1.4195510149002075 0.39370280504226685 -0.8472095131874084 0.3566989302635193 0.5477116107940674 -0.7603287696838379 -0.08204539120197296 0.644335925579071 12.521910667419434 0.0 0.0 0.0 1.0
-0.5335529446601868 -0.5124495029449463 -0.6728423237800598 1.6424884796142578 0.3828001916408539 -0.8557106852531433 0.3481712341308594 0.3024844825267792 -0.754178524017334 -0.07179637253284454 0.6527327299118042 12.480619430541992 0.0 0.0 0.0 1.0
