-0.9409981369972229 0.27544599771499634 0.1966012865304947 -0.17365935444831848 -0.2607404589653015 -0.9604577422142029 0.09764910489320755 1.4294649362564087 0.21572427451610565 0.040625713765621185 0.9756088256835938 9.533763885498047 0.0 0.0 0.0 1.0
-0.9445913434028625 0.26324447989463806 0.1960856169462204 -0.0904972106218338 -0.2497258186340332 -0.964012622833252 0.09119577705860138 1.451298713684082 0.21303579211235046 0.037175100296735764 0.9763368964195251 9.571749687194824 0.0 0.0 0.0 1.0
-0.9490212798118591 0.24857228994369507 0.19383101165294647 -0.030706508085131645 -0.23664340376853943 -0.9680601954460144 0.08282117545604706 1.4646241664886475 0.20822714269161224 0.03273022174835205 0.977532684803009 9.613472938537598 0.0 0.0 0.0 1.0
-0.9579259753227234 0.2196384072303772 0.18476155400276184 0.048228759318590164 -0.21070855855941772 -0.9752569794654846 0.06690073758363724 1.5084795951843262 0.19488397240638733 0.02515510655939579 0.9805036783218384 9.7470064163208 0.0 0.0 0.0 1.0
-0.9702578783035278 0.18019697070121765 0.16164377331733704 0.0674564316868782 -0.1738213151693344 -0.9833568334579468 0.0528719425201416 1.639946460723877 0.16848087310791016 0.023202285170555115 0.9854317903518677 10.068438529968262 0.0 0.0 0.0 1.0
-0.9763792157173157 0.15535041689872742 0.15016616880893707 0.1743146926164627 -0.14980413019657135 -0.9875674843788147 0.0476364828646183 1.8405383825302124 0.15569956600666046 0.0240157600492239 0.987512469291687 10.304497718811035 0.0 0.0 0.0 1.0
-0.9795039296150208 0.14304402470588684 0.14181120693683624 0.2097007781267166 -0.13764247298240662 -0.9893545508384705 0.047245319932699203 1.991788625717163 0.14705972373485565 0.02675773575901985 0.9887655973434448 10.421647071838379 0.0 0.0 0.0 1.0
-0.9842602610588074 0.12621717154979706 0.1236969381570816 0.15963566303253174 -0.121645487844944 -0.991603672504425 0.04386996477842331 2.1728179454803467 0.12819547951221466 0.02813228778541088 0.9913498163223267 10.674966812133789 0.0 0.0 0.0 1.0
-0.9854463934898376 0.12116163223981857 0.11922769993543625 0.14908792078495026 -0.11685141175985336 -0.992238461971283 0.042527273297309875 2.2231533527374268 0.1234549880027771 0.027976423501968384 0.9919557571411133 10.752545356750488 0.0 0.0 0.0 1.0
-0.9890884160995483 0.10396971553564072 0.10437651723623276 0.14846567809581757 -0.10058920085430145 -0.9942338466644287 0.03715968877077103 2.3756155967712402 0.1076381504535675 0.026255067437887192 0.9938433766365051 10.9238862991333 0.0 0.0 0.0 1.0
-0.9906940460205078 0.09637900441884995 0.09610622376203537 0.14295651018619537 -0.09358508884906769 -0.9950583577156067 0.033177293837070465 2.386796712875366 0.09882889688014984 0.023874439299106598 0.9948180317878723 11.033878326416016 0.0 0.0 0.0 1.0
-0.9914470911026001 0.09265587478876114 0.09191076457500458 0.13461001217365265 -0.09021517634391785 -0.9954590797424316 0.030372461304068565 2.3778748512268066 0.09430759400129318 0.02182094193994999 0.9953039288520813 11.069175720214844 0.0 0.0 0.0 1.0
-0.9939338564872742 0.07808993756771088 0.07744352519512177 0.0972386822104454 -0.07689367979764938 -0.9968710541725159 0.018314873799681664 2.308474540710449 0.07863141596317291 0.012248854152858257 0.9968284964561462 11.241105079650879 0.0 0.0 0.0 1.0
-0.9948477149009705 0.07105551660060883 0.0723128393292427 0.10595308989286423 -0.07035195827484131 -0.9974471926689148 0.012233602814376354 2.2692713737487793 0.07299750298261642 0.0070832218043506145 0.9973069429397583 11.320632934570312 0.0 0.0 0.0 1.0
-0.996343731880188 0.060270655900239944 0.060552384704351425 0.09860038012266159 -0.060208991169929504 -0.9981817603111267 0.0028440707828849554 2.2276947498321533 0.06061369925737381 -0.0008121259161271155 0.9981609582901001 11.428768157958984 0.0 0.0 0.0 1.0
-0.9974660277366638 0.05257061868906021 0.04793647676706314 0.042753916233778 -0.05276865512132645 -0.9986026287078857 -0.00287422607652843 2.2142927646636963 0.047718390822410583 -0.005396486259996891 0.9988462328910828 11.491458892822266 0.0 0.0 0.0 1.0
-0.9984920620918274 0.04058374837040901 0.036966677755117416 0.04834321513772011 -0.040996551513671875 -0.9991043210029602 -0.010477839037775993 2.185967445373535 0.036508336663246155 -0.01197754591703415 0.9992615580558777 11.572774887084961 0.0 0.0 0.0 1.0
-0.9989949464797974 0.03187492862343788 0.03151345252990723 0.05069638416171074 -0.03238605335354805 -0.99934983253479 -0.015844017267227173 2.1417315006256104 0.0309879370033741 -0.016848688945174217 0.9993777275085449 11.59660530090332 0.0 0.0 0.0 1.0
-0.9996837377548218 0.016591504216194153 0.018898041918873787 -0.018215244635939598 -0.017017517238855362 -0.9995995163917542 -0.0226095262914896 2.063685417175293 0.018515346571803093 -0.022923974320292473 0.9995657205581665 11.595438957214355 0.0 0.0 0.0 1.0
-0.9999319911003113 0.005962731316685677 0.010025332681834698 -0.03635290265083313 -0.006228197831660509 -0.9996251463890076 -0.026660246774554253 1.9859765768051147 0.009862607344985008 -0.026720872148871422 0.9995942711830139 11.574764251708984 0.0 0.0 0.0 1.0
-0.9999881982803345 -0.004711498040705919 0.0012099450686946511 -0.026891902089118958 0.0046729580499231815 -0.9995362162590027 -0.030092239379882812 1.8995376825332642 0.0013511633733287454 -0.030086228623986244 0.9995464086532593 11.483644485473633 0.0 0.0 0.0 1.0
-0.9995854496955872 -0.020916109904646873 -0.019785325974225998 -0.05176416411995888 0.021546579897403717 -0.9992489218711853 -0.03220812976360321 1.789211630821228 -0.019096797332167625 -0.03262108564376831 0.9992853403091431 11.235516548156738 0.0 0.0 0.0 1.0
-0.9988864064216614 -0.03282317891716957 -0.03389066830277443 -0.06949831545352936 0.033925846219062805 -0.9988961219787598 -0.03249041363596916 1.716754674911499 -0.03278682008385658 -0.03360400348901749 0.9988973140716553 11.045004844665527 0.0 0.0 0.0 1.0
-0.9980640411376953 -0.046623345464468 -0.041163370013237 -0.012093761004507542 0.04801728576421738 -0.9982829093933105 -0.03355026617646217 1.6371533870697021 -0.039528463035821915 -0.03546186909079552 0.9985889792442322 10.88514518737793 0.0 0.0 0.0 1.0
-0.994962215423584 -0.07740771025419235 -0.06370467692613602 -0.023275235667824745 0.0797579288482666 -0.9961921572685242 -0.035212039947509766 1.4332891702651978 -0.060736414045095444 -0.0401156023144722 0.9973474144935608 10.688526153564453 0.0 0.0 0.0 1.0
-0.9865726828575134 -0.12219132483005524 -0.10836797207593918 -0.2739337384700775 0.1262781172990799 -0.9914894700050354 -0.0316617488861084 1.2047007083892822 -0.1035769134759903 -0.04492111876606941 0.9936065077781677 10.569287300109863 0.0 0.0 0.0 1.0
-0.9826821684837341 -0.14392082393169403 -0.11671584844589233 -0.19405296444892883 0.14833056926727295 -0.9884834885597229 -0.0299739520996809 1.0538491010665894 -0.111057810485363 -0.04676739498972893 0.9927129149436951 10.573166847229004 0.0 0.0 0.0 1.0
-0.9765556454658508 -0.17077496647834778 -0.13105349242687225 -0.20625336468219757 0.17505072057247162 -0.984319269657135 -0.02174440398812294 0.9357306361198425 -0.1252850741147995 -0.04417562857270241 0.9911367893218994 10.589035987854004 0.0 0.0 0.0 1.0
-0.9694104790687561 -0.1985185742378235 -0.1443386971950531 -0.18872715532779694 0.20286791026592255 -0.9790767431259155 -0.015916455537080765 0.7063111066818237 -0.13815894722938538 -0.044711269438266754 0.989400327205658 10.768620491027832 0.0 0.0 0.0 1.0
-0.9669925570487976 -0.20713357627391815 -0.14839483797550201 -0.1936037689447403 0.21142050623893738 -0.977301299571991 -0.013545854017138481 0.6536361575126648 -0.1422206610441208 -0.044472452253103256 0.9888353943824768 10.801732063293457 0.0 0.0 0.0 1.0
-0.9570606350898743 -0.237108513712883 -0.1667766124010086 -0.24051021039485931 0.2409089356660843 -0.970544159412384 -0.0026394168380647898 0.5649641156196594 -0.16123823821544647 -0.042704060673713684 0.9859911799430847 10.887725830078125 0.0 0.0 0.0 1.0
-0.9527228474617004 -0.24920767545700073 -0.17382369935512543 -0.2213808298110962 0.25275951623916626 -0.9675275683403015 0.0017576951067894697 0.5395188927650452 -0.16861724853515625 -0.042260996997356415 0.9847752451896667 10.866436004638672 0.0 0.0 0.0 1.0
-0.9452730417251587 -0.2683365046977997 -0.18561901152133942 -0.16375528275966644 0.271176815032959 -0.9624733328819275 0.010400856845080853 0.5070668458938599 -0.18144428730010986 -0.04050392657518387 0.9825667142868042 10.831465721130371 0.0 0.0 0.0 1.0
-0.9383611679077148 -0.2838197946548462 -0.19729328155517578 -0.14586609601974487 0.28579142689704895 -0.9581030011177063 0.019022582098841667 0.4984159767627716 -0.1944262683391571 -0.03853467479348183 0.9801599383354187 10.777850151062012 0.0 0.0 0.0 1.0
-0.9316853880882263 -0.2983163595199585 -0.207291379570961 -0.09216779470443726 0.29972004890441895 -0.9536901116371155 0.025358492508530617 0.4840047359466553 -0.2052565962076187 -0.038503244519233704 0.9779505133628845 10.698406219482422 0.0 0.0 0.0 1.0
-0.9182990789413452 -0.3236691355705261 -0.22795863449573517 -0.06419269740581512 0.3235967457294464 -0.9454004168510437 0.038771696388721466 0.5452801585197449 -0.22806137800216675 -0.03816265985369682 0.972898542881012 10.527080535888672 0.0 0.0 0.0 1.0
-0.9092297554016113 -0.33836638927459717 -0.24250660836696625 -0.02012636512517929 0.33761119842529297 -0.9401614665985107 0.04599015787243843 0.588667094707489 -0.2435569018125534 -0.04005732759833336 0.9690590500831604 10.447721481323242 0.0 0.0 0.0 1.0
-0.8881364464759827 -0.3632810711860657 -0.28149688243865967 -0.11572905629873276 0.3604772090911865 -0.9305945038795471 0.0636398047208786 0.6467931270599365 -0.28507861495018005 -0.0449523888528347 0.9574494361877441 10.358047485351562 0.0 0.0 0.0 1.0
-0.8784621953964233 -0.3744952976703644 -0.29674482345581055 -0.1752202957868576 0.3706125319004059 -0.9260294437408447 0.07152477651834488 0.6621670722961426 -0.30158013105392456 -0.047145530581474304 0.9522745013237 10.298929214477539 0.0 0.0 0.0 1.0
-0.8266512155532837 -0.4298558235168457 -0.3631415069103241 -0.22637689113616943 0.4247741401195526 -0.8999438881874084 0.09832547605037689 0.7159473896026611 -0.3690727651119232 -0.07297225296497345 0.9265313744544983 10.262091636657715 0.0 0.0 0.0 1.0
-0.7986176013946533 -0.4612080454826355 -0.3866485357284546 0.003154152538627386 0.4589664041996002 -0.8822934627532959 0.10444167256355286 0.7225504517555237 -0.38930681347846985 -0.09404972940683365 0.9162940979003906 10.319639205932617 0.0 0.0 0.0 1.0
-0.7828601598739624 -0.47829341888427734 -0.3979514241218567 0.12682192027568817 0.4777272045612335 -0.8718376159667969 0.10805488377809525 0.7277331352233887 -0.3986309766769409 -0.10552036017179489 0.9110207557678223 10.364065170288086 0.0 0.0 0.0 1.0
-0.710574746131897 -0.532751202583313 -0.45962998270988464 0.4387888014316559 0.5318337082862854 -0.834360659122467 0.14489710330963135 0.7506422996520996 -0.46069130301475525 -0.1414864957332611 0.876210629940033 10.780792236328125 0.0 0.0 0.0 1.0
-0.6775896549224854 -0.5609064698219299 -0.4756639301776886 0.7090330123901367 0.5649945139884949 -0.8110553026199341 0.15156029164791107 0.7193034887313843 -0.47080090641975403 -0.16605180501937866 0.8664717674255371 11.109249114990234 0.0 0.0 0.0 1.0
-0.6023765206336975 -0.6009652614593506 -0.5253410935401917 0.7051912546157837 0.6059013605117798 -0.7727143168449402 0.18919849395751953 0.6555939316749573 -0.519640326499939 -0.20433618128299713 0.8295906782150269 11.551362991333008 0.0 0.0 0.0 1.0
-0.6022881269454956 -0.6010686159133911 -0.5253242254257202 0.704940676689148 0.6057611107826233 -0.7727196216583252 0.18962542712688446 0.6554358601570129 -0.519906222820282 -0.20401184260845184 0.8295038938522339 11.543127059936523 0.0 0.0 0.0 1.0
-0.5540008544921875 -0.6191623210906982 -0.5565258860588074 0.3632947504520416 0.6207112073898315 -0.7526854276657104 0.21950452029705048 0.6322394609451294 -0.554797887802124 -0.22383618354797363 0.80130934715271 11.662949562072754 0.0 0.0 0.0 1.0
-0.47447261214256287 -0.6505179405212402 -0.5930448174476624 0.016280952841043472 0.6511352062225342 -0.7127271294593811 0.26085034012794495 0.6167014837265015 -0.5923669934272766 -0.2623860239982605 0.7617446780204773 11.535714149475098 0.0 0.0 0.0 1.0
-0.4317206144332886 -0.6649295687675476 -0.609496533870697 -0.1983286589384079 0.6608361601829529 -0.6930675506591797 0.28801560401916504 0.6187449097633362 -0.6139323115348816 -0.2784350514411926 0.7386210560798645 11.384532928466797 0.0 0.0 0.0 1.0
-0.4017162322998047 -0.6791670322418213 -0.6142932176589966 -0.11080315709114075 0.6775598526000977 -0.6717016696929932 0.2995488941669464 0.5646865367889404 -0.616065502166748 -0.2958867847919464 0.7300097942352295 11.191551208496094 0.0 0.0 0.0 1.0
-0.3583388328552246 -0.7013657689094543 -0.6161812543869019 0.09064476191997528 0.701458752155304 -0.6378082036972046 0.3180508017539978 0.43560612201690674 -0.6160753965377808 -0.31825578212738037 0.72053062915802 10.936467170715332 0.0 0.0 0.0 1.0
-0.31633636355400085 -0.7232283353805542 -0.6138990521430969 0.04840586706995964 0.7194487452507019 -0.6046979427337646 0.3416634798049927 0.3945853114128113 -0.6183242201805115 -0.33358830213546753 0.711613655090332 10.914557456970215 0.0 0.0 0.0 1.0
-0.26480817794799805 -0.7457955479621887 -0.6112819910049438 -0.009305383078753948 0.7365251183509827 -0.5655941963195801 0.37099042534828186 0.29422348737716675 -0.6224205493927002 -0.3519832491874695 0.6990711092948914 10.989184379577637 0.0 0.0 0.0 1.0
-0.23675785958766937 -0.7560486197471619 -0.6101935505867004 -0.06658734381198883 0.7415519952774048 -0.5464038848876953 0.38928574323654175 0.2317282259464264 -0.6277310848236084 -0.36032378673553467 0.6900147795677185 11.04324722290039 0.0 0.0 0.0 1.0
-0.2161492556333542 -0.762816309928894 -0.6094183921813965 -0.08699208498001099 0.7460058927536011 -0.5317080616950989 0.400951087474823 0.17015758156776428 -0.6298847198486328 -0.36796441674232483 0.6839937567710876 11.086058616638184 0.0 0.0 0.0 1.0
-0.1956360936164856 -0.7691682577133179 -0.6083639860153198 -0.10876438021659851 0.7499505281448364 -0.517067015171051 0.41257229447364807 0.13379770517349243 -0.6319024562835693 -0.37552884221076965 0.6779951453208923 11.12714672088623 0.0 0.0 0.0 1.0
-0.14972899854183197 -0.7821776270866394 -0.6047970056533813 -0.18420933187007904 0.7571005821228027 -0.4841165542602539 0.43866822123527527 0.17063353955745697 -0.6359087228775024 -0.39221081137657166 0.6646734476089478 11.158639907836914 0.0 0.0 0.0 1.0
-0.12303721159696579 -0.7878766059875488 -0.603417158126831 -0.2723318636417389 0.7568143606185913 -0.46780675649642944 0.4564962387084961 0.21960914134979248 -0.6419453620910645 -0.4005087614059448 0.6538339853286743 11.15023136138916 0.0 0.0 0.0 1.0
-0.08714713901281357 -0.7925840020179749 -0.6035031080245972 -0.3111567199230194 0.755464494228363 -0.44747504591941833 0.4785807430744171 0.28913235664367676 -0.6493679881095886 -0.4142182171344757 0.6377652287483215 11.137328147888184 0.0 0.0 0.0 1.0
-0.06312689185142517 -0.7945139408111572 -0.6039557456970215 -0.2942512333393097 0.7513644099235535 -0.4361378848552704 0.4952123165130615 0.3337283730506897 -0.6568610668182373 -0.4225296676158905 0.6245015263557434 11.091748237609863 0.0 0.0 0.0 1.0
-0.03625553846359253 -0.7956685423851013 -0.6046462655067444 -0.24667729437351227 0.7466879487037659 -0.423694372177124 0.5127769708633423 0.3711440861225128 -0.6641857028007507 -0.4328910708427429 0.6094773411750793 11.085426330566406 0.0 0.0 0.0 1.0
0.011665879748761654 -0.7966808676719666 -0.6042876243591309 -0.18731273710727692 0.7321830987930298 -0.40477484464645386 0.5477820634841919 0.4374254047870636 -0.6810079216957092 -0.44883954524993896 0.5785942077636719 11.067740440368652 0.0 0.0 0.0 1.0
0.046302180737257004 -0.7958252429962158 -0.6037535071372986 -0.08361107110977173 0.7238892912864685 -0.3897615671157837 0.5692716240882874 0.48921096324920654 -0.6883606314659119 -0.4634092152118683 0.558042585849762 11.117476463317871 0.0 0.0 0.0 1.0
0.06600601226091385 -0.7948260307312012 -0.6032369136810303 -0.03665047138929367 0.7187625169754028 -0.38146281242370605 0.5812628865242004 0.5171982049942017 -0.6921153664588928 -0.4719509184360504 0.5461122989654541 11.161077499389648 0.0 0.0 0.0 1.0
0.14329583942890167 -0.7885816097259521 -0.5980011224746704 0.31372782588005066 0.7013468742370605 -0.345405250787735 0.6235445737838745 0.6471239924430847 -0.698268473148346 -0.5087575316429138 0.5035741329193115 11.475188255310059 0.0 0.0 0.0 1.0
0.2123093605041504 -0.7836177945137024 -0.583838939666748 0.4589601755142212 0.6876904964447021 -0.3046621084213257 0.6589861512184143 0.755670428276062 -0.6942668557167053 -0.541409432888031 0.4742039144039154 11.641955375671387 0.0 0.0 0.0 1.0
0.2519749402999878 -0.7780362963676453 -0.5754721164703369 0.5889682769775391 0.6849563121795654 -0.27669212222099304 0.6740002632141113 0.9129758477210999 -0.6836252808570862 -0.5640044212341309 0.4632013738155365 11.797309875488281 0.0 0.0 0.0 1.0
0.2870594263076782 -0.7729200124740601 -0.5658546686172485 0.6519993543624878 0.6781039237976074 -0.2532671391963959 0.6899498701095581 1.0680603981018066 -0.6765884757041931 -0.5817648768424988 0.45141735672950745 11.875687599182129 0.0 0.0 0.0 1.0
0.3214271664619446 -0.7690762877464294 -0.5524547100067139 0.5691475868225098 0.6662902235984802 -0.23086930811405182 0.7090533971786499 1.2030292749404907 -0.6728609800338745 -0.5960041880607605 0.438220351934433 11.880721092224121 0.0 0.0 0.0 1.0
0.3711260259151459 -0.763087809085846 -0.5291147828102112 0.24472810328006744 0.6417657732963562 -0.20104055106639862 0.7400806546211243 1.3008074760437012 -0.6711200475692749 -0.6142309308052063 0.41511228680610657 11.773836135864258 0.0 0.0 0.0 1.0
0.41858845949172974 -0.756057858467102 -0.5031502842903137 -0.0855780839920044 0.6202040910720825 -0.1667362004518509 0.7665154933929443 1.3218883275985718 -0.6634234189987183 -0.6329103708267212 0.39911630749702454 11.43776798248291 0.0 0.0 0.0 1.0
0.44545623660087585 -0.7485733032226562 -0.4911280572414398 -0.22212190926074982 0.613391101360321 -0.1444137543439865 0.7764638066291809 1.2248576879501343 -0.6521657109260559 -0.6471342444419861 0.3948381841182709 11.164567947387695 0.0 0.0 0.0 1.0
0.4681885242462158 -0.739331841468811 -0.48392969369888306 -0.2278919517993927 0.6135762929916382 -0.12208808213472366 0.7801401615142822 0.9442886710166931 -0.6358644962310791 -0.6621804237365723 0.39647623896598816 10.714409828186035 0.0 0.0 0.0 1.0
0.49851351976394653 -0.7322462201118469 -0.4640040695667267 -0.3626514673233032 0.6062373518943787 -0.0881195217370987 0.7903867959976196 0.8917624950408936 -0.6196455359458923 -0.6753150820732117 0.399986207485199 10.531136512756348 0.0 0.0 0.0 1.0
0.5100035667419434 -0.7281267046928406 -0.45796048641204834 -0.4025495648384094 0.6041168570518494 -0.07579775154590607 0.7932827472686768 0.839895486831665 -0.6123227477073669 -0.6812387108802795 0.4012165069580078 10.506294250488281 0.0 0.0 0.0 1.0
0.5495389103889465 -0.7122463583946228 -0.43670597672462463 -0.4362943172454834 0.5960003137588501 -0.03209894523024559 0.802342414855957 0.6512037515640259 -0.5854832530021667 -0.701195240020752 0.4068593978881836 10.394207000732422 0.0 0.0 0.0 1.0
0.5615150332450867 -0.7086607813835144 -0.42720115184783936 -0.4653105139732361 0.5907428860664368 -0.018193211406469345 0.8066547513008118 0.6421914100646973 -0.5794166922569275 -0.7053147554397583 0.40842053294181824 10.322490692138672 0.0 0.0 0.0 1.0
0.5989221334457397 -0.6914821863174438 -0.4039117097854614 -0.48467880487442017 0.5728515982627869 0.017497234046459198 0.8194723725318909 0.5490944385528564 -0.5595831871032715 -0.7221816182136536 0.4065961241722107 10.257792472839355 0.0 0.0 0.0 1.0
0.6152937412261963 -0.6819395422935486 -0.39543911814689636 -0.42512208223342896 0.5650827288627625 0.03179674223065376 0.8244212865829468 0.5281994342803955 -0.5496317744255066 -0.7307170629501343 0.40491658449172974 10.202776908874512 0.0 0.0 0.0 1.0
0.6411936283111572 -0.6673389077186584 -0.37885287404060364 -0.326420396566391 0.5480445623397827 0.05265698581933975 0.834790050983429 0.5359234809875488 -0.5371386408805847 -0.7428902983665466 0.39949479699134827 10.081928253173828 0.0 0.0 0.0 1.0
0.647599995136261 -0.6627370715141296 -0.3760237395763397 -0.25765931606292725 0.5445277094841003 0.057317104190588 0.8367821574211121 0.5236344337463379 -0.5330139398574829 -0.7466554045677185 0.39799726009368896 10.039373397827148 0.0 0.0 0.0 1.0
0.6736195683479309 -0.6461150646209717 -0.3588481545448303 -0.10380777716636658 0.5242331027984619 0.0754501149058342 0.8482257723808289 0.5045987963676453 -0.5209763050079346 -0.759501576423645 0.38953956961631775 9.946978569030762 0.0 0.0 0.0 1.0
0.7028163075447083 -0.6281896829605103 -0.33380672335624695 0.026214413344860077 0.49190106987953186 0.09017988294363022 0.8659682273864746 0.5004503726959229 -0.5138896703720093 -0.7728164792060852 0.3723870813846588 9.859554290771484 0.0 0.0 0.0 1.0
0.7243489623069763 -0.6117929220199585 -0.3178490400314331 0.15704476833343506 0.46900036931037903 0.09934382885694504 0.8775929808616638 0.5028521418571472 -0.5053288340568542 -0.7847548723220825 0.35889071226119995 9.881269454956055 0.0 0.0 0.0 1.0
0.7498021721839905 -0.5887236595153809 -0.3019953668117523 0.3328488767147064 0.44605448842048645 0.11264052987098694 0.8878893256187439 0.48347264528274536 -0.48870453238487244 -0.8004477620124817 0.3470609486103058 9.858419418334961 0.0 0.0 0.0 1.0
0.7982833981513977 -0.5460947751998901 -0.25401586294174194 0.2852368652820587 0.38243311643600464 0.1337803453207016 0.9142470955848694 0.5043060183525085 -0.46528324484825134 -0.8269723653793335 0.3156393766403198 10.038061141967773 0.0 0.0 0.0 1.0
0.8433239459991455 -0.4889378249645233 -0.22303487360477448 0.34628158807754517 0.33629244565963745 0.15641237795352936 0.9286778569221497 0.5087758302688599 -0.41918033361434937 -0.8581811785697937 0.2963324189186096 10.344311714172363 0.0 0.0 0.0 1.0
0.8563587069511414 -0.4718138873577118 -0.2098604440689087 0.29932934045791626 0.3182251453399658 0.1621297001838684 0.9340485334396362 0.5316125750541687 -0.40667247772216797 -0.8666635155677795 0.2889842391014099 10.470598220825195 0.0 0.0 0.0 1.0
0.8807556629180908 -0.43894660472869873 -0.17775070667266846 0.09131444990634918 0.27638551592826843 0.17165733873844147 0.9455922842025757 0.5932417511940002 -0.38455232977867126 -0.8819634914398193 0.2725066542625427 10.6798095703125 0.0 0.0 0.0 1.0
0.9154504537582397 -0.37685227394104004 -0.141183540225029 -0.06791581958532333 0.22292092442512512 0.18278580904006958 0.9575466513633728 0.6108711361885071 -0.33504727482795715 -0.908059298992157 0.2513396143913269 10.909449577331543 0.0 0.0 0.0 1.0
0.9230906963348389 -0.3627411723136902 -0.12775918841362 -0.15099260210990906 0.20569230616092682 0.18497821688652039 0.9609754085540771 0.6064968109130859 -0.3249526619911194 -0.913346529006958 0.2453647404909134 10.936081886291504 0.0 0.0 0.0 1.0
0.9396755695343018 -0.32996365427970886 -0.09018730372190475 -0.3298293650150299 0.1600998193025589 0.19124773144721985 0.968396782875061 0.5652580261230469 -0.30228763818740845 -0.9244177937507629 0.23253794014453888 10.828665733337402 0.0 0.0 0.0 1.0
0.9443403482437134 -0.3187815546989441 -0.0812380462884903 -0.3481242060661316 0.14858855307102203 0.19300644099712372 0.9698814153671265 0.5345405340194702 -0.2935008406639099 -0.927969217300415 0.22963106632232666 10.769156455993652 0.0 0.0 0.0 1.0
0.9521706700325012 -0.29977288842201233 -0.05922175943851471 -0.3944501280784607 0.12219707667827606 0.19591856002807617 0.9729767441749573 0.45274409651756287 -0.28006941080093384 -0.9336766600608826 0.22317928075790405 10.616153717041016 0.0 0.0 0.0 1.0
0.9631732702255249 -0.2675904929637909 -0.02631744183599949 -0.41498783230781555 0.08241329342126846 0.2006324976682663 0.9761939644813538 0.2758447527885437 -0.2559400796890259 -0.942412793636322 0.2152968794107437 10.301023483276367 0.0 0.0 0.0 1.0
0.9784529209136963 -0.20637904107570648 0.006132438313215971 -0.22566615045070648 0.03854277729988098 0.21175117790699005 0.9765633344650269 0.044443223625421524 -0.20284074544906616 -0.955284833908081 0.21514298021793365 9.822697639465332 0.0 0.0 0.0 1.0
0.9868138432502747 -0.15828247368335724 0.033838413655757904 -0.10427156835794449 0.0031188768334686756 0.22761689126491547 0.9737457633018494 -0.029720691964030266 -0.16182908415794373 -0.960800290107727 0.22510915994644165 9.616772651672363 0.0 0.0 0.0 1.0
0.9896297454833984 -0.13187453150749207 0.05693944916129112 -0.06923934072256088 -0.02449136972427368 0.2356824427843094 0.9715214967727661 -0.05378009006381035 -0.1415385603904724 -0.9628410339355469 0.2300085574388504 9.591060638427734 0.0 0.0 0.0 1.0
0.9921838045120239 -0.09775854647159576 0.07755351066589355 0.07034057378768921 -0.05141286551952362 0.2460412234067917 0.9678948521614075 -0.04625547304749489 -0.11370135098695755 -0.9643168449401855 0.23909206688404083 9.637679100036621 0.0 0.0 0.0 1.0
0.9927993416786194 -0.07751800864934921 0.09132581204175949 0.14253978431224823 -0.06896188855171204 0.2535174787044525 0.964869499206543 -0.024321813136339188 -0.09794744849205017 -0.9642198085784912 0.24634619057178497 9.733728408813477 0.0 0.0 0.0 1.0
0.9925054907798767 -0.06633711606264114 0.10262666642665863 0.12258029729127884 -0.08234690874814987 0.2574317753314972 0.9627813100814819 -0.00412775157019496 -0.09028749912977219 -0.9640167355537415 0.2500397861003876 9.79262924194336 0.0 0.0 0.0 1.0
0.9893727898597717 -0.024565543979406357 0.14331106841564178 0.07454047352075577 -0.13163740932941437 0.2672533094882965 0.9545927047729492 0.08206453919410706 -0.061750445514917374 -0.9633131623268127 0.2611794173717499 9.938456535339355 0.0 0.0 0.0 1.0
0.9856516718864441 -0.006593536585569382 0.16866344213485718 0.00908132828772068 -0.16080091893672943 0.26713937520980835 0.9501471519470215 0.12243637442588806 -0.05132147669792175 -0.9636353254318237 0.26224610209465027 9.985223770141602 0.0 0.0 0.0 1.0
0.9786220192909241 0.02837359718978405 0.20370033383369446 -0.027118666097521782 -0.20391184091567993 0.26297417283058167 0.9430082440376282 0.23906484246253967 -0.026811392977833748 -0.9643855690956116 0.2631380259990692 9.989441871643066 0.0 0.0 0.0 1.0
0.9700253009796143 0.06517698615789413 0.23410016298294067 0.10445341467857361 -0.24299851059913635 0.25372114777565 0.9362570643424988 0.41685402393341064 0.0016262555727735162 -0.9650790095329285 0.26195383071899414 9.960010528564453 0.0 0.0 0.0 1.0
0.9605169296264648 0.09229552000761032 0.2624667286872864 0.18140262365341187 -0.2774116098880768 0.24577687680721283 0.9287822842597961 0.5356883406639099 0.021214192733168602 -0.9649224281311035 0.26167669892311096 10.000828742980957 0.0 0.0 0.0 1.0
0.9470299482345581 0.12077376991510391 0.2975700795650482 0.210452139377594 -0.3185918927192688 0.2367088496685028 0.9178606271743774 0.6515811085700989 0.04041602090001106 -0.9640449285507202 0.2626478970050812 10.083349227905273 0.0 0.0 0.0 1.0
0.9345639944076538 0.15741987526416779 0.31907549500465393 0.3618585169315338 -0.3482730984687805 0.22132213413715363 0.9108909964561462 0.7268796563148499 0.07277387380599976 -0.9624112844467163 0.2616647779941559 10.201624870300293 0.0 0.0 0.0 1.0
0.9182718396186829 0.1936061978340149 0.34538885951042175 0.40383702516555786 -0.38215669989585876 0.20512297749519348 0.9010443091392517 0.7778686881065369 0.10360057651996613 -0.959396243095398 0.2623465657234192 10.398959159851074 0.0 0.0 0.0 1.0
0.883534848690033 0.24080653488636017 0.40171927213668823 0.17050595581531525 -0.4479745030403137 0.1841633915901184 0.8748729825019836 0.8110857605934143 0.13669314980506897 -0.9529407620429993 0.2705899775028229 10.737468719482422 0.0 0.0 0.0 1.0
0.871019721031189 0.25380170345306396 0.42060592770576477 0.03721608221530914 -0.46927785873413086 0.17669442296028137 0.8651921153068542 0.8006195425987244 0.1452684998512268 -0.9509804248809814 0.2730078399181366 10.879154205322266 0.0 0.0 0.0 1.0
0.828404426574707 0.30803442001342773 0.4678257405757904 -0.19015607237815857 -0.5235826373100281 0.12909004092216492 0.8421383500099182 0.5760011672973633 0.19901594519615173 -0.94257652759552 0.2682202160358429 11.183518409729004 0.0 0.0 0.0 1.0
0.8098344802856445 0.32674697041511536 0.4872417449951172 -0.26480400562286377 -0.5455822944641113 0.11415885388851166 0.8302455544471741 0.5116866230964661 0.2156572788953781 -0.9381919503211975 0.27071714401245117 11.204385757446289 0.0 0.0 0.0 1.0
0.7713993191719055 0.35755178332328796 0.5264027118682861 -0.5384922623634338 -0.5902963280677795 0.09308876842260361 0.8018009066581726 0.4681706726551056 0.23768317699432373 -0.9292422533035278 0.2828701138496399 10.981435775756836 0.0 0.0 0.0 1.0
0.7505397796630859 0.37675487995147705 0.5429049134254456 -0.5466445684432983 -0.6104921698570251 0.08082345873117447 0.7878875732421875 0.4108215570449829 0.25296103954315186 -0.9227802157402039 0.2906671464443207 10.78577995300293 0.0 0.0 0.0 1.0
0.727346658706665 0.3998066782951355 0.5577825903892517 -0.5348639488220215 -0.6299416422843933 0.06647756695747375 0.7737921476364136 0.3028479516506195 0.2722872495651245 -0.914185643196106 0.30020710825920105 10.525931358337402 0.0 0.0 0.0 1.0
0.7036302089691162 0.42575803399086 0.5688889026641846 -0.4978642165660858 -0.6467800140380859 0.052222080528736115 0.7608866691589355 0.1927759051322937 0.29424503445625305 -0.9033288359642029 0.312116801738739 10.223320960998535 0.0 0.0 0.0 1.0
0.6708815693855286 0.4618605375289917 0.5801748037338257 -0.3668195605278015 -0.6679365634918213 0.03648010268807411 0.743323564529419 0.09870235621929169 0.3221469819545746 -0.8862020373344421 0.3329673707485199 9.971014976501465 0.0 0.0 0.0 1.0
0.6542092561721802 0.48128679394721985 0.583415150642395 -0.27594414353370667 -0.6771472096443176 0.02914741449058056 0.735270082950592 0.005486937705427408 0.3368707299232483 -0.8760784268379211 0.3449705243110657 9.918378829956055 0.0 0.0 0.0 1.0
0.6309615969657898 0.5096313953399658 0.5849472880363464 -0.1625709980726242 -0.6881834268569946 0.0195649191737175 0.7252728939056396 -0.14887556433677673 0.3581773638725281 -0.8601703643798828 0.36306458711624146 9.910731315612793 0.0 0.0 0.0 1.0
0.6141153573989868 0.5277130007743835 0.5868400931358337 -0.1405726671218872 -0.6967190504074097 0.013209807686507702 0.7172224521636963 -0.2260471135377884 0.3707355558872223 -0.8493199944496155 0.37578004598617554 9.914069175720215 0.0 0.0 0.0 1.0
0.6069867610931396 0.5354321599006653 0.5872644186019897 -0.12065313011407852 -0.6996085047721863 0.009476570412516594 0.7144635319709778 -0.26144716143608093 0.3769814968109131 -0.8445250988006592 0.38034504652023315 9.9144287109375 0.0 0.0 0.0 1.0
0.5937939286231995 0.5490251183509827 0.5882008075714111 -0.05291617661714554 -0.7045583128929138 0.0017290245741605759 0.7096440196037292 -0.30273789167404175 0.3885953426361084 -0.8358040452003479 0.3878468871116638 9.905730247497559 0.0 0.0 0.0 1.0
0.5524958968162537 0.5825344920158386 0.5961558818817139 -0.042707037180662155 -0.7256671786308289 -0.01570313051342964 0.6878666281700134 -0.22879190742969513 0.4100675582885742 -0.8126542568206787 0.41405028104782104 9.801130294799805 0.0 0.0 0.0 1.0
0.5361566543579102 0.5937347412109375 0.6000126004219055 0.025923820212483406 -0.733403742313385 -0.024262337014079094 0.6793602108955383 -0.19541634619235992 0.4179174602031708 -0.8042949438095093 0.4224388897418976 9.717085838317871 0.0 0.0 0.0 1.0
0.5065889954566956 0.6130479574203491 0.6062506437301636 0.12304810434579849 -0.7480067610740662 -0.03718956559896469 0.6626483201980591 -0.07943863421678543 0.4287813901901245 -0.7891699075698853 0.4397241771221161 9.577543258666992 0.0 0.0 0.0 1.0
0.48154959082603455 0.6253031492233276 0.6140895485877991 0.14179205894470215 -0.762678325176239 -0.046212825924158096 0.6451249122619629 0.0270489901304245 0.4317774176597595 -0.7790124416351318 0.4546513855457306 9.51962947845459 0.0 0.0 0.0 1.0
0.4515565037727356 0.6373820304870605 0.6243724226951599 0.1436884105205536 -0.7811204195022583 -0.05580007657408714 0.6218820214271545 0.14969801902770996 0.43121644854545593 -0.7685248851776123 0.47267523407936096 9.432964324951172 0.0 0.0 0.0 1.0
0.40809667110443115 0.6574642658233643 0.6334018111228943 0.37129873037338257 -0.7989169359207153 -0.07856611907482147 0.5962877869606018 0.36700356006622314 0.4418018162250519 -0.749378502368927 0.4931967556476593 9.35834789276123 0.0 0.0 0.0 1.0
0.3548491597175598 0.6804762482643127 0.6411194801330566 0.6954092383384705 -0.8146589398384094 -0.11140113323926926 0.5691401958465576 0.5695478320121765 0.4587078094482422 -0.7242526412010193 0.5148254632949829 9.329434394836426 0.0 0.0 0.0 1.0
0.29331299662590027 0.7028988003730774 0.6479974985122681 0.9551728367805481 -0.8260958790779114 -0.15480534732341766 0.5418495535850525 0.8100066184997559 0.481178879737854 -0.6942395567893982 0.5352553725242615 9.428767204284668 0.0 0.0 0.0 1.0
0.2244596779346466 0.72254878282547 0.6538662910461426 0.9979107975959778 -0.8441849946975708 -0.19100993871688843 0.5008661150932312 1.0959240198135376 0.4867951571941376 -0.6644083857536316 0.5670908093452454 9.531218528747559 0.0 0.0 0.0 1.0
0.16642405092716217 0.7366377711296082 0.655490517616272 0.8405833840370178 -0.8567017912864685 -0.22112560272216797 0.4660102128982544 1.2691160440444946 0.4882264733314514 -0.6391152143478394 0.5942782759666443 9.753134727478027 0.0 0.0 0.0 1.0
0.1281704157590866 0.7437347173690796 0.6560724377632141 0.8606199026107788 -0.8556668162345886 -0.251523494720459 0.4522944390773773 1.3404709100723267 0.5014047026634216 -0.6193501949310303 0.60415118932724 9.903560638427734 0.0 0.0 0.0 1.0
0.0783696174621582 0.7499778866767883 0.6568039059638977 0.6963096261024475 -0.8586506247520447 -0.2839704155921936 0.42670825123786926 1.3814432621002197 0.5065346360206604 -0.5974060297012329 0.6217142939567566 9.918075561523438 0.0 0.0 0.0 1.0
0.014609096571803093 0.7543351650238037 0.656326949596405 0.42463675141334534 -0.8615418076515198 -0.3236451745033264 0.3911515176296234 1.3801109790802002 0.5074763894081116 -0.5711674690246582 0.6451631188392639 9.965944290161133 0.0 0.0 0.0 1.0
-0.0009761186083778739 0.7546433806419373 0.6561344861984253 0.3739815354347229 -0.8612044453620911 -0.33412015438079834 0.3830021619796753 1.3651233911514282 0.5082578063011169 -0.5646920800209045 0.6502283215522766 9.96469497680664 0.0 0.0 0.0 1.0
-0.057513587176799774 0.7552418112754822 0.6529181003570557 0.08596565574407578 -0.8660624027252197 -0.3630698323249817 0.3436804413795471 1.3312119245529175 0.4966166913509369 -0.5457015037536621 0.6749679446220398 9.827938079833984 0.0 0.0 0.0 1.0
-0.10669811069965363 0.7535083293914795 0.6487223505973816 0.0021511639934033155 -0.8604007363319397 -0.39696717262268066 0.319574236869812 1.2842154502868652 0.49832332134246826 -0.5240631699562073 0.6906747817993164 9.641213417053223 0.0 0.0 0.0 1.0
-0.15542645752429962 0.7508206963539124 0.6419586539268494 0.05572673678398132 -0.8516023755073547 -0.431170254945755 0.29810333251953125 1.232185959815979 0.5006155967712402 -0.500360369682312 0.7064159512519836 9.418120384216309 0.0 0.0 0.0 1.0
-0.1967000663280487 0.748611569404602 0.6331585645675659 0.06826673448085785 -0.8435521125793457 -0.4583565592765808 0.27987346053123474 1.1985365152359009 0.49972888827323914 -0.4790511131286621 0.7216516137123108 9.267882347106934 0.0 0.0 0.0 1.0
-0.24062635004520416 0.7469944357872009 0.6197565793991089 0.22070030868053436 -0.829724133014679 -0.48962634801864624 0.2679998278617859 1.0249381065368652 0.5036435723304749 -0.4497391879558563 0.7376163005828857 9.057015419006348 0.0 0.0 0.0 1.0
-0.27846065163612366 0.7461740970611572 0.604718029499054 0.23486454784870148 -0.8160866498947144 -0.5158041715621948 0.2606697082519531 0.9085227251052856 0.5064210891723633 -0.42091605067253113 0.7525738477706909 9.12911605834961 0.0 0.0 0.0 1.0
-0.32652339339256287 0.7403916716575623 0.5875394940376282 0.2433575838804245 -0.7994864583015442 -0.5479281544685364 0.24616284668445587 0.6549510955810547 0.5041863322257996 -0.3893519639968872 0.7708444595336914 9.317638397216797 0.0 0.0 0.0 1.0
-0.3605859577655792 0.735874354839325 0.5731201171875 0.11228034645318985 -0.7909532189369202 -0.5669015049934387 0.23025134205818176 0.5241684913635254 0.4943387508392334 -0.3702858090400696 0.7864589095115662 9.358490943908691 0.0 0.0 0.0 1.0
-0.3874851167201996 0.7307038903236389 0.5620739459991455 0.012143404223024845 -0.78146892786026 -0.5837936997413635 0.22020722925662994 0.4437687397003174 0.4890415072441101 -0.3539162874221802 0.7972337603569031 9.363377571105957 0.0 0.0 0.0 1.0
-0.4160454273223877 0.722870409488678 0.5516924262046814 -0.03641359135508537 -0.7696462869644165 -0.6030380129814148 0.2097374051809311 0.38043779134750366 0.4843044877052307 -0.33734774589538574 0.8072457313537598 9.363219261169434 0.0 0.0 0.0 1.0
-0.4410478174686432 0.7171632647514343 0.5395865440368652 -0.09775517135858536 -0.759649395942688 -0.6184659600257874 0.20107874274253845 0.3844832181930542 0.4779222309589386 -0.3212112486362457 0.8175656795501709 9.324459075927734 0.0 0.0 0.0 1.0
-0.4734950661659241 0.7086282968521118 0.5231141448020935 -0.13119931519031525 -0.7447367906570435 -0.639204740524292 0.19179250299930573 0.404252827167511 0.47028663754463196 -0.2987695634365082 0.8304018378257751 9.230168342590332 0.0 0.0 0.0 1.0
-0.4955016076564789 0.7016894817352295 0.5119668245315552 -0.1422252506017685 -0.7336271405220032 -0.6536471843719482 0.18584002554416656 0.426827996969223 0.465047687292099 -0.2835087478160858 0.8386616706848145 9.155669212341309 0.0 0.0 0.0 1.0
-0.5090660452842712 0.6973588466644287 0.504521906375885 -0.16314898431301117 -0.7271847724914551 -0.6620498895645142 0.1813623011112213 0.441516637802124 0.460493266582489 -0.2745552361011505 0.8441358804702759 9.114410400390625 0.0 0.0 0.0 1.0
-0.5589543581008911 0.6762534379959106 0.47984516620635986 -0.16497808694839478 -0.6999114751815796 -0.6950789093971252 0.1642840951681137 0.4535181522369385 0.44462791085243225 -0.24402181804180145 0.8618348836898804 8.981467247009277 0.0 0.0 0.0 1.0
-0.5898360013961792 0.6598426103591919 0.4655117988586426 -0.18094444274902344 -0.6811058521270752 -0.716197669506073 0.15217003226280212 0.46498626470565796 0.43380671739578247 -0.22730745375156403 0.8718618154525757 8.946389198303223 0.0 0.0 0.0 1.0
-0.6353009343147278 0.6311995387077332 0.44494932889938354 -0.13199558854103088 -0.6497668623924255 -0.7482737898826599 0.1337512731552124 0.5084969401359558 0.4173676371574402 -0.20414100587368011 0.8855115175247192 8.833516120910645 0.0 0.0 0.0 1.0
-0.6659018993377686 0.6120179891586304 0.42662474513053894 -0.08192959427833557 -0.6305806636810303 -0.7673264145851135 0.11652570962905884 0.5659290552139282 0.3986762464046478 -0.1914266049861908 0.8968908190727234 8.787166595458984 0.0 0.0 0.0 1.0
-0.6813820600509644 0.6012381315231323 0.4174100458621979 -0.03491736575961113 -0.6197606325149536 -0.7773288488388062 0.10796569287776947 0.5988389849662781 0.38937798142433167 -0.18512843549251556 0.9022817015647888 8.772794723510742 0.0 0.0 0.0 1.0
-0.7427302598953247 0.5493272542953491 0.38287246227264404 0.2865689694881439 -0.5648965835571289 -0.8210592865943909 0.08217987418174744 0.7818388342857361 0.3595046103000641 -0.1552458554506302 0.9201386570930481 8.831782341003418 0.0 0.0 0.0 1.0
-0.7774024605751038 0.5174953937530518 0.3575526773929596 0.36047160625457764 -0.5311623811721802 -0.8445764183998108 0.06750723719596863 0.9334473013877869 0.3369152247905731 -0.13743825256824493 0.9314498901367188 8.907186508178711 0.0 0.0 0.0 1.0
