-0.9999954104423523 -0.0013513187877833843 0.0027207040693610907 -0.5491679310798645 0.0013512803707271814 -0.9999991059303284 -1.597372283868026e-05 1.4219427108764648 0.0027207231614738703 -1.2297214198042639e-05 0.9999963045120239 14.736735343933105 0.0 0.0 0.0 1.0
-0.9999954700469971 -0.0013743328163400292 0.0026835319586098194 -0.5497773289680481 0.0013769468059763312 -0.9999985694885254 0.0009724507690407336 1.4394608736038208 0.0026821917854249477 0.000976141425780952 0.9999959468841553 14.731927871704102 0.0 0.0 0.0 1.0
-0.9999943971633911 -0.0016353725222870708 0.002923818537965417 -0.5268614292144775 0.0016443621134385467 -0.9999939203262329 0.0030748548451811075 1.5077857971191406 0.0029187723994255066 0.003079645335674286 0.9999909996986389 14.680153846740723 0.0 0.0 0.0 1.0
-0.999991774559021 -0.0023261618334800005 0.0033304663375020027 -0.5273076295852661 0.002345078159123659 -0.9999811053276062 0.005687186494469643 1.5673874616622925 0.0033171740360558033 0.00569494953379035 0.9999783039093018 14.641660690307617 0.0 0.0 0.0 1.0
-0.9999808669090271 -0.0036770449951291084 0.004978060256689787 -0.44315847754478455 0.003713211277499795 -0.9999666213989258 0.007275478448718786 1.5784448385238647 0.004951141774654388 0.007293823640793562 0.9999611377716064 14.628999710083008 0.0 0.0 0.0 1.0
-0.9999654293060303 -0.005121475551277399 0.006554311141371727 -0.4448986351490021 0.005167662166059017 -0.999961793422699 0.0070493160746991634 1.5228056907653809 0.006517957895994186 0.007082942873239517 0.9999536871910095 14.643502235412598 0.0 0.0 0.0 1.0
-0.9999499917030334 -0.006883048452436924 0.0072511937469244 -0.4687994718551636 0.00692942226305604 -0.9999555945396423 0.006389710120856762 1.458785057067871 0.007206890732049942 0.006439637392759323 0.9999532699584961 14.68767261505127 0.0 0.0 0.0 1.0
-0.9999173283576965 -0.010567497462034225 0.007324731443077326 -0.4256044924259186 0.01061978004872799 -0.9999181628227234 0.007136131636798382 1.4225096702575684 0.007248720619827509 0.007213328965008259 0.999947726726532 14.72779369354248 0.0 0.0 0.0 1.0
-0.9998626112937927 -0.015036875382065773 0.006973094306886196 -0.4069660007953644 0.015101145021617413 -0.9998431205749512 0.009257558733224869 1.4184855222702026 0.006832795683294535 0.009361589327454567 0.9999328255653381 14.731682777404785 0.0 0.0 0.0 1.0
-0.9998189806938171 -0.01843138597905636 0.0047174845822155476 -0.49101537466049194 0.018484050408005714 -0.9997644424438477 0.011374866589903831 1.412400722503662 0.0045067183673381805 0.01146000623703003 0.9999241828918457 14.716934204101562 0.0 0.0 0.0 1.0
-0.9998052716255188 -0.019578561186790466 -0.0024599225725978613 -0.600994348526001 0.019544245675206184 -0.9997208714485168 0.013275071047246456 1.2617249488830566 -0.002719142707064748 0.013224408961832523 0.9999088644981384 14.762550354003906 0.0 0.0 0.0 1.0
-0.9996926188468933 -0.01747957617044449 -0.017582321539521217 -0.5624494552612305 0.01722269505262375 -0.9997442364692688 0.014657017774879932 1.13858962059021 -0.017834022641181946 0.014349697157740593 0.9997379779815674 14.847139358520508 0.0 0.0 0.0 1.0
-0.9989063739776611 -0.0169343501329422 -0.04358092322945595 -0.502465009689331 0.016228606924414635 -0.9997321963310242 0.016497068107128143 1.2225532531738281 -0.04384862259030342 0.015771768987178802 0.9989137053489685 14.76346492767334 0.0 0.0 0.0 1.0
-0.9955058097839355 -0.02903345227241516 -0.09014039486646652 -0.2962178885936737 0.02736259251832962 -0.9994310736656189 0.019717182964086533 1.3281383514404297 -0.09066157042980194 0.01716209575533867 0.9957338571548462 14.639114379882812 0.0 0.0 0.0 1.0
-0.9889151453971863 -0.04914455488324165 -0.14011281728744507 0.19866256415843964 0.0460309199988842 -0.9986175894737244 0.025379128754138947 1.260740876197815 -0.14116637408733368 0.018648283556103706 0.9898102283477783 14.688285827636719 0.0 0.0 0.0 1.0
-0.9776730537414551 -0.0740317851305008 -0.19665871560573578 0.4942176043987274 0.06891095638275146 -0.9970846176147461 0.032765235751867294 1.0684387683868408 -0.1985110491514206 0.018481748178601265 0.9799243807792664 14.7965087890625 0.0 0.0 0.0 1.0
-0.9630676507949829 -0.0947854071855545 -0.25202468037605286 0.6413224935531616 0.08726456016302109 -0.9953460693359375 0.04087933525443077 0.7921506762504578 -0.2547265589237213 0.017376741394400597 0.9668570160865784 14.834870338439941 0.0 0.0 0.0 1.0
-0.9470497369766235 -0.10499505698680878 -0.30343514680862427 0.6663581728935242 0.09459705650806427 -0.9943183660507202 0.04880911856889725 0.5014433860778809 -0.3068358600139618 0.017520589753985405 0.9516011476516724 14.925495147705078 0.0 0.0 0.0 1.0
-0.9370970726013184 -0.1033889427781105 -0.33340632915496826 0.537152111530304 0.09086786210536957 -0.9944527745246887 0.05297861620783806 0.5501303672790527 -0.3370342552661896 0.019350185990333557 0.9412935376167297 14.783591270446777 0.0 0.0 0.0 1.0
-0.9314272403717041 -0.09579015523195267 -0.3510947823524475 0.25287526845932007 0.08137363940477371 -0.995130181312561 0.05562615022063255 0.5910060405731201 -0.35471343994140625 0.023241853341460228 0.9346861243247986 14.430281639099121 0.0 0.0 0.0 1.0
-0.9265823364257812 -0.08931005746126175 -0.3653339147567749 -0.2390613555908203 0.07382896542549133 -0.9956884980201721 0.05615788325667381 0.8084865808486938 -0.3687742352485657 0.025062676519155502 0.9291810393333435 13.992877006530762 0.0 0.0 0.0 1.0
-0.9211369752883911 -0.08984404057264328 -0.3787277936935425 -0.2434062361717224 0.07409927994012833 -0.9956786036491394 0.05597741901874542 0.884780764579773 -0.38212037086486816 0.023499412462115288 0.9238137006759644 13.882041931152344 0.0 0.0 0.0 1.0
-0.9108102321624756 -0.10038270056247711 -0.4004347622394562 -0.025085266679525375 0.08446253836154938 -0.9947800040245056 0.05726116523146629 0.8474966883659363 -0.4040925204753876 0.01833232119679451 0.9145343899726868 13.829501152038574 0.0 0.0 0.0 1.0
-0.8838011026382446 -0.12664374709129333 -0.45039647817611694 0.24952013790607452 0.10990844666957855 -0.9919276833534241 0.06324257701635361 0.8451144099235535 -0.4547699987888336 0.006391480099409819 0.8905859589576721 13.92041015625 0.0 0.0 0.0 1.0
-0.8500191569328308 -0.1552555412054062 -0.5033518671989441 0.3948042690753937 0.1351960450410843 -0.9878694415092468 0.07639382034540176 1.005610466003418 -0.509106457233429 -0.0031149701680988073 0.8606979250907898 14.020769119262695 0.0 0.0 0.0 1.0
-0.8123595118522644 -0.18145224452018738 -0.554208517074585 0.4099598526954651 0.15605099499225616 -0.983340859413147 0.09321381151676178 1.2212554216384888 -0.5618897676467896 -0.010761669836938381 0.8271421194076538 14.14526081085205 0.0 0.0 0.0 1.0
-0.7684504389762878 -0.2057429403066635 -0.6059321165084839 0.3238988220691681 0.17261473834514618 -0.9784493446350098 0.11331827193498611 1.160268783569336 -0.6161883473396301 -0.017513332888484 0.7874041199684143 14.291776657104492 0.0 0.0 0.0 1.0
-0.7371791005134583 -0.2188413143157959 -0.6392773389816284 0.2446005791425705 0.18071210384368896 -0.9754899740219116 0.12554852664470673 1.0496875047683716 -0.6510838270187378 -0.022973395884037018 0.7586581110954285 14.315778732299805 0.0 0.0 0.0 1.0
-0.7132200002670288 -0.2235528975725174 -0.6643352508544922 0.06293713301420212 0.18136970698833466 -0.9743577241897583 0.13316167891025543 1.22906494140625 -0.6770688891410828 -0.025516720488667488 0.7354771494865417 14.002492904663086 0.0 0.0 0.0 1.0
-0.6939666271209717 -0.22357627749443054 -0.6844150424003601 -0.1850205659866333 0.17907945811748505 -0.9742925763130188 0.13669124245643616 1.1652803421020508 -0.6973814368247986 -0.02770550549030304 0.7161644697189331 13.491202354431152 0.0 0.0 0.0 1.0
-0.6805300116539001 -0.22335880994796753 -0.6978464722633362 -0.24255825579166412 0.1786479949951172 -0.9742425084114075 0.13760952651500702 1.0319329500198364 -0.7106080055236816 -0.031021468341350555 0.7029039263725281 13.092991828918457 0.0 0.0 0.0 1.0
-0.6607934236526489 -0.22737090289592743 -0.7153003215789795 -0.06960971653461456 0.18350279331207275 -0.9730311036109924 0.1397755891084671 1.2384753227233887 -0.727790355682373 -0.038896817713975906 0.6846957206726074 12.717059135437012 0.0 0.0 0.0 1.0
-0.6290139555931091 -0.23773881793022156 -0.740149736404419 0.28221988677978516 0.19412864744663239 -0.9699636697769165 0.14657625555992126 1.349345088005066 -0.7527652382850647 -0.051485758274793625 0.6562725901603699 12.443690299987793 0.0 0.0 0.0 1.0
-0.5764026045799255 -0.2566516101360321 -0.7758157253265381 0.6515806317329407 0.21363383531570435 -0.9637078046798706 0.16008706390857697 1.3070117235183716 -0.7887462377548218 -0.07346589118242264 0.6103131175041199 12.463765144348145 0.0 0.0 0.0 1.0
-0.524141788482666 -0.2728773057460785 -0.8067300319671631 0.7569682598114014 0.23122304677963257 -0.9572915434837341 0.17357660830020905 1.2124323844909668 -0.8196409344673157 -0.09555581957101822 0.5648520588874817 12.503207206726074 0.0 0.0 0.0 1.0
-0.47344979643821716 -0.283322811126709 -0.8340104818344116 0.7780585885047913 0.24212536215782166 -0.9522421360015869 0.18603810667991638 1.2719992399215698 -0.8468887805938721 -0.11385538429021835 0.5194385051727295 12.580378532409668 0.0 0.0 0.0 1.0
-0.42423442006111145 -0.2910657823085785 -0.8574997782707214 0.6601865887641907 0.2472381889820099 -0.9481880068778992 0.1995314061641693 1.2272372245788574 -0.8711477518081665 -0.1273586004972458 0.4742165803909302 12.723078727722168 0.0 0.0 0.0 1.0
-0.39333194494247437 -0.2941681146621704 -0.8710654973983765 0.49380356073379517 0.2456813007593155 -0.9466084837913513 0.20874173939228058 1.2175637483596802 -0.8859631419181824 -0.13189971446990967 0.44460293650627136 12.608734130859375 0.0 0.0 0.0 1.0
-0.3720290958881378 -0.295504629611969 -0.8799269199371338 0.44548243284225464 0.2411378026008606 -0.9461924433708191 0.2158065140247345 1.0207831859588623 -0.8963519930839539 -0.13189734518527985 0.4232684373855591 12.35127067565918 0.0 0.0 0.0 1.0
-0.3532557785511017 -0.2941874563694 -0.8880676031112671 0.2651868760585785 0.23565801978111267 -0.9466418623924255 0.2198510617017746 0.7607986330986023 -0.9053593873977661 -0.13161659240722656 0.40373432636260986 12.160758018493652 0.0 0.0 0.0 1.0
-0.33272844552993774 -0.2921053171157837 -0.8966416716575623 0.09975830465555191 0.23316341638565063 -0.9467778205871582 0.2219155728816986 0.8680573105812073 -0.9137431979179382 -0.13522641360759735 0.38312819600105286 12.111420631408691 0.0 0.0 0.0 1.0
-0.3017275929450989 -0.29283836483955383 -0.9073070883750916 0.33283305168151855 0.2346651405096054 -0.9451934099197388 0.22702783346176147 0.9799137711524963 -0.9240631461143494 -0.1444127857685089 0.3539099097251892 12.174001693725586 0.0 0.0 0.0 1.0
-0.24407781660556793 -0.29927486181259155 -0.9224210381507874 0.669797420501709 0.2443675994873047 -0.9394752979278564 0.24014700949192047 1.086378574371338 -0.9384617805480957 -0.1667952686548233 0.3024381697177887 12.57328987121582 0.0 0.0 0.0 1.0
-0.17815369367599487 -0.3084545433521271 -0.9344073534011841 0.734240710735321 0.25782760977745056 -0.9310545325279236 0.25819048285484314 1.2077548503875732 -0.949624240398407 -0.1949184238910675 0.24539890885353088 12.952577590942383 0.0 0.0 0.0 1.0
-0.10833539813756943 -0.317518413066864 -0.9420432448387146 0.6943992972373962 0.2723529040813446 -0.9208439588546753 0.2790524363517761 1.2697408199310303 -0.9560791254043579 -0.22633694112300873 0.18623706698417664 13.258712768554688 0.0 0.0 0.0 1.0
-0.048855189234018326 -0.3231072723865509 -0.9451004266738892 0.6517401337623596 0.28161823749542236 -0.9122956991195679 0.29733437299728394 1.265203833580017 -0.9582819938659668 -0.2516312003135681 0.13556328415870667 13.52700424194336 0.0 0.0 0.0 1.0
-0.006317841354757547 -0.3283233642578125 -0.94454425573349 0.46575313806533813 0.2806392312049866 -0.9071848392486572 0.313460111618042 1.1314858198165894 -0.9597925543785095 -0.26309579610824585 0.09787186235189438 13.353946685791016 0.0 0.0 0.0 1.0
0.012587043456733227 -0.331323504447937 -0.9434332847595215 0.3775685727596283 0.27553650736808777 -0.9058302044868469 0.3217938542366028 1.2637258768081665 -0.961208164691925 -0.2640007436275482 0.07988999783992767 12.980001449584961 0.0 0.0 0.0 1.0
0.027598537504673004 -0.3338105380535126 -0.942236065864563 0.1467856615781784 0.269620805978775 -0.9051746726036072 0.3285779356956482 1.2189514636993408 -0.9625710248947144 -0.26311472058296204 0.06502077728509903 12.648178100585938 0.0 0.0 0.0 1.0
0.05443907529115677 -0.3343560993671417 -0.9408732056617737 -0.042339690029621124 0.26946595311164856 -0.9023908376693726 0.33627206087112427 1.3617361783981323 -0.9614699482917786 -0.27183961868286133 0.040972258895635605 12.386049270629883 0.0 0.0 0.0 1.0
0.09751465171575546 -0.3308102488517761 -0.9386455416679382 -0.07919545471668243 0.27108821272850037 -0.8986494541168213 0.3448772728443146 1.3464710712432861 -0.9576022624969482 -0.28808632493019104 0.0020472598262131214 12.4457368850708 0.0 0.0 0.0 1.0
0.15159200131893158 -0.3227892518043518 -0.9342520833015442 0.09215439856052399 0.27410686016082764 -0.8943774104118347 0.3534890115261078 1.305965781211853 -0.9496763944625854 -0.309671014547348 -0.0471017099916935 12.888747215270996 0.0 0.0 0.0 1.0
0.21515808999538422 -0.3110102117061615 -0.9257319569587708 0.08532119542360306 0.2734774649143219 -0.8908175230026245 0.36284181475639343 1.292677879333496 -0.9375057816505432 -0.3312351703643799 -0.10661230981349945 13.387077331542969 0.0 0.0 0.0 1.0
0.2627900242805481 -0.3017227351665497 -0.9164631962776184 0.23962968587875366 0.2666409909725189 -0.8901462554931641 0.36951616406440735 1.4951268434524536 -0.9272777438163757 -0.3414718210697174 -0.15346992015838623 13.68735408782959 0.0 0.0 0.0 1.0
0.2973203957080841 -0.2949189841747284 -0.9080877304077148 0.46573352813720703 0.25759562849998474 -0.8910515904426575 0.3737265169620514 1.5508811473846436 -0.9193720817565918 -0.34503597021102905 -0.18895797431468964 13.862333297729492 0.0 0.0 0.0 1.0
0.32292431592941284 -0.29095613956451416 -0.9005911350250244 0.5793408751487732 0.24450373649597168 -0.8936213254928589 0.3763759136199951 1.512197732925415 -0.9142963290214539 -0.34173882007598877 -0.2174322009086609 13.87988567352295 0.0 0.0 0.0 1.0
0.33530452847480774 -0.2894259989261627 -0.8965508937835693 0.6538251042366028 0.23256082832813263 -0.8967636227607727 0.37647101283073425 1.3572885990142822 -0.9129547476768494 -0.33473503589630127 -0.23337975144386292 13.618758201599121 0.0 0.0 0.0 1.0
0.34425827860832214 -0.2864745557308197 -0.8941020965576172 0.4687308371067047 0.22406619787216187 -0.899726152420044 0.3745492696762085 0.9684043526649475 -0.9117459058761597 -0.32927975058555603 -0.24554891884326935 13.136362075805664 0.0 0.0 0.0 1.0
0.36293235421180725 -0.2792060375213623 -0.889001727104187 0.07421454042196274 0.21665321290493011 -0.9026228189468384 0.3719319999217987 0.6504494547843933 -0.9062789082527161 -0.3275912404060364 -0.26710015535354614 12.703948020935059 0.0 0.0 0.0 1.0
0.391457736492157 -0.2695022523403168 -0.8798462152481079 -0.054613858461380005 0.21045371890068054 -0.9045880436897278 0.37071505188941956 0.5251269340515137 -0.8958069086074829 -0.3302862048149109 -0.29739025235176086 12.441520690917969 0.0 0.0 0.0 1.0
0.4321255087852478 -0.2599952518939972 -0.8635218739509583 -0.1342087686061859 0.20229199528694153 -0.9051916003227234 0.37377285957336426 0.4222029745578766 -0.8788319230079651 -0.3362003564834595 -0.33856141567230225 12.376428604125977 0.0 0.0 0.0 1.0
0.4759528636932373 -0.2520069479942322 -0.8425920605659485 -0.03380512818694115 0.19483281672000885 -0.904048502445221 0.38044241070747375 0.37498149275779724 -0.8576182126998901 -0.34523725509643555 -0.38118526339530945 12.701959609985352 0.0 0.0 0.0 1.0
0.5272544622421265 -0.24418385326862335 -0.8138654828071594 0.3266317546367645 0.1865968406200409 -0.9011639952659607 0.39126089215278625 0.4288235604763031 -0.8289658427238464 -0.35815876722335815 -0.4295788109302521 13.147871017456055 0.0 0.0 0.0 1.0
0.5712278485298157 -0.2381109595298767 -0.7854946851730347 0.5980479121208191 0.17973601818084717 -0.8974822759628296 0.40276604890823364 0.5707474946975708 -0.8008705973625183 -0.3712528645992279 -0.4698697626590729 13.221282958984375 0.0 0.0 0.0 1.0
0.6139174103736877 -0.2305797040462494 -0.7549426555633545 0.6919918060302734 0.1724473088979721 -0.8941084146499634 0.41331836581230164 0.6844176650047302 -0.7703033685684204 -0.3839311897754669 -0.5091458559036255 13.276633262634277 0.0 0.0 0.0 1.0
0.6518216133117676 -0.2252579927444458 -0.7241460084915161 0.7081615924835205 0.1627596765756607 -0.8910667300224304 0.4236855208873749 0.6481949090957642 -0.7407009601593018 -0.3940291404724121 -0.54415363073349 13.263399124145508 0.0 0.0 0.0 1.0
0.672457754611969 -0.22385601699352264 -0.7054708003997803 0.8278450965881348 0.1560043841600418 -0.8888810276985168 0.4307587742805481 0.5400463342666626 -0.7235075235366821 -0.399723619222641 -0.5628124475479126 13.062196731567383 0.0 0.0 0.0 1.0
0.6841316819190979 -0.2229493409395218 -0.6944475769996643 0.7086621522903442 0.15339308977127075 -0.8868580460548401 0.4358363449573517 0.29842138290405273 -0.7130458950996399 -0.4046929180622101 -0.5725287795066833 12.642600059509277 0.0 0.0 0.0 1.0
0.6976649165153503 -0.22028307616710663 -0.6817176938056946 0.36768537759780884 0.15103919804096222 -0.8849440217018127 0.4405238926410675 0.03280242159962654 -0.7003219127655029 -0.41030415892601013 -0.5841230154037476 12.20382022857666 0.0 0.0 0.0 1.0
0.7163589000701904 -0.21369729936122894 -0.6642013192176819 0.204751119017601 0.14748384058475494 -0.8840575814247131 0.4434981942176819 0.13191935420036316 -0.6819666028022766 -0.41566285490989685 -0.6017856597900391 12.010205268859863 0.0 0.0 0.0 1.0
0.7434643507003784 -0.203095942735672 -0.6371912956237793 0.06972373276948929 0.1411493867635727 -0.8836589455604553 0.44634488224983215 0.16630129516124725 -0.6537106037139893 -0.42178067564964294 -0.6283020377159119 11.991288185119629 0.0 0.0 0.0 1.0
0.7804481983184814 -0.1882130354642868 -0.596218466758728 -0.05651902034878731 0.12845417857170105 -0.884999692440033 0.44752106070518494 0.21433576941490173 -0.6118824481964111 -0.42585375905036926 -0.6665196418762207 12.310318946838379 0.0 0.0 0.0 1.0
0.8102238178253174 -0.178069069981575 -0.5584163069725037 -0.04607367515563965 0.11387237161397934 -0.8867561221122742 0.44799181818962097 0.2899051010608673 -0.5749526023864746 -0.4265618324279785 -0.6981937885284424 12.723431587219238 0.0 0.0 0.0 1.0
0.8383998274803162 -0.1685694009065628 -0.5183339715003967 -0.037616223096847534 0.09869004786014557 -0.8883073925971985 0.4485200345516205 0.5268723368644714 -0.5360466241836548 -0.4271935224533081 -0.7281206250190735 13.075787544250488 0.0 0.0 0.0 1.0
0.8647174835205078 -0.15718285739421844 -0.47702956199645996 -0.04221807047724724 0.08621273934841156 -0.8892213106155396 0.44928035140037537 0.5752875208854675 -0.4948040246963501 -0.42962658405303955 -0.7553740739822388 13.409584045410156 0.0 0.0 0.0 1.0
0.8925426602363586 -0.14273525774478912 -0.4277782142162323 -0.0736379474401474 0.07485399395227432 -0.888538122177124 0.4526553750038147 0.5678927302360535 -0.44470715522766113 -0.4360351264476776 -0.7823739051818848 13.802068710327148 0.0 0.0 0.0 1.0
0.9108085632324219 -0.13395807147026062 -0.3904907703399658 -0.30623987317085266 0.06576050072908401 -0.886733889579773 0.45757901668548584 0.558686375617981 -0.40755781531333923 -0.4424457550048828 -0.7988356351852417 14.014991760253906 0.0 0.0 0.0 1.0
0.921281635761261 -0.13254478573799133 -0.36561182141304016 -0.460933655500412 0.05715937539935112 -0.8837669491767883 0.46442312002182007 0.6057785153388977 -0.38467249274253845 -0.4487626552581787 -0.8066220879554749 13.936084747314453 0.0 0.0 0.0 1.0
0.925909161567688 -0.13486044108867645 -0.35285255312919617 -0.45100629329681396 0.050701387226581573 -0.8812788128852844 0.4698691666126251 0.4162239730358124 -0.37432822585105896 -0.452946275472641 -0.8091464638710022 13.693015098571777 0.0 0.0 0.0 1.0
0.9274184107780457 -0.1345091164112091 -0.34900206327438354 -0.47896626591682434 0.05007418245077133 -0.8800449371337891 0.4722430408000946 0.2130444347858429 -0.3706584870815277 -0.4554428458213806 -0.8094344139099121 13.573324203491211 0.0 0.0 0.0 1.0
0.9317203164100647 -0.12991902232170105 -0.3391434848308563 -0.4940039813518524 0.048898566514253616 -0.8804457187652588 0.47161877155303955 0.32725900411605835 -0.35986968874931335 -0.456000417470932 -0.8139762878417969 13.383366584777832 0.0 0.0 0.0 1.0
0.9446596503257751 -0.11925829946994781 -0.305606871843338 -0.5092148184776306 0.04085841774940491 -0.8815548419952393 0.4703102111816406 0.3064214289188385 -0.3254975974559784 -0.4567697048187256 -0.8278965950012207 13.350133895874023 0.0 0.0 0.0 1.0
0.9597457647323608 -0.10628990083932877 -0.25998184084892273 -0.6363308429718018 0.02977176010608673 -0.8819167017936707 0.47046422958374023 0.32843708992004395 -0.2792879343032837 -0.45926615595817566 -0.8432513475418091 13.59345817565918 0.0 0.0 0.0 1.0
0.9720328450202942 -0.09240096062421799 -0.21590326726436615 -0.4656083285808563 0.020829765126109123 -0.8817986249923706 0.47116589546203613 0.3397940397262573 -0.2339193969964981 -0.4624859392642975 -0.8552125096321106 13.954776763916016 0.0 0.0 0.0 1.0
0.9820843935012817 -0.07730570435523987 -0.17185485363006592 -0.11423711478710175 0.01295318640768528 -0.882128119468689 0.47083139419555664 0.16983555257320404 -0.18799594044685364 -0.46462222933769226 -0.8653228878974915 14.303853988647461 0.0 0.0 0.0 1.0
0.9895774722099304 -0.06315384060144424 -0.12941433489322662 -0.0815487653017044 0.00486421026289463 -0.8835276961326599 0.4683536887168884 -0.020246898755431175 -0.14391948282718658 -0.46410176157951355 -0.8740118741989136 14.38047981262207 0.0 0.0 0.0 1.0
0.9953551888465881 -0.046823371201753616 -0.08411696553230286 -0.4190622866153717 -0.002512569073587656 -0.8860896825790405 0.4635070562362671 0.025439772754907608 -0.0962381362915039 -0.46114280819892883 -0.8820915818214417 14.481563568115234 0.0 0.0 0.0 1.0
0.9982167482376099 -0.038879066705703735 -0.04529644548892975 -0.706545889377594 -0.013786562718451023 -0.8884528279304504 0.4587608575820923 0.1406678557395935 -0.058079950511455536 -0.4573183059692383 -0.8874044418334961 14.580389976501465 0.0 0.0 0.0 1.0
0.9992015957832336 -0.03670031577348709 -0.01578742265701294 -0.7652902007102966 -0.025496067479252815 -0.8899942636489868 0.45525839924812317 0.2538513243198395 -0.030758840963244438 -0.45449239015579224 -0.8902193903923035 14.356103897094727 0.0 0.0 0.0 1.0
0.9991638660430908 -0.040809858590364456 -0.002475957851856947 -0.7144520878791809 -0.035237863659858704 -0.890288770198822 0.4540310204029083 0.08346053957939148 -0.020733259618282318 -0.4535641372203827 -0.890982449054718 13.999999046325684 0.0 0.0 0.0 1.0
0.9991075992584229 -0.041741348803043365 0.006455764174461365 -0.8466474413871765 -0.04013484716415405 -0.8905876278877258 0.4530373811721802 -0.09534142166376114 -0.013160966336727142 -0.4528921842575073 -0.8914681673049927 13.751424789428711 0.0 0.0 0.0 1.0
0.9990965723991394 -0.03634602949023247 0.02202172949910164 -0.976391613483429 -0.042372480034828186 -0.8916184306144714 0.4508005976676941 0.008808431215584278 0.003250167006626725 -0.451326459646225 -0.8923529982566833 13.52885913848877 0.0 0.0 0.0 1.0
0.998673677444458 -0.0273281317204237 0.043635815382003784 -0.7977029085159302 -0.04404962807893753 -0.8922792673110962 0.4493299126625061 0.022243276238441467 0.026655983179807663 -0.45065608620643616 -0.8922995924949646 13.611368179321289 0.0 0.0 0.0 1.0
0.9967931509017944 -0.017257852479815483 0.0781378373503685 -0.6676257252693176 -0.05056515708565712 -0.8926541209220886 0.4478970766067505 0.04691675305366516 0.06202032044529915 -0.4504117965698242 -0.8906641602516174 13.97628116607666 0.0 0.0 0.0 1.0
0.9911150932312012 -0.002231970662251115 0.13298843801021576 -0.578742265701294 -0.06189212575554848 -0.8927522897720337 0.44627654552459717 -0.008495346643030643 0.11772965639829636 -0.4505423307418823 -0.8849583864212036 14.506166458129883 0.0 0.0 0.0 1.0
0.9822112917900085 0.011356152594089508 0.18743525445461273 -0.4641745984554291 -0.07426455616950989 -0.8932972550392151 0.44328856468200684 0.10137021541595459 0.17246945202350616 -0.44932281970977783 -0.876563310623169 14.93086051940918 0.0 0.0 0.0 1.0
0.9700247049331665 0.02320985309779644 0.2418953776359558 -0.48139965534210205 -0.08795616030693054 -0.8944017291069031 0.438530832529068 0.11923471838235855 0.22652988135814667 -0.44666191935539246 -0.8655502796173096 15.297211647033691 0.0 0.0 0.0 1.0
0.955010712146759 0.029196688905358315 0.2951306104660034 -0.5988210439682007 -0.10593413561582565 -0.8959090709686279 0.4314219355583191 0.4464796483516693 0.27700626850128174 -0.443276971578598 -0.8525098562240601 15.577506065368652 0.0 0.0 0.0 1.0
0.9443917274475098 0.02591119520366192 0.32780003547668457 -0.6709645390510559 -0.12315213680267334 -0.8964623212814331 0.4256627857685089 0.7918358445167542 0.3048897981643677 -0.4423616826534271 -0.8434206247329712 15.510641098022461 0.0 0.0 0.0 1.0
0.9376667737960815 0.01909097097814083 0.34701091051101685 -0.41475120186805725 -0.13766571879386902 -0.8964090347290039 0.4213062822818756 0.857241690158844 0.3191068470478058 -0.4428164064884186 -0.8379048109054565 15.082469940185547 0.0 0.0 0.0 1.0
0.9329372644424438 0.013158315792679787 0.359798401594162 -0.4865574538707733 -0.1479792445898056 -0.89700847864151 0.4165067970752716 0.41519173979759216 0.32822275161743164 -0.44181740283966064 -0.8349055051803589 14.377856254577637 0.0 0.0 0.0 1.0
0.9282893538475037 0.014619683846831322 0.37157124280929565 -0.5022081732749939 -0.1503126323223114 -0.8992024064064026 0.41090279817581177 0.17847895622253418 0.34012502431869507 -0.4372885525226593 -0.8325225114822388 13.933713912963867 0.0 0.0 0.0 1.0
0.9198014140129089 0.017745614051818848 0.391982764005661 -0.20282800495624542 -0.15481561422348022 -0.9015212655067444 0.4040934443473816 0.24740323424339294 0.3605516850948334 -0.43237075209617615 -0.8264732360839844 13.791147232055664 0.0 0.0 0.0 1.0
0.9039567708969116 0.022052539512515068 0.42705488204956055 -0.08002201467752457 -0.1646938920021057 -0.9036774039268494 0.3952759802341461 0.19693130254745483 0.39463669061660767 -0.4276457130908966 -0.8132533431053162 13.954129219055176 0.0 0.0 0.0 1.0
0.8760485053062439 0.02781016007065773 0.4814203977584839 0.09523742645978928 -0.18223145604133606 -0.9052136540412903 0.383900910615921 0.19052839279174805 0.4464646577835083 -0.42404577136039734 -0.7879431843757629 14.471648216247559 0.0 0.0 0.0 1.0
0.8460808992385864 0.0347650982439518 0.5319196581840515 0.292590856552124 -0.19735461473464966 -0.9065314531326294 0.3731646239757538 -0.027175944298505783 0.4951750338077545 -0.42070427536964417 -0.7601378560066223 15.154638290405273 0.0 0.0 0.0 1.0
0.8134855628013611 0.04558344930410385 0.5797960162162781 0.26839008927345276 -0.207718625664711 -0.9083977937698364 0.3628586530685425 -0.19482938945293427 0.5432257652282715 -0.41561469435691833 -0.7294999361038208 15.827946662902832 0.0 0.0 0.0 1.0
0.7776365876197815 0.055348534137010574 0.6262730360031128 -0.08032584190368652 -0.21890534460544586 -0.9099522829055786 0.35223188996315 0.0403779037296772 0.5893740653991699 -0.41100290417671204 -0.6954960823059082 16.265544891357422 0.0 0.0 0.0 1.0
0.7540964484214783 0.06003682687878609 0.6540138721466064 -0.36217832565307617 -0.22714728116989136 -0.910516619682312 0.34549036622047424 0.17787548899650574 0.6162326335906982 -0.409090518951416 -0.6729801297187805 16.33473777770996 0.0 0.0 0.0 1.0
0.7407333254814148 0.05970307067036629 0.6691409945487976 -0.29131120443344116 -0.23622143268585205 -0.909289538860321 0.34262505173683167 0.062243539839982986 0.6288986802101135 -0.4118592441082001 -0.6594379544258118 16.151826858520508 0.0 0.0 0.0 1.0
0.7355414032936096 0.05972951278090477 0.6748416423797607 -0.20719784498214722 -0.24116915464401245 -0.9077699184417725 0.3432072401046753 -0.05079427734017372 0.6331005692481995 -0.4151941239833832 -0.6532974243164062 15.758106231689453 0.0 0.0 0.0 1.0
0.7319691777229309 0.06027071923017502 0.6786667704582214 -0.195771723985672 -0.24448162317276 -0.9065115451812744 0.34418824315071106 -0.09748806059360504 0.6359637379646301 -0.41785672307014465 -0.6488034129142761 15.452939987182617 0.0 0.0 0.0 1.0
0.7217211723327637 0.06457877159118652 0.6891648173332214 -0.16263924539089203 -0.24639785289764404 -0.9064515829086304 0.3429775834083557 -0.023157410323619843 0.6468436121940613 -0.4173429012298584 -0.6382932662963867 15.238734245300293 0.0 0.0 0.0 1.0
0.6935696601867676 0.0741034522652626 0.7165680527687073 -0.07591204345226288 -0.24992378056049347 -0.9081647396087646 0.33581972122192383 0.3125634491443634 0.6756472587585449 -0.4120017886161804 -0.6113553047180176 15.184381484985352 0.0 0.0 0.0 1.0
0.6545722484588623 0.08372097462415695 0.7513494491577148 0.010028598830103874 -0.25585174560546875 -0.9106720089912415 0.324370801448822 0.4876866340637207 0.7113895416259766 -0.4045581817626953 -0.5746804475784302 15.404879570007324 0.0 0.0 0.0 1.0
0.6138704419136047 0.09443987905979156 0.783737301826477 0.25026604533195496 -0.2581980228424072 -0.9141896963119507 0.3123956024646759 0.4731118083000183 0.7459871768951416 -0.39412984251976013 -0.5368098616600037 15.736719131469727 0.0 0.0 0.0 1.0
0.5696536302566528 0.10564461350440979 0.8150668740272522 0.40447187423706055 -0.2579023241996765 -0.9186376929283142 0.2993179261684418 0.44698265194892883 0.7803724408149719 -0.38071516156196594 -0.4960592985153198 16.14240264892578 0.0 0.0 0.0 1.0
0.5174525380134583 0.11812105029821396 0.8475200533866882 0.3277743458747864 -0.2567030191421509 -0.9233832955360413 0.2854240834712982 0.5075243711471558 0.8163004517555237 -0.36525437235832214 -0.4474849998950958 16.68857192993164 0.0 0.0 0.0 1.0
0.4811730682849884 0.12692773342132568 0.8673879504203796 0.061084404587745667 -0.2559563219547272 -0.9260040521621704 0.2774939239025116 0.5568193197250366 0.838426411151886 -0.3555360436439514 -0.41308024525642395 16.85746955871582 0.0 0.0 0.0 1.0
0.46440693736076355 0.1340690553188324 0.8754151463508606 0.13750088214874268 -0.2573820650577545 -0.9253782033920288 0.27826181054115295 0.6775322556495667 0.8473964333534241 -0.3545428514480591 -0.39524510502815247 16.57745933532715 0.0 0.0 0.0 1.0
0.4633588194847107 0.13796095550060272 0.8753658533096313 0.48310649394989014 -0.2619125545024872 -0.9223571419715881 0.2840055525302887 0.6393377780914307 0.8465816378593445 -0.3608658015727997 -0.39124858379364014 15.931600570678711 0.0 0.0 0.0 1.0
0.4548855125904083 0.13880982995033264 0.8796652555465698 0.15485446155071259 -0.26708510518074036 -0.9210431575775146 0.2834520936012268 0.6821048855781555 0.8495556116104126 -0.36388373374938965 -0.38189515471458435 15.416437149047852 0.0 0.0 0.0 1.0
0.43616318702697754 0.1371069699525833 0.8893612027168274 -0.003722415305674076 -0.27295514941215515 -0.9216030240058899 0.2759409546852112 0.9433172941207886 0.8574714064598083 -0.3631109893321991 -0.3645452558994293 15.028054237365723 0.0 0.0 0.0 1.0
0.4024653136730194 0.1326158195734024 0.9057785272598267 0.08120109140872955 -0.2797495424747467 -0.9243013262748718 0.25962910056114197 1.0387834310531616 0.8716431856155396 -0.3578828275203705 -0.33490002155303955 14.801138877868652 0.0 0.0 0.0 1.0
0.36076754331588745 0.12771497666835785 0.9238699078559875 0.22714819014072418 -0.289897620677948 -0.9261561036109924 0.2412348836660385 1.0419960021972656 0.886457085609436 -0.3548574149608612 -0.29710277915000916 15.031279563903809 0.0 0.0 0.0 1.0
0.3127728998661041 0.1279786229133606 0.9411665797233582 0.4091354012489319 -0.296917200088501 -0.928048849105835 0.2248677909374237 1.0075715780258179 0.9022268652915955 -0.3497811257839203 -0.2522694766521454 15.501856803894043 0.0 0.0 0.0 1.0
0.24590472877025604 0.13444234430789948 0.9599250555038452 0.5218454003334045 -0.2984236776828766 -0.9317289590835571 0.20694075524806976 0.9551215171813965 0.9222115874290466 -0.33735209703445435 -0.18899577856063843 16.190322875976562 0.0 0.0 0.0 1.0
0.18365545570850372 0.1423039436340332 0.9726357460021973 0.2670658230781555 -0.2950039505958557 -0.9358774423599243 0.19262929260730743 0.8735905885696411 0.9376797676086426 -0.32230880856513977 -0.1298987865447998 16.734498977661133 0.0 0.0 0.0 1.0
0.1267886459827423 0.15007658302783966 0.9805108904838562 -0.1708052158355713 -0.29140257835388184 -0.9392359256744385 0.18143995106220245 0.7847186326980591 0.9481609463691711 -0.3087279200553894 -0.07535174489021301 17.26463508605957 0.0 0.0 0.0 1.0
0.0847216323018074 0.1578291356563568 0.9838252663612366 -0.3355664312839508 -0.29009947180747986 -0.9406936168670654 0.17589154839515686 0.8028770685195923 0.9532389640808105 -0.30030903220176697 -0.033910952508449554 17.513708114624023 0.0 0.0 0.0 1.0
0.057746902108192444 0.16749325394630432 0.9841805100440979 -0.17314331233501434 -0.294525682926178 -0.9390899538993835 0.17710082232952118 1.0402576923370361 0.95389723777771 -0.30009347200393677 -0.0048984684981405735 17.219717025756836 0.0 0.0 0.0 1.0
0.045159146189689636 0.17569898068904877 0.9834076166152954 -0.09351932257413864 -0.299697607755661 -0.9366852045059204 0.1811138391494751 1.0541452169418335 0.9529648423194885 -0.3029038608074188 0.010356664657592773 16.545190811157227 0.0 0.0 0.0 1.0
0.03429020941257477 0.1831684559583664 0.9824833273887634 0.042879052460193634 -0.30255958437919617 -0.9350276589393616 0.18488091230392456 1.1255367994308472 0.9525134563446045 -0.3035993278026581 0.023357076570391655 15.920645713806152 0.0 0.0 0.0 1.0
0.011025740765035152 0.18822342157363892 0.9820643663406372 0.03190591186285019 -0.30141928791999817 -0.9358158111572266 0.18274344503879547 1.400032639503479 0.9534279704093933 -0.29802802205085754 0.046416107565164566 15.28583812713623 0.0 0.0 0.0 1.0
-0.0222393199801445 0.18667688965797424 0.9821696281433105 0.08816671371459961 -0.29708290100097656 -0.9392698407173157 0.17179624736309052 1.3290619850158691 0.9545926451683044 -0.28796517848968506 0.0763472318649292 14.902602195739746 0.0 0.0 0.0 1.0
-0.07108746469020844 0.1799757331609726 0.981099009513855 -0.041565243154764175 -0.290613055229187 -0.9446529150009155 0.15223300457000732 1.283859133720398 0.9541963338851929 -0.2742983400821686 0.11945627629756927 14.806377410888672 0.0 0.0 0.0 1.0
-0.14085346460342407 0.16884909570217133 0.9755256175994873 -0.20194703340530396 -0.28426337242126465 -0.9507563710212708 0.12351790070533752 1.1071313619613647 0.9483430981636047 -0.2599082887172699 0.18191494047641754 15.060521125793457 0.0 0.0 0.0 1.0
-0.20360799133777618 0.16009829938411713 0.9658738374710083 -0.2493366003036499 -0.27529022097587585 -0.956099271774292 0.1004464253783226 0.8520001173019409 0.9395526051521301 -0.2454439252614975 0.23874293267726898 15.460939407348633 0.0 0.0 0.0 1.0
-0.2627589702606201 0.15414705872535706 0.9524685740470886 -0.272878497838974 -0.2620355188846588 -0.9614552855491638 0.08331332355737686 0.7363472580909729 0.9285984635353088 -0.22768928110599518 0.2930229902267456 15.845463752746582 0.0 0.0 0.0 1.0
-0.32334914803504944 0.15049336850643158 0.9342361092567444 -0.31872862577438354 -0.2481762170791626 -0.9662008285522461 0.06974602490663528 0.9552107453346252 0.9131560325622559 -0.2093028575181961 0.34976911544799805 16.218334197998047 0.0 0.0 0.0 1.0
-0.3640294075012207 0.15006831288337708 0.9192181825637817 -0.4430811107158661 -0.24149060249328613 -0.9683908820152283 0.062460798770189285 1.2180403470993042 0.8995359539985657 -0.19924499094486237 0.38876283168792725 16.184850692749023 0.0 0.0 0.0 1.0
-0.39159974455833435 0.15195254981517792 0.9075021147727966 -0.6207629442214966 -0.2410789132118225 -0.9687600135803223 0.058180712163448334 1.212619662284851 0.8879924416542053 -0.19599607586860657 0.4159987270832062 15.774569511413574 0.0 0.0 0.0 1.0
-0.4108474850654602 0.15246149897575378 0.8988658785820007 -0.5893573760986328 -0.24120910465717316 -0.9689639806747437 0.054101016372442245 1.2480721473693848 0.8792169690132141 -0.1945873647928238 0.43487152457237244 15.189154624938965 0.0 0.0 0.0 1.0
-0.42462193965911865 0.14920848608016968 0.8929910659790039 -0.4659617841243744 -0.23849235475063324 -0.9699245691299438 0.0486588180065155 0.9147960543632507 0.8733943104743958 -0.19230994582176208 0.4474363625049591 14.720778465270996 0.0 0.0 0.0 1.0
-0.43511560559272766 0.14338910579681396 0.8888835310935974 -0.40270936489105225 -0.23271138966083527 -0.9716027975082397 0.042818762362003326 0.9004344940185547 0.869781494140625 -0.18822221457958221 0.4561278223991394 14.352117538452148 0.0 0.0 0.0 1.0
-0.4485257863998413 0.13554245233535767 0.8834324479103088 -0.2348272204399109 -0.22734244167804718 -0.9732248187065125 0.03389543294906616 0.8911402821540833 0.8643726110458374 -0.1856386959552765 0.4673309922218323 14.049394607543945 0.0 0.0 0.0 1.0
-0.47508504986763 0.1250627338886261 0.8710072040557861 -0.008081573992967606 -0.2214566171169281 -0.9749811887741089 0.01919969916343689 0.8404428958892822 0.8516167998313904 -0.18376882374286652 0.49089497327804565 13.93346881866455 0.0 0.0 0.0 1.0
-0.5098696947097778 0.11864073574542999 0.8520312905311584 0.06645860522985458 -0.21861597895622253 -0.9757978916168213 0.005051133688539267 0.7435891628265381 0.8320096135139465 -0.18369223177433014 0.5234665274620056 14.119126319885254 0.0 0.0 0.0 1.0
-0.5536651015281677 0.11416898667812347 0.8248759508132935 -0.01887734979391098 -0.2150450497865677 -0.9765610098838806 -0.009177090600132942 0.6362518668174744 0.8044939637184143 -0.1824665367603302 0.5652392506599426 14.341681480407715 0.0 0.0 0.0 1.0
-0.6054214239120483 0.10983641445636749 0.7882898449897766 -0.05558505654335022 -0.20845386385917664 -0.9777410626411438 -0.023862875998020172 0.5368883609771729 0.7681223154067993 -0.17876915633678436 0.6148411631584167 14.676034927368164 0.0 0.0 0.0 1.0
-0.6479582786560059 0.10511302947998047 0.7543880343437195 -0.040306299924850464 -0.19842535257339478 -0.9795278906822205 -0.03394830971956253 0.4851077198982239 0.735375702381134 -0.1716867983341217 0.6555503010749817 14.998680114746094 0.0 0.0 0.0 1.0
-0.6879505515098572 0.0987505316734314 0.7190079092979431 -0.06289130449295044 -0.1852046400308609 -0.9817864298820496 -0.042363524436950684 0.4666481018066406 0.7017287611961365 -0.16230760514736176 0.6937095522880554 15.475001335144043 0.0 0.0 0.0 1.0
-0.7248293161392212 0.09189005941152573 0.6827728152275085 -0.1808909773826599 -0.16944946348667145 -0.9843981862068176 -0.04740307107567787 0.40882959961891174 0.6677644848823547 -0.15005461871623993 0.7290914058685303 15.936610221862793 0.0 0.0 0.0 1.0
-0.7431402802467346 0.09250463545322418 0.6627106666564941 -0.2656477093696594 -0.16467693448066711 -0.9852204322814941 -0.047140639275312424 0.4354117512702942 0.648555338382721 -0.1441652625799179 0.7473903298377991 15.918135643005371 0.0 0.0 0.0 1.0
-0.7504338622093201 0.09772780537605286 0.6536805629730225 -0.1628057062625885 -0.16728882491588593 -0.9848893284797668 -0.04480495676398277 0.32879072427749634 0.6394243240356445 -0.14297661185264587 0.7554430961608887 15.567546844482422 0.0 0.0 0.0 1.0
-0.7496422529220581 0.10512252897024155 0.6534414887428284 0.14227160811424255 -0.17318031191825867 -0.9840626120567322 -0.04036494344472885 0.41714030504226685 0.6387840509414673 -0.143422469496727 0.7559000849723816 14.931303977966309 0.0 0.0 0.0 1.0
-0.746250569820404 0.10956306755542755 0.6565866470336914 0.30086687207221985 -0.17625990509986877 -0.9836782813072205 -0.03618599474430084 0.4633326232433319 0.6419053673744202 -0.14273372292518616 0.7533820867538452 14.16366958618164 0.0 0.0 0.0 1.0
