0.3085116744041443 -0.46603062748908997 -0.8292381763458252 0.8610732555389404 0.6689546704292297 -0.5134681463241577 0.5374477505683899 0.7538813352584839 -0.6762545704841614 -0.7205316424369812 0.15334244072437286 12.572410583496094 0.0 0.0 0.0 1.0
0.30990704894065857 -0.466071754693985 -0.8286945819854736 0.8584725260734558 0.6679295301437378 -0.5135686993598938 0.5386254191398621 0.7607900500297546 -0.6766297221183777 -0.7204334139823914 0.15214452147483826 12.57215404510498 0.0 0.0 0.0 1.0
0.3144024610519409 -0.4659053385257721 -0.8270933032035828 0.8445619940757751 0.6648874878883362 -0.5137919783592224 0.5421645641326904 0.7662596702575684 -0.67755126953125 -0.7203818559646606 0.14823715388774872 12.589007377624512 0.0 0.0 0.0 1.0
0.3301125764846802 -0.4652915894985199 -0.8212974071502686 0.7895666360855103 0.6549067497253418 -0.5137024521827698 0.5542625188827515 0.76556396484375 -0.6797961592674255 -0.7208422422409058 0.1351429671049118 12.62956714630127 0.0 0.0 0.0 1.0
0.35250645875930786 -0.46359726786613464 -0.8129063844680786 0.7479936480522156 0.6432706713676453 -0.5108582377433777 0.5702865123748779 0.7604501843452454 -0.6796631813049316 -0.7239484786987305 0.11813769489526749 12.683531761169434 0.0 0.0 0.0 1.0
0.536921501159668 -0.38808363676071167 -0.7490703463554382 1.079093098640442 0.6084203124046326 -0.43695923686027527 0.6624887585639954 0.9062508344650269 -0.5844142436981201 -0.8114540576934814 0.0015051605878397822 12.997233390808105 0.0 0.0 0.0 1.0
0.5581435561180115 -0.3876385986804962 -0.7336294054985046 1.0046920776367188 0.5934166312217712 -0.43149223923683167 0.6794638633728027 0.9483283758163452 -0.5799418091773987 -0.8145862817764282 -0.010803431272506714 13.026887893676758 0.0 0.0 0.0 1.0
0.576567530632019 -0.3834690749645233 -0.7214716672897339 0.9557638764381409 0.5726954340934753 -0.440122127532959 0.6916013956069946 0.7518519759178162 -0.5827434062957764 -0.8119384050369263 -0.034149132668972015 13.069079399108887 0.0 0.0 0.0 1.0
0.5875417590141296 -0.3722907304763794 -0.7184666395187378 0.9939299821853638 0.5623976588249207 -0.4505147933959961 0.6933580040931702 0.5301634073257446 -0.5818105936050415 -0.8114407062530518 -0.05532081797719002 13.035148620605469 0.0 0.0 0.0 1.0
0.598017692565918 -0.3749472498893738 -0.7083709836006165 1.0690795183181763 0.5531011819839478 -0.4465755522251129 0.7033131122589111 0.5626723170280457 -0.5800464749336243 -0.8123944997787476 -0.059676311910152435 12.97971248626709 0.0 0.0 0.0 1.0
0.7125065326690674 -0.34049904346466064 -0.613510251045227 1.3969703912734985 0.4944174885749817 -0.37678802013397217 0.7833148241043091 0.695560097694397 -0.4978812634944916 -0.8614471554756165 -0.10011523962020874 12.666705131530762 0.0 0.0 0.0 1.0
0.7344160079956055 -0.33311307430267334 -0.5913280248641968 1.3942859172821045 0.4745480716228485 -0.37085554003715515 0.7982921004295349 0.6804345846176147 -0.4852188229560852 -0.8668920397758484 -0.11428409069776535 12.694324493408203 0.0 0.0 0.0 1.0
0.7670800089836121 -0.30898821353912354 -0.5622406601905823 1.3354556560516357 0.45237091183662415 -0.36092400550842285 0.8155332207679749 0.6817178130149841 -0.4549162983894348 -0.8799205422401428 -0.13708031177520752 12.77466869354248 0.0 0.0 0.0 1.0
0.8017964959144592 -0.28010353446006775 -0.527886688709259 1.2952452898025513 0.4318729341030121 -0.3389582633972168 0.8358188271522522 0.8069403171539307 -0.4130473732948303 -0.898136556148529 -0.15080642700195312 12.834171295166016 0.0 0.0 0.0 1.0
0.8291141390800476 -0.25119730830192566 -0.4994693994522095 1.3480193614959717 0.4140663146972656 -0.32438039779663086 0.8504859805107117 0.842210054397583 -0.375657856464386 -0.9119634032249451 -0.16493603587150574 12.89547061920166 0.0 0.0 0.0 1.0
0.910293698310852 -0.16484791040420532 -0.37972432374954224 1.059247612953186 0.3230622410774231 -0.29065191745758057 0.9006398916244507 0.8002467751502991 -0.25883620977401733 -0.9425214529037476 -0.21132245659828186 12.799012184143066 0.0 0.0 0.0 1.0
0.9255298972129822 -0.13735035061836243 -0.3528870940208435 0.8594282269477844 0.30432406067848206 -0.28477972745895386 0.909003496170044 0.7234535813331604 -0.22534704208374023 -0.9487019777297974 -0.22177311778068542 12.705582618713379 0.0 0.0 0.0 1.0
0.9388244152069092 -0.1181899830698967 -0.32348087430000305 0.6399073004722595 0.279702752828598 -0.2863456606864929 0.9163910150527954 0.517328679561615 -0.20093557238578796 -0.9508087635040283 -0.23577021062374115 12.626180648803711 0.0 0.0 0.0 1.0
0.9463063478469849 -0.11100246012210846 -0.30361613631248474 0.5953208208084106 0.2620001435279846 -0.28682127594947815 0.9214605093002319 0.3732689917087555 -0.18936794996261597 -0.9515314102172852 -0.2423381358385086 12.566547393798828 0.0 0.0 0.0 1.0
0.950637698173523 -0.10486295819282532 -0.29204750061035156 0.6352134943008423 0.2522713840007782 -0.28685370087623596 0.9241613149642944 0.3280809819698334 -0.18068519234657288 -0.9522178173065186 -0.2462400197982788 12.50682258605957 0.0 0.0 0.0 1.0
0.991830587387085 -0.03366246819496155 -0.12304019182920456 0.094221331179142 0.11134631186723709 -0.24217474460601807 0.9638223052024841 0.5614792108535767 -0.06224186345934868 -0.9696484804153442 -0.23644813895225525 12.313257217407227 0.0 0.0 0.0 1.0
0.9960948824882507 -0.0025375422555953264 -0.08825279772281647 0.0824272409081459 0.08512268960475922 -0.2377043217420578 0.9676005244255066 0.5401914119720459 -0.023433400318026543 -0.9713342189788818 -0.23656006157398224 12.278177261352539 0.0 0.0 0.0 1.0
0.9980014562606812 0.03311743214726448 -0.05381740629673004 0.08065130561590195 0.06005290895700455 -0.23202306032180786 0.9708547592163086 0.5625196099281311 0.01966533623635769 -0.9721463322639465 -0.2335481494665146 12.259516716003418 0.0 0.0 0.0 1.0
0.9973384141921997 0.06950034201145172 -0.02203983999788761 0.10323455929756165 0.0372702032327652 -0.22615593671798706 0.9733778238296509 0.6189889311790466 0.062665656208992 -0.971608579158783 -0.2281443029642105 12.246848106384277 0.0 0.0 0.0 1.0
0.993755578994751 0.11003698408603668 0.018484938889741898 -0.021298056468367577 0.006424860563129187 -0.2218233346939087 0.9750657081604004 0.670805037021637 0.11139368265867233 -0.9688582420349121 -0.2211451530456543 12.232832908630371 0.0 0.0 0.0 1.0
0.9792428016662598 0.15620337426662445 0.12916675209999084 0.29680898785591125 -0.08935476094484329 -0.23931173980236053 0.9668224453926086 0.5831966996192932 0.18193204700946808 -0.9582955837249756 -0.22038677334785461 12.170328140258789 0.0 0.0 0.0 1.0
0.9755911827087402 0.16467618942260742 0.14527058601379395 0.2913026213645935 -0.10201286524534225 -0.24595622718334198 0.9638977646827698 0.5121328830718994 0.19446121156215668 -0.9551896452903748 -0.22315365076065063 12.023406982421875 0.0 0.0 0.0 1.0
0.9696924686431885 0.18150515854358673 0.16356173157691956 0.2788238525390625 -0.1139235571026802 -0.2563258707523346 0.9598533511161804 0.4225987195968628 0.2161434441804886 -0.9493960738182068 -0.22787953913211823 11.863053321838379 0.0 0.0 0.0 1.0
0.9624672532081604 0.20579788088798523 0.17692944407463074 0.33379048109054565 -0.12370604276657104 -0.2475947141647339 0.9609337449073792 0.5631247758865356 0.24156492948532104 -0.946754515171051 -0.21284335851669312 11.649272918701172 0.0 0.0 0.0 1.0
0.9544929265975952 0.2304111272096634 0.18935152888298035 0.37717798352241516 -0.13653700053691864 -0.22685544192790985 0.9643102288246155 0.8324747085571289 0.2651432454586029 -0.9462807774543762 -0.18507227301597595 11.534307479858398 0.0 0.0 0.0 1.0
0.8805735111236572 0.3303166925907135 0.3398251533508301 0.04462645202875137 -0.2874201834201813 -0.19789594411849976 0.9371376037597656 1.0503785610198975 0.3768022060394287 -0.9228911399841309 -0.07932225614786148 11.638136863708496 0.0 0.0 0.0 1.0
0.844014585018158 0.37654438614845276 0.3819079101085663 -0.1586550623178482 -0.32862570881843567 -0.1996581107378006 0.9231152534484863 1.283751130104065 0.4238448739051819 -0.9046275019645691 -0.044772204011678696 11.71729850769043 0.0 0.0 0.0 1.0
0.8006170392036438 0.4229736328125 0.424388587474823 -0.32455548644065857 -0.3651018440723419 -0.21722325682640076 0.905270516872406 1.3941768407821655 0.47509264945983887 -0.8797200322151184 -0.019484184682369232 11.844385147094727 0.0 0.0 0.0 1.0
0.7508093118667603 0.4647400677204132 0.4693634510040283 -0.38304534554481506 -0.40073302388191223 -0.24438217282295227 0.8830007910728455 1.4059553146362305 0.5250698924064636 -0.8510546684265137 0.0027522933669388294 11.9352388381958 0.0 0.0 0.0 1.0
0.7150753736495972 0.48502975702285767 0.5034017562866211 -0.3938989043235779 -0.42578059434890747 -0.26893505454063416 0.863935649394989 1.3066974878311157 0.5544168949127197 -0.8321177959442139 0.014207405969500542 12.120821952819824 0.0 0.0 0.0 1.0
0.5722600221633911 0.5695421695709229 0.5900340676307678 -0.41085532307624817 -0.503732442855835 -0.3236294686794281 0.8009479641914368 1.237789273262024 0.6471260190010071 -0.7555697560310364 0.10169665515422821 11.85749626159668 0.0 0.0 0.0 1.0
0.5462936758995056 0.5868032574653625 0.5976831316947937 -0.3615485429763794 -0.5091888308525085 -0.33391058444976807 0.793240487575531 1.2382909059524536 0.6650488376617432 -0.7376758456230164 0.11638043075799942 11.727155685424805 0.0 0.0 0.0 1.0
0.5102649331092834 0.6063690781593323 0.6098739504814148 -0.406656950712204 -0.5230385065078735 -0.34411779046058655 0.7797523140907288 1.2972782850265503 0.6826861500740051 -0.7168678045272827 0.14156313240528107 11.663778305053711 0.0 0.0 0.0 1.0
0.4724664092063904 0.6215731501579285 0.6248378157615662 -0.44105178117752075 -0.5354348421096802 -0.36069875955581665 0.7636792063713074 1.2808372974395752 0.7000607252120972 -0.6953727006912231 0.16239388287067413 11.586808204650879 0.0 0.0 0.0 1.0
0.4316190183162689 0.6313601136207581 0.6442743539810181 -0.4859153926372528 -0.5487186908721924 -0.3831256628036499 0.7430494427680969 1.1805508136749268 0.7159698605537415 -0.6742396354675293 0.18107476830482483 11.598803520202637 0.0 0.0 0.0 1.0
0.14837318658828735 0.6825372576713562 0.715631365776062 -0.7486243844032288 -0.5974869132041931 -0.5147653222084045 0.6148382425308228 1.149788737297058 0.7880322337150574 -0.5188059210777283 0.33142971992492676 11.957341194152832 0.0 0.0 0.0 1.0
0.09452693164348602 0.6961659789085388 0.7116302251815796 -0.6831989288330078 -0.5920131802558899 -0.5353899598121643 0.6023935675621033 1.3672879934310913 0.8003655672073364 -0.4782368838787079 0.3615306317806244 12.034984588623047 0.0 0.0 0.0 1.0
0.05010480061173439 0.6959319710731506 0.7163575887680054 -0.610893726348877 -0.5864350199699402 -0.5600932240486145 0.5851406455039978 1.3950525522232056 0.8084450960159302 -0.44941553473472595 0.3800554871559143 12.132148742675781 0.0 0.0 0.0 1.0
0.016072586178779602 0.6857085824012756 0.7276986837387085 -0.49557381868362427 -0.578883945941925 -0.587029218673706 0.5659418106079102 1.2176125049591064 0.8152515292167664 -0.4303492307662964 0.38751059770584106 12.228473663330078 0.0 0.0 0.0 1.0
-0.018616965040564537 0.6712213754653931 0.7410231232643127 -0.5234371423721313 -0.5759267210960388 -0.6130395531654358 0.540824294090271 1.0173306465148926 0.8172892928123474 -0.41670650243759155 0.3979872763156891 12.348310470581055 0.0 0.0 0.0 1.0
-0.16994930803775787 0.6394312977790833 0.749829888343811 -0.5841271877288818 -0.5742821097373962 -0.682604193687439 0.45194199681282043 0.7791152000427246 0.8008228540420532 -0.35380667448043823 0.4832220673561096 12.030644416809082 0.0 0.0 0.0 1.0
-0.20067854225635529 0.6265938878059387 0.7530658841133118 -0.5125308036804199 -0.5658564567565918 -0.7016431093215942 0.4330166280269623 0.6190357804298401 0.7997090816497803 -0.3392300307750702 0.4953669309616089 12.06657886505127 0.0 0.0 0.0 1.0
-0.21944928169250488 0.6183025240898132 0.754681408405304 -0.4305020868778229 -0.5641684532165527 -0.7115127444267273 0.41888371109962463 0.5231302976608276 0.7959622740745544 -0.33384373784065247 0.5049677491188049 12.064335823059082 0.0 0.0 0.0 1.0
-0.2354191094636917 0.6189493536949158 0.7493193745613098 -0.4315755069255829 -0.5690658688545227 -0.7127920389175415 0.4099896550178528 0.5301500558853149 0.7878717184066772 -0.32989269495010376 0.5200278162956238 12.060831069946289 0.0 0.0 0.0 1.0
-0.2535763084888458 0.6235357522964478 0.7395283579826355 -0.49700355529785156 -0.5772850513458252 -0.7109947204589844 0.40153267979621887 0.5970363616943359 0.7761707305908203 -0.32509949803352356 0.5402492880821228 12.04891300201416 0.0 0.0 0.0 1.0
-0.4733847379684448 0.5658381581306458 0.6750807762145996 -0.5017215609550476 -0.5321329832077026 -0.794442355632782 0.29273849725723267 0.5575038194656372 0.7019553780555725 -0.22065481543540955 0.6771780252456665 11.849431037902832 0.0 0.0 0.0 1.0
-0.511637270450592 0.5525391101837158 0.657972514629364 -0.5071578621864319 -0.519247829914093 -0.8089735507965088 0.27557843923568726 0.6184009909629822 0.6845502257347107 -0.20065459609031677 0.7008057236671448 11.860630989074707 0.0 0.0 0.0 1.0
-0.5449056029319763 0.5417867302894592 0.639957070350647 -0.5270033478736877 -0.505585253238678 -0.8211662769317627 0.26470646262168884 0.7388339638710022 0.6689255833625793 -0.1793128401041031 0.7213774919509888 11.884960174560547 0.0 0.0 0.0 1.0
-0.5697967410087585 0.5330893993377686 0.6254177093505859 -0.5565543174743652 -0.49604013562202454 -0.8298764228820801 0.2554393708705902 0.820783257484436 0.6551914811134338 -0.1646837741136551 0.737294614315033 11.892351150512695 0.0 0.0 0.0 1.0
-0.5861901640892029 0.5268095135688782 0.6155102252960205 -0.5741364359855652 -0.49162089824676514 -0.8351616263389587 0.2466047704219818 0.814764142036438 0.6439642906188965 -0.15804040431976318 0.7485541105270386 11.878192901611328 0.0 0.0 0.0 1.0
-0.7175042629241943 0.4502582550048828 0.5314650535583496 -0.6426887512207031 -0.4189431965351105 -0.8885148763656616 0.18715740740299225 0.8731534481048584 0.556483805179596 -0.08836743235588074 0.8261458873748779 11.442667961120605 0.0 0.0 0.0 1.0
-0.732944130897522 0.43771031498908997 0.5207711458206177 -0.4448908567428589 -0.40597590804100037 -0.895689070224762 0.1814514845609665 0.8941729664802551 0.5458722114562988 -0.07842674851417542 0.8341898918151855 11.40260124206543 0.0 0.0 0.0 1.0
-0.7423213720321655 0.43787872791290283 0.507169783115387 -0.2896701693534851 -0.40650779008865356 -0.8960180282592773 0.17861433327198029 0.9182330369949341 0.5326446890830994 -0.07357924431562424 0.8431344628334045 11.404821395874023 0.0 0.0 0.0 1.0
-0.7547740936279297 0.4351804554462433 0.4908503592014313 -0.21556586027145386 -0.4095747470855713 -0.8971243500709534 0.16557909548282623 0.8072164058685303 0.512410581111908 -0.07606511563062668 0.8553650975227356 11.454270362854004 0.0 0.0 0.0 1.0
-0.7768980860710144 0.41393789649009705 0.47443097829818726 -0.2541181445121765 -0.3940601348876953 -0.9073542356491089 0.14637266099452972 0.6996230483055115 0.4910661280155182 -0.07323769479990005 0.8680381774902344 11.486377716064453 0.0 0.0 0.0 1.0
-0.9367075562477112 0.2030281126499176 0.2852342128753662 -0.32878756523132324 -0.19841794669628143 -0.9790703654289246 0.04529336094856262 1.0364439487457275 0.2884601950645447 -0.014168952591717243 0.9573870301246643 12.13668155670166 0.0 0.0 0.0 1.0
-0.9479569792747498 0.18603503704071045 0.2583960294723511 -0.3345579206943512 -0.18154782056808472 -0.9825127720832825 0.041340675204992294 1.1569699048995972 0.26156821846961975 -0.007722055073827505 0.9651541113853455 12.17398738861084 0.0 0.0 0.0 1.0
-0.9574508666992188 0.17543406784534454 0.22915223240852356 -0.40154701471328735 -0.170950785279274 -0.984490156173706 0.039432935416698456 1.260082721710205 0.23251600563526154 -0.001418655039742589 0.9725915193557739 12.142230033874512 0.0 0.0 0.0 1.0
-0.9651408791542053 0.16374263167381287 0.20418468117713928 -0.4478801488876343 -0.16004610061645508 -0.9865028262138367 0.03460369631648064 1.282988429069519 0.20709487795829773 0.0007184792193584144 0.9783205986022949 12.014283180236816 0.0 0.0 0.0 1.0
-0.9732109308242798 0.14535000920295715 0.17813995480537415 -0.5116674304008484 -0.1423940509557724 -0.9893751740455627 0.029337899759411812 1.274254322052002 0.18051151931285858 0.003185895038768649 0.9835677146911621 11.857357025146484 0.0 0.0 0.0 1.0
-0.9996086359024048 0.003645479679107666 0.027736693620681763 -0.5080260038375854 -0.003674736712127924 -0.9999927282333374 -0.001003913232125342 0.9102106094360352 0.027732832357287407 -0.0011054453207179904 0.9996147751808167 11.551063537597656 0.0 0.0 0.0 1.0
-1.0 3.867778286803514e-05 0.00022879701282363385 -0.5831398963928223 -3.86710962629877e-05 -1.0 2.9232212909846567e-05 0.8729470372200012 0.00022879813332110643 2.9223363526398316e-05 1.0 11.54447078704834 0.0 0.0 0.0 1.0
-0.9995433688163757 -0.010961342602968216 -0.02815913036465645 -0.6357570290565491 0.010914819315075874 -0.9999387860298157 0.0018053391249850392 0.8929763436317444 -0.02817719615995884 0.0014971628552302718 0.9996018409729004 11.518899917602539 0.0 0.0 0.0 1.0
-0.9978864192962646 -0.030928192660212517 -0.05715065076947212 -0.6670982241630554 0.030915070325136185 -0.9995213747024536 0.0011139289708808064 0.9379042387008667 -0.05715775117278099 -0.0006552417762577534 0.9983649253845215 11.541999816894531 0.0 0.0 0.0 1.0
-0.9945541620254517 -0.05807711184024811 -0.08653970807790756 -0.6436506509780884 0.05874137580394745 -0.998259961605072 -0.0051470366306602955 0.9617363810539246 -0.08609019964933395 -0.010202468372881413 0.9962351322174072 11.629002571105957 0.0 0.0 0.0 1.0
-0.9378951191902161 -0.21172963082790375 -0.2748149633407593 -0.3547636568546295 0.22548866271972656 -0.9740586280822754 -0.01909516379237175 0.8934144973754883 -0.2636428773403168 -0.07987692207098007 0.9613075256347656 12.273454666137695 0.0 0.0 0.0 1.0
-0.9269482493400574 -0.2187012881040573 -0.30485525727272034 -0.46576857566833496 0.2341139018535614 -0.9721014499664307 -0.014471192844212055 0.9014043211936951 -0.29318538308143616 -0.08478490263223648 0.9522887468338013 12.206774711608887 0.0 0.0 0.0 1.0
-0.9164973497390747 -0.23205743730068207 -0.3258557617664337 -0.4559718668460846 0.24965709447860718 -0.9682517647743225 -0.01264374703168869 0.9065627455711365 -0.3125763535499573 -0.09294016659259796 0.9453349709510803 12.099977493286133 0.0 0.0 0.0 1.0
-0.9043788909912109 -0.25354456901550293 -0.3432403802871704 -0.35224437713623047 0.2728213965892792 -0.9620296955108643 -0.008205637335777283 0.9555044174194336 -0.3281269669532776 -0.10106433182954788 0.9392117261886597 11.977293968200684 0.0 0.0 0.0 1.0
-0.8856046795845032 -0.28016459941864014 -0.3704216480255127 -0.30500277876853943 0.3034606873989105 -0.9528316259384155 -0.00484986649826169 0.8894534111022949 -0.35159069299697876 -0.11670346558094025 0.9288510680198669 11.869436264038086 0.0 0.0 0.0 1.0
-0.775526225566864 -0.33568423986434937 -0.5346729755401611 0.1507698893547058 0.38481196761131287 -0.9227520823478699 0.021174727007746696 0.41527849435806274 -0.5004786252975464 -0.18932700157165527 0.8447937369346619 12.050491333007812 0.0 0.0 0.0 1.0
-0.7361696362495422 -0.3697584569454193 -0.5668624043464661 0.18374735116958618 0.42259252071380615 -0.905357837677002 0.04174549877643585 0.5698297619819641 -0.528649091720581 -0.20882004499435425 0.8227541446685791 12.191413879394531 0.0 0.0 0.0 1.0
-0.6920381188392639 -0.413200318813324 -0.5919026732444763 0.2577916085720062 0.46909764409065247 -0.8806529641151428 0.06631603837013245 0.7876200675964355 -0.5486626029014587 -0.23176690936088562 0.8032766580581665 12.321154594421387 0.0 0.0 0.0 1.0
-0.6422365307807922 -0.44174614548683167 -0.6264125108718872 0.1501702517271042 0.5074297785758972 -0.8575409650802612 0.08448979258537292 0.8254643678665161 -0.574497401714325 -0.26359793543815613 0.7748992443084717 12.556612968444824 0.0 0.0 0.0 1.0
-0.5977035164833069 -0.45546889305114746 -0.6597716212272644 0.002485757926478982 0.5288901329040527 -0.8424819111824036 0.10246696323156357 0.8512171506881714 -0.6025161743164062 -0.2877018451690674 0.7444474101066589 12.617379188537598 0.0 0.0 0.0 1.0
-0.39442768692970276 -0.515225350856781 -0.7609005570411682 0.016193073242902756 0.6230067014694214 -0.7586082220077515 0.19072546064853668 0.6959741711616516 -0.6754920482635498 -0.3988187313079834 0.6202049255371094 12.204257011413574 0.0 0.0 0.0 1.0
-0.36555084586143494 -0.5192382335662842 -0.7725051641464233 0.10531087964773178 0.6335368752479553 -0.7468273043632507 0.20218807458877563 0.602745532989502 -0.6819117665290833 -0.4155004918575287 0.6019598841667175 12.155976295471191 0.0 0.0 0.0 1.0
-0.3403085470199585 -0.5204294323921204 -0.7831623554229736 0.1141183003783226 0.6312640905380249 -0.7437332272529602 0.21992389857769012 0.5776363015174866 -0.696918785572052 -0.41954028606414795 0.5816271901130676 12.140388488769531 0.0 0.0 0.0 1.0
-0.30794835090637207 -0.5203132033348083 -0.7965186238288879 0.02184446156024933 0.624552309513092 -0.7421144843101501 0.24331146478652954 0.5734695196151733 -0.7177062034606934 -0.42254021763801575 0.5534957647323608 12.120978355407715 0.0 0.0 0.0 1.0
-0.2627432942390442 -0.5245015025138855 -0.8098543882369995 -0.017498942092061043 0.6229724287986755 -0.7331637144088745 0.27272018790245056 0.6735063195228577 -0.7367979884147644 -0.4328615665435791 0.5193838477134705 12.149134635925293 0.0 0.0 0.0 1.0
-0.005716575775295496 -0.5510981678962708 -0.8344208002090454 0.18264412879943848 0.6680573225021362 -0.6230074167251587 0.4068921208381653 1.1335186958312988 -0.7440878748893738 -0.5551148653030396 0.3717266321182251 12.65351390838623 0.0 0.0 0.0 1.0
0.02359888330101967 -0.5469534993171692 -0.8368303179740906 0.20814625918865204 0.6619351506233215 -0.6187452077865601 0.4230795204639435 1.1124118566513062 -0.749189555644989 -0.5639116168022156 0.3474460244178772 12.60274887084961 0.0 0.0 0.0 1.0
0.0594501756131649 -0.5435488224029541 -0.8372696042060852 0.23132410645484924 0.6617399454116821 -0.6065125465393066 0.44072988629341125 1.118446946144104 -0.7473726868629456 -0.5802561640739441 0.323630690574646 12.505036354064941 0.0 0.0 0.0 1.0
0.1016312837600708 -0.5396225452423096 -0.8357502818107605 0.2888474464416504 0.6710017323493958 -0.5830458402633667 0.4580548107624054 1.1283150911331177 -0.7344574332237244 -0.6073426008224487 0.3028319776058197 12.373486518859863 0.0 0.0 0.0 1.0
0.15197162330150604 -0.5268096923828125 -0.8362871408462524 0.38207510113716125 0.6863502264022827 -0.5525937676429749 0.4728250503540039 1.0421462059020996 -0.7112158536911011 -0.6458418369293213 0.2775973677635193 12.328393936157227 0.0 0.0 0.0 1.0
0.40114015340805054 -0.47216054797172546 -0.7849528789520264 0.48807618021965027 0.6409473419189453 -0.4675277769565582 0.6087727546691895 1.116182804107666 -0.6544257402420044 -0.7473166584968567 0.1150858923792839 12.866084098815918 0.0 0.0 0.0 1.0
0.4501621127128601 -0.45355960726737976 -0.7691799402236938 0.49035075306892395 0.6355867981910706 -0.44228872656822205 0.6327796578407288 1.1939047574996948 -0.6272028684616089 -0.7737340331077576 0.08917487412691116 13.138117790222168 0.0 0.0 0.0 1.0
0.4883343577384949 -0.4353020489215851 -0.7563343644142151 0.49459585547447205 0.6281690001487732 -0.426270991563797 0.6509199142456055 1.2575757503509521 -0.6057502031326294 -0.7929723858833313 0.0652804747223854 13.253683090209961 0.0 0.0 0.0 1.0
0.5173854231834412 -0.4273759126663208 -0.7413920164108276 0.4927915036678314 0.6141557097434998 -0.4178711473941803 0.6694747805595398 1.3454833030700684 -0.5959237217903137 -0.8017066121101379 0.04627491533756256 13.371349334716797 0.0 0.0 0.0 1.0
0.5431453585624695 -0.43027591705322266 -0.7210102677345276 0.43562519550323486 0.5919868350028992 -0.4127234220504761 0.692250669002533 1.494401216506958 -0.5954366326332092 -0.8028212785720825 0.030548855662345886 13.401915550231934 0.0 0.0 0.0 1.0
0.7315574884414673 -0.29282334446907043 -0.6156932711601257 0.2504231929779053 0.5204572677612305 -0.3434796631336212 0.7817582488059998 1.1182750463485718 -0.44039514660835266 -0.8923431038856506 -0.0988730639219284 13.19597339630127 0.0 0.0 0.0 1.0
0.7585616707801819 -0.2815481722354889 -0.5876349210739136 0.09811696410179138 0.4927501678466797 -0.34223031997680664 0.8000472784042358 1.000881552696228 -0.42635834217071533 -0.8964424133300781 -0.12086991220712662 13.264225959777832 0.0 0.0 0.0 1.0
0.7803919315338135 -0.26506590843200684 -0.5663290023803711 0.11341498792171478 0.4732670485973358 -0.3415467143058777 0.8120124340057373 0.9209535121917725 -0.40866461396217346 -0.9017127752304077 -0.14109334349632263 13.32135009765625 0.0 0.0 0.0 1.0
0.8047947287559509 -0.24137379229068756 -0.5422583818435669 0.1838981956243515 0.4558257460594177 -0.33380892872810364 0.8251027464866638 0.9111253619194031 -0.3801688551902771 -0.9112136363983154 -0.15862327814102173 13.388201713562012 0.0 0.0 0.0 1.0
0.8298760652542114 -0.1958601176738739 -0.5224409103393555 0.34569278359413147 0.4513310492038727 -0.31486397981643677 0.8349616527557373 0.9406839609146118 -0.3280335068702698 -0.9287084937095642 -0.17290033400058746 13.446883201599121 0.0 0.0 0.0 1.0
0.92774498462677 -0.12095385044813156 -0.3530714213848114 -0.2671598494052887 0.3139543831348419 -0.25858744978904724 0.9135453701019287 1.6380432844161987 -0.20179666578769684 -0.9583854675292969 -0.2019292265176773 13.856717109680176 0.0 0.0 0.0 1.0
0.9285005927085876 -0.12028954923152924 -0.35130763053894043 -0.12613730132579803 0.31191131472587585 -0.26070478558540344 0.9136434197425842 1.6144663095474243 -0.20148934423923492 -0.9578953385353088 -0.20454488694667816 13.839062690734863 0.0 0.0 0.0 1.0