-0.9999414086341858 0.009124829433858395 -0.00582885229960084 -1.5967174768447876 -0.009172401390969753 -0.9999244213104248 0.00818766187876463 3.80418062210083 -0.0057537006214261055 0.008240646682679653 0.9999495148658752 22.337160110473633 0.0 0.0 0.0 1.0
-0.9999529719352722 0.0064622643403708935 -0.0072287688963115215 -1.4761182069778442 -0.006521127186715603 -0.9999455213546753 0.008149166591465473 3.8076062202453613 -0.007175713311880827 0.008195922710001469 0.9999406933784485 22.354551315307617 0.0 0.0 0.0 1.0
-0.9999544024467468 0.0030020582489669323 -0.009063594974577427 -1.3591339588165283 -0.0030772830359637737 -0.9999608397483826 0.00829716119915247 3.806506633758545 -0.009038330987095833 0.00832467433065176 0.9999244809150696 22.339643478393555 0.0 0.0 0.0 1.0
-0.9999359250068665 -0.0012252329615876079 -0.011252353899180889 -1.2396941184997559 0.0011310895206406713 -0.9999643564224243 0.008369105868041515 3.8079886436462402 -0.011262206360697746 0.008355841971933842 0.9999016523361206 22.354774475097656 0.0 0.0 0.0 1.0
-0.9998902678489685 -0.006024726666510105 -0.013533542864024639 -1.1214698553085327 0.00590911041945219 -0.9999458193778992 0.00856675487011671 3.805556058883667 -0.013584421947598457 0.008485843427479267 0.9998717308044434 22.364303588867188 0.0 0.0 0.0 1.0
-0.9889673590660095 -0.06704096496105194 -0.13209500908851624 -1.5899205207824707 0.06668577343225479 -0.9977486729621887 0.007115904241800308 3.2108078002929688 -0.13227467238903046 -0.001771461102180183 0.9912115335464478 21.935585021972656 0.0 0.0 0.0 1.0
-0.9866123795509338 -0.07897693663835526 -0.142683744430542 -1.3383463621139526 0.07890903949737549 -0.9968628883361816 0.006143228150904179 2.9756414890289307 -0.14272131025791168 -0.005198052618652582 0.9897492527961731 21.755468368530273 0.0 0.0 0.0 1.0
-0.984438419342041 -0.09352926164865494 -0.14877274632453918 -0.929380476474762 0.09351759403944016 -0.9955924153327942 0.007089388091117144 2.816145658493042 -0.14878007769584656 -0.006933802738785744 0.9888460040092468 21.45512580871582 0.0 0.0 0.0 1.0
-0.980922281742096 -0.11129697412252426 -0.1593877673149109 -0.6431947946548462 0.11118315160274506 -0.9937529563903809 0.009659904055297375 2.6582937240600586 -0.1594671905040741 -0.008245619013905525 0.9871687889099121 21.26546859741211 0.0 0.0 0.0 1.0
-0.974554717540741 -0.13013747334480286 -0.18250302970409393 -0.4931025207042694 0.12956087291240692 -0.9914560317993164 0.015130829066038132 2.5141756534576416 -0.18291281163692474 -0.008899431675672531 0.9830888509750366 20.986703872680664 0.0 0.0 0.0 1.0
-0.922492265701294 -0.22406455874443054 -0.3143296241760254 0.2766075134277344 0.22144022583961487 -0.9741567373275757 0.04453000798821449 1.6019991636276245 -0.3161838948726654 -0.028526628389954567 0.9482689499855042 20.43228530883789 0.0 0.0 0.0 1.0
-0.917746365070343 -0.22722215950489044 -0.32574784755706787 0.6994277834892273 0.22733132541179657 -0.9730648398399353 0.038279272615909576 1.3894977569580078 -0.3256716728210449 -0.0389220267534256 0.9446814656257629 20.455690383911133 0.0 0.0 0.0 1.0
-0.9110711216926575 -0.22642770409584045 -0.34449946880340576 0.9649011492729187 0.23181694746017456 -0.9724102020263672 0.026063567027449608 1.0974767208099365 -0.3408963084220886 -0.0561150498688221 0.9384246468544006 20.70488929748535 0.0 0.0 0.0 1.0
-0.9003626108169556 -0.2319154143333435 -0.3681880235671997 1.058295488357544 0.24280451238155365 -0.9699229598045349 0.017186813056468964 0.7287654280662537 -0.3610999286174774 -0.07392335683107376 0.929592490196228 20.581968307495117 0.0 0.0 0.0 1.0
-0.8868750333786011 -0.24357540905475616 -0.3925859332084656 1.0700303316116333 0.25917720794677734 -0.9657328724861145 0.01368104200810194 0.3938180208206177 -0.38246551156044006 -0.08961594849824905 0.9196135997772217 20.6033878326416 0.0 0.0 0.0 1.0
-0.7260545492172241 -0.3575362265110016 -0.5873777866363525 0.3185479938983917 0.42419832944869995 -0.905177652835846 0.026631340384483337 -1.3728188276290894 -0.5412029027938843 -0.2298288643360138 0.8088746070861816 20.824697494506836 0.0 0.0 0.0 1.0
-0.6773819923400879 -0.3800031244754791 -0.6298819780349731 0.13090790808200836 0.46390101313591003 -0.8851896524429321 0.03514410927891731 -1.7212697267532349 -0.5709198713302612 -0.26839691400527954 0.775895357131958 20.922475814819336 0.0 0.0 0.0 1.0
-0.624798059463501 -0.40237462520599365 -0.6691203713417053 -0.0739993005990982 0.5011922717094421 -0.863804817199707 0.05145442113280296 -1.9598419666290283 -0.5986933708190918 -0.3032093048095703 0.7413706183433533 21.08559226989746 0.0 0.0 0.0 1.0
-0.5707460045814514 -0.4241725504398346 -0.7030836939811707 -0.3158789277076721 0.5342532396316528 -0.8420512080192566 0.07431843876838684 -2.105520248413086 -0.6235563158988953 -0.33320778608322144 0.7072129249572754 21.281156539916992 0.0 0.0 0.0 1.0
-0.5169582962989807 -0.44405317306518555 -0.7318270802497864 -0.5640383362770081 0.5628922581672668 -0.8204348683357239 0.1001942902803421 -2.177988290786743 -0.64490807056427 -0.3601435720920563 0.6740847229957581 21.619033813476562 0.0 0.0 0.0 1.0
-0.2487529069185257 -0.5201437473297119 -0.817051112651825 -1.9626094102859497 0.6599828004837036 -0.7084409594535828 0.25006821751594543 -2.341181516647339 -0.7089039087295532 -0.47703444957733154 0.5195126533508301 21.687135696411133 0.0 0.0 0.0 1.0
-0.20741461217403412 -0.5277245044708252 -0.8237026333808899 -2.0285861492156982 0.6700003147125244 -0.69016033411026 0.27345627546310425 -2.5505993366241455 -0.7127964496612549 -0.4951621890068054 0.496724933385849 21.55641746520996 0.0 0.0 0.0 1.0
-0.1685735136270523 -0.5334621071815491 -0.8288553357124329 -1.994674563407898 0.6783499121665955 -0.6728704571723938 0.29510465264320374 -2.798881769180298 -0.7151393890380859 -0.5125070810317993 0.4753021001815796 21.361398696899414 0.0 0.0 0.0 1.0
-0.13310998678207397 -0.5372540950775146 -0.8328503966331482 -1.8146097660064697 0.6854289174079895 -0.6568683385848999 0.31418341398239136 -3.035356283187866 -0.7158693671226501 -0.5290387868881226 0.45568522810935974 21.2136173248291 0.0 0.0 0.0 1.0
-0.11627013236284256 -0.5383737087249756 -0.8346466422080994 -1.6964038610458374 0.6885138750076294 -0.6493523716926575 0.32293984293937683 -3.142155647277832 -0.7158421277999878 -0.5371174812316895 0.44617804884910583 21.12701988220215 0.0 0.0 0.0 1.0
0.035928402096033096 -0.5366501212120056 -0.8430396318435669 0.6346198916435242 0.6991046667098999 -0.5893094539642334 0.40492844581604004 -3.7939796447753906 -0.714116096496582 -0.6039213538169861 0.3540016710758209 20.6466064453125 0.0 0.0 0.0 1.0
0.05746801197528839 -0.5362598896026611 -0.8420942425727844 0.8392191529273987 0.6960387825965881 -0.5831629633903503 0.41886863112449646 -3.701054811477661 -0.715700626373291 -0.6102018356323242 0.339744508266449 20.652179718017578 0.0 0.0 0.0 1.0
0.08083785325288773 -0.5356404781341553 -0.8405680060386658 0.9133706092834473 0.6921070218086243 -0.5767009854316711 0.4340550899505615 -3.6015589237213135 -0.7172538638114929 -0.6168510913848877 0.3241012692451477 20.614559173583984 0.0 0.0 0.0 1.0
0.09361038357019424 -0.5350058674812317 -0.8396462202072144 0.9049882888793945 0.6897718906402588 -0.5733023285865784 0.4421980679035187 -3.568695068359375 -0.7179497480392456 -0.6205587387084961 0.3153649866580963 20.6026554107666 0.0 0.0 0.0 1.0
0.12098437547683716 -0.5335219502449036 -0.8370884656906128 0.8732592463493347 0.6843611001968384 -0.5660074353218079 0.4596579968929291 -3.555595636367798 -0.7190359234809875 -0.6284822225570679 0.29664361476898193 20.54871940612793 0.0 0.0 0.0 1.0
0.3373742997646332 -0.4952945113182068 -0.8005385398864746 0.849215030670166 0.6310431957244873 -0.512045681476593 0.582746684551239 -4.015746116638184 -0.6985435485839844 -0.7017781734466553 0.13980115950107574 20.478776931762695 0.0 0.0 0.0 1.0
0.35689038038253784 -0.4902729392051697 -0.7951488494873047 0.9252877235412598 0.6252297759056091 -0.5070663094520569 0.593271791934967 -3.9916951656341553 -0.6940582990646362 -0.7088837623596191 0.12556615471839905 20.61225700378418 0.0 0.0 0.0 1.0
0.39557310938835144 -0.48013731837272644 -0.7829368114471436 1.0077399015426636 0.6126830577850342 -0.49711284041404724 0.6144089102745056 -3.9741947650909424 -0.6842085719108582 -0.7227357625961304 0.09752752631902695 20.904216766357422 0.0 0.0 0.0 1.0
0.4342176020145416 -0.469252347946167 -0.768932580947876 0.9291942119598389 0.5999810695648193 -0.48605427145957947 0.6354321241378784 -3.909654378890991 -0.6719210147857666 -0.7372607588768005 0.07048920542001724 21.227294921875 0.0 0.0 0.0 1.0
0.4723043143749237 -0.45821040868759155 -0.752975344657898 0.7801098227500916 0.5866431593894958 -0.47416627407073975 0.6565182209014893 -3.7455012798309326 -0.6578589677810669 -0.7518042325973511 0.044855210930109024 21.56985855102539 0.0 0.0 0.0 1.0
0.6747426390647888 -0.3869434595108032 -0.6284879446029663 -0.8772596716880798 0.4983183741569519 -0.38930198550224304 0.7746759057044983 -3.0087647438049316 -0.5444273948669434 -0.835893988609314 -0.06985760480165482 23.68730354309082 0.0 0.0 0.0 1.0
0.7095257043838501 -0.37143823504447937 -0.5988379716873169 -1.2522697448730469 0.47821101546287537 -0.37036943435668945 0.7963294982910156 -2.994504928588867 -0.5175784826278687 -0.8513872027397156 -0.0851607695221901 23.919252395629883 0.0 0.0 0.0 1.0
0.743182897567749 -0.3550429046154022 -0.567118763923645 -1.6585712432861328 0.4558252990245819 -0.3518122136592865 0.8175888061523438 -3.0134942531585693 -0.4897984266281128 -0.8661251068115234 -0.09962328523397446 24.033004760742188 0.0 0.0 0.0 1.0
0.7752134799957275 -0.33754536509513855 -0.5339542627334595 -2.0474793910980225 0.43220630288124084 -0.33303549885749817 0.8380244970321655 -3.029503583908081 -0.4606969952583313 -0.880426287651062 -0.11228439211845398 24.029314041137695 0.0 0.0 0.0 1.0
0.8054531812667847 -0.3194952607154846 -0.499167263507843 -2.398627758026123 0.4069768488407135 -0.31409895420074463 0.8577364087104797 -3.05363392829895 -0.43083062767982483 -0.8940160274505615 -0.12296481430530548 23.956037521362305 0.0 0.0 0.0 1.0
0.9334892630577087 -0.20664064586162567 -0.29308265447616577 -3.348663330078125 0.24723424017429352 -0.22114835679531097 0.9433814883232117 -2.4801669120788574 -0.2597557008266449 -0.9530965685844421 -0.15535098314285278 23.89344024658203 0.0 0.0 0.0 1.0
0.9488963484764099 -0.18596981465816498 -0.2549724578857422 -3.450125217437744 0.21558915078639984 -0.20803780853748322 0.9540657997131348 -2.3233814239501953 -0.23047135770320892 -0.9602788686752319 -0.1573132425546646 23.876039505004883 0.0 0.0 0.0 1.0
0.9619943499565125 -0.16511483490467072 -0.21749481558799744 -3.590397834777832 0.18406637012958527 -0.19624823331832886 0.9631231427192688 -2.268644094467163 -0.20170889794826508 -0.9665524959564209 -0.1583976000547409 23.83776092529297 0.0 0.0 0.0 1.0
0.9729406833648682 -0.14393937587738037 -0.18074245750904083 -3.722555160522461 0.1529340296983719 -0.18519096076488495 0.9707293510437012 -2.2896432876586914 -0.17319804430007935 -0.9721037745475769 -0.15816658735275269 23.82015037536621 0.0 0.0 0.0 1.0
0.98188716173172 -0.12239488214254379 -0.14462724328041077 -3.8610219955444336 0.12196474522352219 -0.17583522200584412 0.9768349528312683 -2.361823320388794 -0.14499016106128693 -0.9767811894416809 -0.15772248804569244 23.812236785888672 0.0 0.0 0.0 1.0
0.9993714690208435 0.00031777011463418603 0.03544744849205017 -4.605639934539795 -0.03502821922302246 -0.14473897218704224 0.9888496398925781 -2.274613618850708 0.005444854032248259 -0.9894698262214661 -0.144636869430542 22.494470596313477 0.0 0.0 0.0 1.0
0.9976455569267273 0.02299664542078972 0.06461068987846375 -4.5539140701293945 -0.06069649010896683 -0.14251142740249634 0.9879303574562073 -2.4366815090179443 0.031926847994327545 -0.9895259737968445 -0.14078007638454437 22.333024978637695 0.0 0.0 0.0 1.0
0.994623064994812 0.045816730707883835 0.09287486225366592 -4.434360027313232 -0.0855875238776207 -0.14125846326351166 0.9862660765647888 -2.6283552646636963 0.058306846767663956 -0.9889119863510132 -0.13657759130001068 22.202892303466797 0.0 0.0 0.0 1.0
0.9903454184532166 0.0686497911810875 0.12042908370494843 -4.256196022033691 -0.10984962433576584 -0.14124488830566406 0.9838612675666809 -2.796168327331543 0.0845518633723259 -0.987591564655304 -0.13234007358551025 22.116825103759766 0.0 0.0 0.0 1.0
0.984862208366394 0.09140723198652267 0.14727923274040222 -4.001316070556641 -0.1335223913192749 -0.14176416397094727 0.9808540344238281 -2.9244308471679688 0.11053606867790222 -0.9856711626052856 -0.12741324305534363 22.084728240966797 0.0 0.0 0.0 1.0
0.9359200596809387 0.20804589986801147 0.28420165181159973 -2.7799463272094727 -0.2533006966114044 -0.1630842685699463 0.9535419940948486 -3.434358596801758 0.24472932517528534 -0.9644275307655334 -0.09993565827608109 22.225427627563477 0.0 0.0 0.0 1.0
0.9249285459518433 0.2257569283246994 0.30584463477134705 -2.5837318897247314 -0.27174684405326843 -0.1699342578649521 0.9472465515136719 -3.482562303543091 0.2658209502696991 -0.9592477083206177 -0.09582831710577011 22.27469253540039 0.0 0.0 0.0 1.0
0.9141237735748291 0.2415570318698883 0.32561925053596497 -2.329186201095581 -0.2881987392902374 -0.1777445673942566 0.9409295320510864 -3.5468060970306396 0.2851651906967163 -0.9539691209793091 -0.09286410361528397 22.33061408996582 0.0 0.0 0.0 1.0
0.9037207365036011 0.2555773854255676 0.3434661626815796 -2.026001214981079 -0.3026162087917328 -0.18615400791168213 0.9347566962242126 -3.6088924407958984 0.3028402626514435 -0.9486974477767944 -0.09088938683271408 22.417598724365234 0.0 0.0 0.0 1.0
0.8986902236938477 0.2618459165096283 0.3518417179584503 -1.8508654832839966 -0.30915960669517517 -0.19080811738967896 0.9316719174385071 -3.627617359161377 0.3110887408256531 -0.9460597038269043 -0.09052521735429764 22.42331314086914 0.0 0.0 0.0 1.0
0.835674524307251 0.3188204765319824 0.44721540808677673 -0.5157397389411926 -0.37902021408081055 -0.2545270323753357 0.8896964192390442 -4.474472522735596 0.3974818289279938 -0.9130002856254578 -0.09186236560344696 21.910356521606445 0.0 0.0 0.0 1.0
0.8193860650062561 0.3304464519023895 0.46841391921043396 -0.4486391842365265 -0.3958837389945984 -0.26477760076522827 0.8793002367019653 -4.623876571655273 0.4145871698856354 -0.9059238433837891 -0.08613669872283936 21.684032440185547 0.0 0.0 0.0 1.0
0.8008771538734436 0.34259650111198425 0.49114498496055603 -0.328265517950058 -0.4146701693534851 -0.2744314968585968 0.867603600025177 -4.720093727111816 0.4320236146450043 -0.8985071182250977 -0.07772136479616165 21.48401641845703 0.0 0.0 0.0 1.0
0.7910420894622803 0.34872931241989136 0.5026333928108215 -0.23725083470344543 -0.42441409826278687 -0.27890193462371826 0.861444354057312 -4.758141040802002 0.4405963122844696 -0.8947634100914001 -0.0726175382733345 21.40570831298828 0.0 0.0 0.0 1.0
0.7704132795333862 0.36094915866851807 0.5255274176597595 0.023846834897994995 -0.44413965940475464 -0.2875124514102936 0.8485732674598694 -4.789097309112549 0.45738744735717773 -0.8871597051620483 -0.06119157001376152 21.24787139892578 0.0 0.0 0.0 1.0
0.6199454069137573 0.43417760729789734 0.6535728573799133 2.2208988666534424 -0.5583690404891968 -0.3410879969596863 0.7562294602394104 -4.947587490081787 0.5512637495994568 -0.8337558507919312 0.030975384637713432 21.346860885620117 0.0 0.0 0.0 1.0
0.588114321231842 0.44720587134361267 0.6738905310630798 2.403667449951172 -0.576713502407074 -0.352282851934433 0.7370877265930176 -4.8622050285339355 0.5670300126075745 -0.8221336007118225 0.050727084279060364 21.4196834564209 0.0 0.0 0.0 1.0
0.5710507035255432 0.45395323634147644 0.6839792132377625 2.4617726802825928 -0.58586186170578 -0.35827189683914185 0.7269161343574524 -4.799147605895996 0.5750364661216736 -0.8158233165740967 0.06136247143149376 21.435178756713867 0.0 0.0 0.0 1.0
0.5346472859382629 0.4676050543785095 0.7039160132408142 2.5181806087493896 -0.6040290594100952 -0.37109291553497314 0.7052935361862183 -4.6626410484313965 0.5910170674324036 -0.8022689819335938 0.08404321223497391 21.47200584411621 0.0 0.0 0.0 1.0
0.49484580755233765 0.48104992508888245 0.7236840724945068 2.4682278633117676 -0.6219463348388672 -0.38555341958999634 0.6815653443336487 -4.563098430633545 0.6068858504295349 -0.7873623967170715 0.10839773714542389 21.5183162689209 0.0 0.0 0.0 1.0
0.17601558566093445 0.5444053411483765 0.8201471567153931 1.162472128868103 -0.7024575471878052 -0.5142062902450562 0.4920825958251953 -3.746159553527832 0.6896172165870667 -0.662732720375061 0.29191333055496216 22.434755325317383 0.0 0.0 0.0 1.0
0.1452203392982483 0.546800434589386 0.8245728015899658 0.9685999751091003 -0.70524662733078 -0.5273147821426392 0.47388431429862976 -3.672332525253296 0.6939296126365662 -0.6503448486328125 0.30905231833457947 22.535905838012695 0.0 0.0 0.0 1.0
0.08395526558160782 0.5504235625267029 0.8306536078453064 0.5678818821907043 -0.7083596587181091 -0.5533221960067749 0.43824779987335205 -3.5848138332366943 0.7008410096168518 -0.6251946687698364 0.34344354271888733 22.733034133911133 0.0 0.0 0.0 1.0
0.022879397496581078 0.5499411225318909 0.8348900079727173 0.1373618096113205 -0.7081243395805359 -0.5805901288986206 0.40183955430984497 -3.6013295650482178 0.7057169675827026 -0.6003997921943665 0.37614312767982483 22.805143356323242 0.0 0.0 0.0 1.0
-0.03681443631649017 0.548643171787262 0.8352457284927368 -0.301618754863739 -0.7049475908279419 -0.6066680550575256 0.3674272298812866 -3.662126302719116 0.7083033323287964 -0.5752778053283691 0.4090988039970398 22.903331756591797 0.0 0.0 0.0 1.0
-0.3129424750804901 0.5076919198036194 0.8026928901672363 -2.047865629196167 -0.6493799090385437 -0.7311100363731384 0.20924580097198486 -4.152894020080566 0.6930892467498779 -0.4557707607746124 0.5584803223609924 22.6052188873291 0.0 0.0 0.0 1.0
-0.3530866503715515 0.4961177110671997 0.7932193875312805 -2.123013973236084 -0.6359772086143494 -0.7490987777709961 0.18542927503585815 -4.241960048675537 0.6861944198608398 -0.4389968812465668 0.5800163745880127 22.48105239868164 0.0 0.0 0.0 1.0
-0.3910030424594879 0.4836237132549286 0.7830866575241089 -2.1207966804504395 -0.6221212148666382 -0.7658975124359131 0.16237656772136688 -4.353365898132324 0.6782932877540588 -0.42368510365486145 0.6003408432006836 22.42217445373535 0.0 0.0 0.0 1.0
-0.4273069202899933 0.4704428017139435 0.7720701694488525 -2.0847177505493164 -0.6079508066177368 -0.7815769910812378 0.13976149260997772 -4.467552185058594 0.6691820621490479 -0.40965962409973145 0.6199793219566345 22.38313865661621 0.0 0.0 0.0 1.0
-0.4620960056781769 0.45680534839630127 0.7601290345191956 -2.0023343563079834 -0.5934395790100098 -0.7962213754653931 0.11773277819156647 -4.53033971786499 0.659011960029602 -0.3966868221759796 0.6390170454978943 22.337305068969727 0.0 0.0 0.0 1.0
-0.6423861980438232 0.36900120973587036 0.6716979146003723 -1.6258898973464966 -0.4979313910007477 -0.8672164082527161 0.00020790996495634317 -4.709097385406494 0.5825841426849365 -0.334325909614563 0.7408251166343689 22.110275268554688 0.0 0.0 0.0 1.0
-0.6743292212486267 0.34996306896209717 0.6502352952957153 -1.7497042417526245 -0.4762418568134308 -0.8790690898895264 -0.02076490968465805 -4.730528831481934 0.5643348097801208 -0.3236716687679291 0.7594490647315979 22.101293563842773 0.0 0.0 0.0 1.0
-0.7064037919044495 0.3294016420841217 0.6264888048171997 -1.9441746473312378 -0.45235100388526917 -0.8908671736717224 -0.041643787175416946 -4.803694725036621 0.5444008111953735 -0.31281018257141113 0.7783171534538269 22.138137817382812 0.0 0.0 0.0 1.0
-0.739178478717804 0.30668941140174866 0.5996305346488953 -2.20019268989563 -0.42533358931541443 -0.9028738737106323 -0.06253112852573395 -4.907428741455078 0.5222131013870239 -0.3012646734714508 0.7978302240371704 22.207101821899414 0.0 0.0 0.0 1.0
-0.7718413472175598 0.28207701444625854 0.5698188543319702 -2.503744125366211 -0.3955756425857544 -0.9146723747253418 -0.08303263783454895 -5.008273124694824 0.49777594208717346 -0.28949448466300964 0.8175647258758545 22.30095863342285 0.0 0.0 0.0 1.0
-0.9232171773910522 0.11484622955322266 0.3667157292366028 -4.875141143798828 -0.18827086687088013 -0.9670970439910889 -0.1711065173149109 -5.434730529785156 0.33499875664711 -0.22701036930084229 0.9144627451896667 22.602500915527344 0.0 0.0 0.0 1.0
-0.9404707551002502 0.08258073776960373 0.32968956232070923 -5.293760299682617 -0.14850208163261414 -0.9723825454711914 -0.18005360662937164 -5.6256890296936035 0.305715411901474 -0.21829472482204437 0.926760733127594 22.438005447387695 0.0 0.0 0.0 1.0
-0.9540523886680603 0.05123993009328842 0.29522618651390076 -5.603631496429443 -0.11021775752305984 -0.976205587387085 -0.1867476850748062 -5.828195571899414 0.2786325216293335 -0.21070623397827148 0.9369988441467285 22.255327224731445 0.0 0.0 0.0 1.0
-0.9645042419433594 0.021806135773658752 0.2631654739379883 -5.772682189941406 -0.07444066554307938 -0.9786192774772644 -0.19173651933670044 -6.061766624450684 0.25335776805877686 -0.20452089607715607 0.945505678653717 22.124113082885742 0.0 0.0 0.0 1.0
-0.972022294998169 -0.005454096477478743 0.2348252236843109 -5.758848667144775 -0.041795529425144196 -0.9797603487968445 -0.19576217234134674 -6.279237270355225 0.23114013671875 -0.20009984076023102 0.9521209597587585 22.019838333129883 0.0 0.0 0.0 1.0
-0.9849395155906677 -0.11762873828411102 0.12671871483325958 -4.261720657348633 0.08894413709640503 -0.9732009172439575 -0.2120586782693863 -7.058122634887695 0.1482669711112976 -0.1975940763950348 0.9690064191818237 21.459163665771484 0.0 0.0 0.0 1.0
-0.9848414659500122 -0.1313754767179489 0.11325957626104355 -3.80515193939209 0.10485726594924927 -0.9710573554039001 -0.21459852159023285 -7.10348653793335 0.13817453384399414 -0.1994694322347641 0.9701132774353027 21.375577926635742 0.0 0.0 0.0 1.0
-0.9845618009567261 -0.14314237236976624 0.1007390096783638 -3.290113687515259 0.11868379265069962 -0.9689584970474243 -0.21687224507331848 -7.064787864685059 0.12865552306175232 -0.20156803727149963 0.9709882140159607 21.292688369750977 0.0 0.0 0.0 1.0
-0.9843747615814209 -0.14850744605064392 0.0946144089102745 -3.022361993789673 0.12508703768253326 -0.9679313898086548 -0.21785782277584076 -7.021125793457031 0.12393376976251602 -0.20261870324611664 0.9713835716247559 21.26471710205078 0.0 0.0 0.0 1.0
-0.9839111566543579 -0.15835905075073242 0.08271168917417526 -2.45444393157959 0.13699190318584442 -0.9659020304679871 -0.21969643235206604 -6.892465114593506 0.11468230187892914 -0.20483094453811646 0.9720556735992432 21.21699333190918 0.0 0.0 0.0 1.0
-0.9790692925453186 -0.2035233974456787 -0.0012380402768030763 -0.321940153837204 0.19864928722381592 -0.9542627930641174 -0.22342997789382935 -6.8535661697387695 0.04429181292653084 -0.21899937093257904 0.974719226360321 20.637868881225586 0.0 0.0 0.0 1.0
-0.9773711562156677 -0.21070381999015808 -0.018694400787353516 -0.235870823264122 0.20951396226882935 -0.9520844221115112 -0.22279858589172363 -6.838819980621338 0.0291458647698164 -0.2216736525297165 0.9746852517127991 20.392255783081055 0.0 0.0 0.0 1.0
-0.976281464099884 -0.21474270522594452 -0.027570290490984917 -0.19208881258964539 0.21542848646640778 -0.9508323073387146 -0.22250497341156006 -6.825798034667969 0.021566595882177353 -0.22316689789295197 0.9745416641235352 20.258981704711914 0.0 0.0 0.0 1.0
-0.9737282395362854 -0.2230009138584137 -0.046085428446531296 -0.1542099267244339 0.22763821482658386 -0.9480732679367065 -0.2221214771270752 -6.833073139190674 0.005840927362442017 -0.22677676379680634 0.973929226398468 19.96706199645996 0.0 0.0 0.0 1.0
-0.9706242084503174 -0.23160898685455322 -0.06516032665967941 -0.1470099687576294 0.24037809669971466 -0.9451285600662231 -0.2212473452091217 -6.835456848144531 -0.010342012159526348 -0.23041114211082458 0.9730384349822998 19.716054916381836 0.0 0.0 0.0 1.0
-0.9413638710975647 -0.2873014509677887 -0.1768953800201416 -0.5655837655067444 0.3218511939048767 -0.9219736456871033 -0.21535170078277588 -6.923353672027588 -0.10122202336788177 -0.2596582770347595 0.960381031036377 19.46788787841797 0.0 0.0 0.0 1.0
-0.93831866979599 -0.29194876551628113 -0.18526731431484222 -0.628580629825592 0.3285769820213318 -0.9197245836257935 -0.21481110155582428 -6.898995876312256 -0.10768107324838638 -0.2624358534812927 0.9589224457740784 19.49725914001465 0.0 0.0 0.0 1.0
-0.9323060512542725 -0.3003619611263275 -0.2014649361371994 -0.7620147466659546 0.34107479453086853 -0.9154686331748962 -0.21350671350955963 -6.869198799133301 -0.12030553817749023 -0.2677682042121887 0.9559428691864014 19.536767959594727 0.0 0.0 0.0 1.0
-0.9262596964836121 -0.3084275424480438 -0.21659959852695465 -0.8903313279151917 0.353079229593277 -0.911150336265564 -0.2124621570110321 -6.8817458152771 -0.13182561099529266 -0.27327194809913635 0.9528611898422241 19.53741455078125 0.0 0.0 0.0 1.0
-0.9202199578285217 -0.3161202073097229 -0.23078829050064087 -0.9913952350616455 0.36457064747810364 -0.9068332314491272 -0.21152234077453613 -6.910851001739502 -0.14242000877857208 -0.27878573536872864 0.9497342109680176 19.519128799438477 0.0 0.0 0.0 1.0
-0.8951668739318848 -0.3451157808303833 -0.28208398818969727 -1.075749158859253 0.40840139985084534 -0.8885791897773743 -0.20889060199260712 -7.5286054611206055 -0.17856252193450928 -0.3021954298019409 0.9363724589347839 19.714719772338867 0.0 0.0 0.0 1.0
-0.8922700881958008 -0.34817638993263245 -0.2874496877193451 -1.0799429416656494 0.41318461298942566 -0.8863475918769836 -0.20896504819393158 -7.6186065673828125 -0.18202362954616547 -0.3052230477333069 0.9347226023674011 19.761951446533203 0.0 0.0 0.0 1.0