-0.9999998211860657 0.0005646125064231455 -0.0001059847345459275 -0.0729764848947525 -0.0005644552875310183 -0.9999987483024597 -0.0014774150913581252 0.5343840718269348 -0.00010681877029128373 -0.0014773550210520625 0.999998927116394 8.949265480041504 0.0 0.0 0.0 1.0
-0.9999999403953552 0.0002968881162814796 -0.00016888952814042568 -0.07240241020917892 -0.00029669218929484487 -0.9999992847442627 -0.0011590354843065143 0.5369130373001099 -0.00016923350631259382 -0.0011589853093028069 0.9999992847442627 8.945501327514648 0.0 0.0 0.0 1.0
-0.9999998211860657 -0.000552377023268491 -0.00013512131408788264 -0.07310863584280014 0.0005524528678506613 -0.9999997019767761 -0.0005621252348646522 0.53749680519104 -0.00013481076166499406 -0.0005621997988782823 0.9999998211860657 8.942683219909668 0.0 0.0 0.0 1.0
-0.9999872446060181 -0.004873222205787897 -0.0013321335427463055 -0.07322069257497787 0.0048724147491157055 -0.9999879598617554 0.0006086612120270729 0.5483535528182983 -0.0013350836234167218 0.0006021627341397107 0.999998927116394 8.943095207214355 0.0 0.0 0.0 1.0
-0.9999099373817444 -0.013013213872909546 -0.0032842245418578386 -0.0945056602358818 0.013007798232138157 -0.9999139904975891 0.0016649503959342837 0.5808903574943542 -0.003305608406662941 0.0016220799880102277 0.9999932050704956 8.900017738342285 0.0 0.0 0.0 1.0
-0.9997873306274414 -0.019474849104881287 -0.00678227236494422 -0.13672460615634918 0.019453780725598335 -0.999805748462677 0.003158567938953638 0.6039126515388489 -0.006842467933893204 0.003025955520570278 0.9999719858169556 8.91857624053955 0.0 0.0 0.0 1.0
-0.999874472618103 -0.013848898001015186 -0.007698843255639076 -0.1899912804365158 0.01380922645330429 -0.9998912215232849 0.0051824008114635944 0.6052114367485046 -0.0077697765082120895 0.005075435154139996 0.9999569058418274 8.923789024353027 0.0 0.0 0.0 1.0
-0.9998399019241333 -0.017634913325309753 -0.0030317644122987986 -0.21225957572460175 0.017634984105825424 -0.999844491481781 3.4943168429890648e-06 0.5961902141571045 -0.0030313546303659678 -4.997136056772433e-05 0.9999954104423523 8.95814037322998 0.0 0.0 0.0 1.0
-0.9997626543045044 -0.02120540849864483 0.004993762355297804 -0.1222347691655159 0.02111152745783329 -0.9996122717857361 -0.018156355246901512 0.5365334153175354 0.005376839078962803 -0.01804662123322487 0.9998226761817932 9.155233383178711 0.0 0.0 0.0 1.0
-0.9987375736236572 -0.04940683767199516 0.00906467717140913 -0.012238092720508575 0.0491165854036808 -0.9983469247817993 -0.029850225895643234 0.4876878261566162 0.010524497367441654 -0.029367318376898766 0.9995132684707642 8.965384483337402 0.0 0.0 0.0 1.0
-0.9982084035873413 -0.05979163944721222 -0.002224467694759369 0.08412174135446548 0.05983223021030426 -0.9973160624504089 -0.042198680341243744 0.4757665991783142 0.0003046308411285281 -0.04225617274641991 0.999106764793396 9.002910614013672 0.0 0.0 0.0 1.0
-0.995241105556488 -0.09362956136465073 -0.0269942469894886 0.04543158784508705 0.09475915879011154 -0.9945209622383118 -0.04414420202374458 0.48707637190818787 -0.02271314151585102 -0.0464920774102211 0.9986603856086731 8.93386459350586 0.0 0.0 0.0 1.0
-0.9897780418395996 -0.12770503759384155 -0.0634889081120491 -0.03835134953260422 0.13057640194892883 -0.9904909729957581 -0.04333002492785454 0.5929358005523682 -0.0573517270386219 -0.0511772595345974 0.9970414638519287 9.084595680236816 0.0 0.0 0.0 1.0
-0.9798635840415955 -0.17587415874004364 -0.09452874213457108 -0.09187877178192139 0.18042431771755219 -0.9826961755752563 -0.04189565032720566 0.6829244494438171 -0.08552467077970505 -0.05810730531811714 0.9946401715278625 8.952165603637695 0.0 0.0 0.0 1.0
-0.9719923734664917 -0.20791412889957428 -0.10955613106489182 0.10059648752212524 0.21349623799324036 -0.9760480523109436 -0.04182815924286842 0.7672507166862488 -0.09823538362979889 -0.0640464723110199 0.993100106716156 9.209101676940918 0.0 0.0 0.0 1.0
-0.9622492790222168 -0.23851019144058228 -0.1311076432466507 0.24181444942951202 0.24594245851039886 -0.9683065414428711 -0.04352891072630882 0.9165515303611755 -0.11657030135393143 -0.0741306021809578 0.9904120564460754 9.440033912658691 0.0 0.0 0.0 1.0
-0.954696536064148 -0.2563959062099457 -0.1510486900806427 0.19838003814220428 0.26533833146095276 -0.963239312171936 -0.042019471526145935 0.9816100597381592 -0.13472242653369904 -0.080194853246212 0.9876328706741333 9.495169639587402 0.0 0.0 0.0 1.0
-0.9469839930534363 -0.2722872793674469 -0.17053137719631195 0.06879880279302597 0.2827511131763458 -0.9583613872528076 -0.0399407297372818 0.8548399209976196 -0.15255533158779144 -0.0860411673784256 0.9845424294471741 9.445459365844727 0.0 0.0 0.0 1.0
-0.9393055438995361 -0.2905793786048889 -0.18239726126194 -0.02593279257416725 0.3027741014957428 -0.9521193504333496 -0.04238623008131981 0.6625995635986328 -0.1613474041223526 -0.09503878653049469 0.9823108911514282 9.426648139953613 0.0 0.0 0.0 1.0
-0.943567156791687 -0.27431440353393555 -0.1855602115392685 0.01718168333172798 0.2869440019130707 -0.9569136500358582 -0.044491007924079895 0.6283892393112183 -0.16536056995391846 -0.09522564709186554 0.9816251397132874 9.347347259521484 0.0 0.0 0.0 1.0
-0.9428927302360535 -0.2752794921398163 -0.18754863739013672 0.07573298364877701 0.28792762756347656 -0.9566697478294373 -0.043366268277168274 0.6480507254600525 -0.16748426854610443 -0.09489017724990845 0.9812975525856018 9.280532836914062 0.0 0.0 0.0 1.0
-0.9330832362174988 -0.3016146123409271 -0.195919007062912 0.06783010065555573 0.31409022212028503 -0.9487359523773193 -0.03531912341713905 0.7638103365898132 -0.17522263526916504 -0.09449192136526108 0.9799838066101074 9.24875545501709 0.0 0.0 0.0 1.0
-0.9233778119087219 -0.32238930463790894 -0.20841924846172333 0.13425342738628387 0.3351677358150482 -0.9417358636856079 -0.028216565027832985 0.8743788599967957 -0.18717916309833527 -0.0959099531173706 0.977632462978363 9.31803035736084 0.0 0.0 0.0 1.0
-0.8970018625259399 -0.3762694299221039 -0.23196770250797272 0.09366180002689362 0.39183980226516724 -0.9197376370429993 -0.02333023026585579 0.8647449612617493 -0.2045709639787674 -0.11182143539190292 0.9724436402320862 9.448484420776367 0.0 0.0 0.0 1.0
-0.8713918328285217 -0.4162270724773407 -0.25967541337013245 0.1671849489212036 0.43670520186424255 -0.8992841839790344 -0.024010425433516502 0.85458904504776 -0.2235282063484192 -0.1343240886926651 0.9653974175453186 9.754969596862793 0.0 0.0 0.0 1.0
-0.85480797290802 -0.43414634466171265 -0.28428900241851807 0.270483136177063 0.46066799759864807 -0.8870479464530945 -0.030511435121297836 0.8701264262199402 -0.2389315366744995 -0.15704426169395447 0.958253026008606 9.893373489379883 0.0 0.0 0.0 1.0
-0.84102463722229 -0.4397710859775543 -0.3150857090950012 0.2979491055011749 0.4729574918746948 -0.8804458975791931 -0.0335598886013031 0.9165982007980347 -0.2626572251319885 -0.1772468239068985 0.9484696984291077 9.98822021484375 0.0 0.0 0.0 1.0
-0.8226398229598999 -0.45053306221961975 -0.34681934118270874 0.17405904829502106 0.48805180191993713 -0.872477650642395 -0.024251334369182587 0.7702457308769226 -0.2916661202907562 -0.18921592831611633 0.9376183748245239 9.947199821472168 0.0 0.0 0.0 1.0
-0.8041426539421082 -0.4624102711677551 -0.3735389709472656 0.12107479572296143 0.5066322684288025 -0.8618341684341431 -0.023782264441251755 0.563315212726593 -0.3109315037727356 -0.20837122201919556 0.9273095726966858 10.014456748962402 0.0 0.0 0.0 1.0
-0.7918593883514404 -0.4698255658149719 -0.39015722274780273 0.1914817839860916 0.5165722966194153 -0.8560634255409241 -0.01756242662668228 0.6146126389503479 -0.3257480561733246 -0.21545138955116272 0.9205807447433472 9.96397876739502 0.0 0.0 0.0 1.0
-0.7727129459381104 -0.4905264973640442 -0.4028627872467041 0.17068198323249817 0.5386167168617249 -0.8425198197364807 -0.007242712192237377 0.7843954563140869 -0.33586713671684265 -0.22258517146110535 0.9152317047119141 9.864090919494629 0.0 0.0 0.0 1.0
-0.7035108804702759 -0.549861490726471 -0.45024970173835754 -0.046699050813913345 0.5978574156761169 -0.800428569316864 0.04336629435420036 1.1098941564559937 -0.38423818349838257 -0.23867645859718323 0.8918489813804626 9.529909133911133 0.0 0.0 0.0 1.0
-0.6352423429489136 -0.6042905449867249 -0.4809366762638092 -0.2395843118429184 0.6586625576019287 -0.7490625381469727 0.07119664549827576 1.052940011024475 -0.40327510237693787 -0.2715478539466858 0.8738598227500916 9.58341121673584 0.0 0.0 0.0 1.0
-0.5884853601455688 -0.6337301135063171 -0.5020668506622314 -0.32531070709228516 0.6957106590270996 -0.7132891416549683 0.08488370478153229 1.0510903596878052 -0.411912202835083 -0.29934045672416687 0.8606530427932739 9.767951011657715 0.0 0.0 0.0 1.0
-0.5511439442634583 -0.6484678387641907 -0.5250998735427856 -0.49403116106987 0.7159903645515442 -0.6906967759132385 0.10146813839673996 1.0745775699615479 -0.42848360538482666 -0.3200428783893585 0.8449700474739075 9.956881523132324 0.0 0.0 0.0 1.0
-0.4968196749687195 -0.6702615022659302 -0.5512891411781311 -0.7297290563583374 0.7456253170967102 -0.6547162532806396 0.12405430525541306 1.0538243055343628 -0.44408679008483887 -0.34942251443862915 0.8250399231910706 9.930712699890137 0.0 0.0 0.0 1.0
-0.4660934507846832 -0.6806476712226868 -0.5652217268943787 -0.820411205291748 0.7593896389007568 -0.6355789303779602 0.13916455209255219 0.919143795967102 -0.45396506786346436 -0.36435985565185547 0.8131160140037537 9.87189769744873 0.0 0.0 0.0 1.0
-0.4550316035747528 -0.6787815690040588 -0.5763695240020752 -0.8245378136634827 0.7594023942947388 -0.6338189244270325 0.14690661430358887 0.7403032183647156 -0.4650314152240753 -0.37084928154945374 0.8038759827613831 9.825454711914062 0.0 0.0 0.0 1.0
-0.4535524547100067 -0.680777907371521 -0.5751796364784241 -1.0049935579299927 0.7421874403953552 -0.6458097100257874 0.17913022637367249 0.9197694063186646 -0.49340447783470154 -0.3456461429595947 0.7981733679771423 9.428871154785156 0.0 0.0 0.0 1.0
-0.39992454648017883 -0.7299343347549438 -0.5543069839477539 -1.4487141370773315 0.7541602253913879 -0.6057586073875427 0.25357213616371155 1.227379560470581 -0.5208672285079956 -0.31662654876708984 0.7927451729774475 9.100889205932617 0.0 0.0 0.0 1.0
-0.36875393986701965 -0.7481288909912109 -0.5516554117202759 -1.6479405164718628 0.7651825547218323 -0.5812700390815735 0.27680471539497375 1.3103872537612915 -0.527746319770813 -0.32004424929618835 0.7868008017539978 9.011763572692871 0.0 0.0 0.0 1.0
-0.34192755818367004 -0.7567040920257568 -0.5572113394737244 -1.7699223756790161 0.770091712474823 -0.5654519200325012 0.2953353226184845 1.3179118633270264 -0.5385576486587524 -0.32812052965164185 0.7760751247406006 9.249482154846191 0.0 0.0 0.0 1.0
-0.29219114780426025 -0.769996166229248 -0.5672126412391663 -1.8784278631210327 0.7898545861244202 -0.5286941528320312 0.3108251392841339 1.2041916847229004 -0.5392162203788757 -0.3571951389312744 0.7626647353172302 9.340375900268555 0.0 0.0 0.0 1.0
-0.2495887130498886 -0.7764154672622681 -0.5786920189857483 -1.9139959812164307 0.8055211305618286 -0.49814093112945557 0.3209225833415985 1.1867432594299316 -0.5374394655227661 -0.3860500156879425 0.7497494220733643 9.586830139160156 0.0 0.0 0.0 1.0
-0.19258615374565125 -0.781958818435669 -0.5928329825401306 -1.9199516773223877 0.829323947429657 -0.45263877511024475 0.3276278078556061 1.104264259338379 -0.5245306491851807 -0.4285539984703064 0.7356691360473633 9.745353698730469 0.0 0.0 0.0 1.0
-0.13773714005947113 -0.7813020348548889 -0.6087656617164612 -1.910615086555481 0.8536487817764282 -0.4053419828414917 0.32708048820495605 0.9662988185882568 -0.5023069381713867 -0.4746209383010864 0.7227881550788879 10.045441627502441 0.0 0.0 0.0 1.0
-0.11284174025058746 -0.7759706974029541 -0.6205934286117554 -1.9129970073699951 0.8544655442237854 -0.3945484757423401 0.3379647135734558 0.9190167188644409 -0.5071049332618713 -0.49213916063308716 0.707561731338501 9.914052963256836 0.0 0.0 0.0 1.0
-0.06101592630147934 -0.7787570953369141 -0.6243512034416199 -2.1771600246429443 0.8496145009994507 -0.3688182830810547 0.3769990801811218 0.8743130564689636 -0.5238628387451172 -0.5074548721313477 0.6841471195220947 9.798376083374023 0.0 0.0 0.0 1.0
-0.015704747289419174 -0.7978055477142334 -0.6027102470397949 -2.556185483932495 0.8294651508331299 -0.3469940721988678 0.43770164251327515 0.9867507815361023 -0.5583376884460449 -0.493053138256073 0.6672013401985168 9.428187370300293 0.0 0.0 0.0 1.0
0.0009531232644803822 -0.8048028349876404 -0.5935415029525757 -2.4878807067871094 0.8296841979026794 -0.33069783449172974 0.449736624956131 0.8565479516983032 -0.5582321882247925 -0.4928806722164154 0.6674169898033142 9.474102020263672 0.0 0.0 0.0 1.0
0.009937310591340065 -0.8031876683235168 -0.595643162727356 -2.2161309719085693 0.842936098575592 -0.31371256709098816 0.437084823846817 0.7073255181312561 -0.5379219055175781 -0.5064325928688049 0.6739184260368347 9.57737922668457 0.0 0.0 0.0 1.0
0.03535992279648781 -0.804878294467926 -0.592385470867157 -2.0909852981567383 0.8484483957290649 -0.2890503704547882 0.4433792531490326 0.7048457264900208 -0.5280956029891968 -0.518286406993866 0.6726769208908081 9.41776180267334 0.0 0.0 0.0 1.0
0.07505527138710022 -0.8029484152793884 -0.5913040637969971 -1.9770311117172241 0.8456349968910217 -0.26299846172332764 0.4644709825515747 0.8763328790664673 -0.528458297252655 -0.5348883867263794 0.6592618823051453 9.238032341003418 0.0 0.0 0.0 1.0
0.14296935498714447 -0.7934668660163879 -0.591582715511322 -1.908221960067749 0.8476449251174927 -0.21040484309196472 0.48706039786338806 0.9157914519309998 -0.5109381675720215 -0.5710868239402771 0.6424967050552368 9.25729751586914 0.0 0.0 0.0 1.0
0.2124810665845871 -0.7685554027557373 -0.6034685969352722 -1.8603929281234741 0.8437328338623047 -0.16722507774829865 0.5100497007369995 0.7352883815765381 -0.4929165542125702 -0.6175422072410583 0.612923264503479 9.409557342529297 0.0 0.0 0.0 1.0
0.28140485286712646 -0.7402136921882629 -0.6106513142585754 -1.790913462638855 0.8439465761184692 -0.11194949597120285 0.5246155858039856 0.6274615526199341 -0.456689715385437 -0.6629864573478699 0.5931976437568665 9.503975868225098 0.0 0.0 0.0 1.0
0.29593780636787415 -0.7341707944869995 -0.6110761165618896 -1.6437946557998657 0.8373076319694519 -0.10850165784358978 0.5358575582504272 0.6604697108268738 -0.45971375703811646 -0.6702392101287842 0.5826171040534973 9.44483470916748 0.0 0.0 0.0 1.0
0.2963712513446808 -0.7367956042289734 -0.6076975464820862 -1.3549243211746216 0.8268315196037292 -0.1205345019698143 0.5493824481964111 0.5876744985580444 -0.47803109884262085 -0.6652846932411194 0.573482871055603 9.224771499633789 0.0 0.0 0.0 1.0
0.2749944031238556 -0.7460280060768127 -0.6064818501472473 -0.9722623825073242 0.8225536346435547 -0.14403624832630157 0.550144612789154 0.5237409472465515 -0.49777865409851074 -0.6501505374908447 0.5740389227867126 9.094120979309082 0.0 0.0 0.0 1.0
0.2658793032169342 -0.7548933625221252 -0.599536657333374 -0.6914331316947937 0.818011999130249 -0.15239080786705017 0.5546470880508423 0.5083168148994446 -0.5100632905960083 -0.6378973722457886 0.5769942402839661 8.935169219970703 0.0 0.0 0.0 1.0
0.270242303609848 -0.7588175535202026 -0.5925918221473694 -0.5479713678359985 0.8136793971061707 -0.14902116358280182 0.5618883967399597 0.5782253742218018 -0.514679491519928 -0.6340257525444031 0.5771623253822327 8.973337173461914 0.0 0.0 0.0 1.0
0.2980189621448517 -0.7556815147399902 -0.5832067728042603 -0.5986562371253967 0.8061439394950867 -0.12794409692287445 0.5777216553688049 0.6496073007583618 -0.5111914277076721 -0.6423206329345703 0.5710582733154297 8.851125717163086 0.0 0.0 0.0 1.0
0.34212997555732727 -0.742763102054596 -0.5755432844161987 -0.6380458474159241 0.7968285083770752 -0.0952872559428215 0.5966445207595825 0.6996380090713501 -0.49800747632980347 -0.6627392768859863 0.5592541694641113 8.892807960510254 0.0 0.0 0.0 1.0
0.38615643978118896 -0.7222573757171631 -0.5737835168838501 -0.598369836807251 0.789070725440979 -0.0635259672999382 0.611008882522583 0.7182772159576416 -0.4777558147907257 -0.688700795173645 0.5453811883926392 9.175537109375 0.0 0.0 0.0 1.0
0.42908334732055664 -0.6916171312332153 -0.5809932947158813 -0.38347500562667847 0.7810224890708923 -0.03903709724545479 0.6232815980911255 0.8120562434196472 -0.4537525475025177 -0.7212086319923401 0.5234183669090271 9.45699691772461 0.0 0.0 0.0 1.0
0.4756164848804474 -0.6586047410964966 -0.5831198692321777 -0.3146105706691742 0.7688594460487366 -0.010813316330313683 0.6393263936042786 0.946627140045166 -0.4273688793182373 -0.7524113655090332 0.5012314915657043 9.485158920288086 0.0 0.0 0.0 1.0
0.5094127655029297 -0.6369035840034485 -0.5786643624305725 -0.36721155047416687 0.7557723522186279 0.009595530107617378 0.6547641754150391 1.01749587059021 -0.411469042301178 -0.7708837389945984 0.4862422049045563 9.494124412536621 0.0 0.0 0.0 1.0
0.5362657904624939 -0.6180435419082642 -0.5748401284217834 -0.4814499616622925 0.7387880682945251 0.01434867363423109 0.6737850308418274 0.9267756342887878 -0.408180296421051 -0.7860128879547119 0.46429792046546936 9.560515403747559 0.0 0.0 0.0 1.0
0.5487120151519775 -0.6033862829208374 -0.5786536931991577 -0.584801971912384 0.7324399948120117 0.013271377421915531 0.6807022094726562 0.7104601860046387 -0.4030468463897705 -0.797338604927063 0.44922640919685364 9.499000549316406 0.0 0.0 0.0 1.0
0.5407047867774963 -0.6064579486846924 -0.5829640626907349 -0.6129782199859619 0.7306192517280579 -0.004913032054901123 0.6827674508094788 0.6353499889373779 -0.4169338643550873 -0.7951003313064575 0.4404333829879761 9.384950637817383 0.0 0.0 0.0 1.0
0.5365554690361023 -0.6104321479797363 -0.582649827003479 -0.5966745615005493 0.7304363250732422 -0.009793292731046677 0.6829105615615845 0.7014251947402954 -0.4225766360759735 -0.7920079827308655 0.44062718749046326 9.216546058654785 0.0 0.0 0.0 1.0
0.5561234354972839 -0.5997982621192932 -0.5752988457679749 -0.5980310440063477 0.721315324306488 0.004489573184400797 0.6925922632217407 0.7587113976478577 -0.41283276677131653 -0.8001387119293213 0.4351404309272766 9.237980842590332 0.0 0.0 0.0 1.0
0.5896466374397278 -0.5698383450508118 -0.5723644495010376 -0.5728573203086853 0.7115767002105713 0.03128901496529579 0.7019113898277283 0.8202309608459473 -0.38206732273101807 -0.8211609125137329 0.42393314838409424 9.462177276611328 0.0 0.0 0.0 1.0
0.6271270513534546 -0.5293967723846436 -0.5713586807250977 -0.5293796062469482 0.6981241703033447 0.05670219659805298 0.7137278914451599 0.8607942461967468 -0.34544795751571655 -0.8464773297309875 0.40514418482780457 9.80922794342041 0.0 0.0 0.0 1.0
0.6798855066299438 -0.4682161211967468 -0.5643841028213501 -0.5895328521728516 0.6717556118965149 0.08898413181304932 0.7354089021682739 0.890281617641449 -0.2941090762615204 -0.8791220188140869 0.37502580881118774 9.992959976196289 0.0 0.0 0.0 1.0
0.7160747647285461 -0.42822104692459106 -0.5512382388114929 -0.7041052579879761 0.6460117101669312 0.10743486881256104 0.7557291984558105 0.8767331838607788 -0.26439693570137024 -0.8972650170326233 0.3535672128200531 10.00302505493164 0.0 0.0 0.0 1.0
0.7398258447647095 -0.41169247031211853 -0.5321344137191772 -0.7938783764839172 0.6206549406051636 0.11232128739356995 0.7759969830513 0.7380121946334839 -0.2597021162509918 -0.9043744802474976 0.33861714601516724 9.83637809753418 0.0 0.0 0.0 1.0
0.7544527053833008 -0.4036647379398346 -0.5175479650497437 -0.8563835620880127 0.6026743650436401 0.1137295737862587 0.7898412346839905 0.5107255578041077 -0.2599705457687378 -0.9078107476234436 0.3290819823741913 9.6253662109375 0.0 0.0 0.0 1.0
0.7513400912284851 -0.41220879554748535 -0.5153367519378662 -0.6267498731613159 0.6020002961158752 0.10822056233882904 0.7911282777786255 0.4371053874492645 -0.2703399956226349 -0.9046392440795898 0.3294602632522583 9.57773494720459 0.0 0.0 0.0 1.0
0.7449789047241211 -0.4290352165699005 -0.5108181834220886 -0.45394185185432434 0.6017399430274963 0.10165933519601822 0.7921959757804871 0.48476627469062805 -0.2879505157470703 -0.8975489735603333 0.33390167355537415 9.479207992553711 0.0 0.0 0.0 1.0
0.7534412145614624 -0.4258292615413666 -0.500994861125946 -0.34164953231811523 0.5940319299697876 0.11419764906167984 0.7962945103645325 0.5111563205718994 -0.28187304735183716 -0.8975680470466614 0.33899739384651184 9.390420913696289 0.0 0.0 0.0 1.0
0.7718812823295593 -0.4087192118167877 -0.4869783818721771 -0.26920032501220703 0.5785975456237793 0.13415703177452087 0.8045040369033813 0.6366613507270813 -0.2634846866130829 -0.9027460813522339 0.3400372564792633 9.427103996276855 0.0 0.0 0.0 1.0
0.7898991107940674 -0.38647517561912537 -0.47612637281417847 -0.1859073042869568 0.5628981590270996 0.14888077974319458 0.8130068778991699 0.7861107587814331 -0.24332091212272644 -0.9102040529251099 0.335146963596344 9.537679672241211 0.0 0.0 0.0 1.0
0.8215787410736084 -0.3457448184490204 -0.4532868266105652 -0.11929400265216827 0.5293102860450745 0.1672864854335785 0.8317727446556091 0.9088083505630493 -0.21175234019756317 -0.9232961535453796 0.32044529914855957 9.714555740356445 0.0 0.0 0.0 1.0
0.8562941551208496 -0.27802783250808716 -0.4352709949016571 -0.17004694044589996 0.49417272210121155 0.1959850937128067 0.8469847440719604 0.852547287940979 -0.1501787155866623 -0.9403671622276306 0.30521467328071594 9.775269508361816 0.0 0.0 0.0 1.0
0.8832527995109558 -0.2185002565383911 -0.4148760735988617 -0.17218802869319916 0.4582391083240509 0.2146551012992859 0.8625196218490601 0.7965691685676575 -0.09940549731254578 -0.9519352912902832 0.2897200882434845 9.850176811218262 0.0 0.0 0.0 1.0
0.8974700570106506 -0.2040552943944931 -0.39103564620018005 -0.3298051059246063 0.4307434558868408 0.21470940113067627 0.8765614032745361 0.659835934638977 -0.0949079692363739 -0.9551237225532532 0.2805907428264618 9.741586685180664 0.0 0.0 0.0 1.0
0.9044765830039978 -0.20458950102329254 -0.37425297498703003 -0.42208072543144226 0.414512574672699 0.21486873924732208 0.884313702583313 0.5714574456214905 -0.10050603002309799 -0.954973578453064 0.279148668050766 9.621519088745117 0.0 0.0 0.0 1.0
0.9069852828979492 -0.21496661007404327 -0.36216989159584045 -0.34150925278663635 0.40730711817741394 0.22895269095897675 0.8841275572776794 0.6646705269813538 -0.10713813453912735 -0.9494050741195679 0.29521414637565613 9.392535209655762 0.0 0.0 0.0 1.0
0.9068134427070618 -0.2302403748035431 -0.3530987501144409 -0.24358037114143372 0.4037154018878937 0.23340792953968048 0.8846098780632019 0.7310924530029297 -0.12125685811042786 -0.9447275400161743 0.3046090304851532 9.266961097717285 0.0 0.0 0.0 1.0
0.9145828485488892 -0.20927098393440247 -0.3460403084754944 -0.18842695653438568 0.39210647344589233 0.24952828884124756 0.8854310512542725 0.7101902365684509 -0.09894818067550659 -0.9454846978187561 0.3102707862854004 9.240344047546387 0.0 0.0 0.0 1.0
0.9263649582862854 -0.16863521933555603 -0.33676421642303467 -0.16159547865390778 0.37165287137031555 0.2644597887992859 0.8899074196815491 0.66487717628479 -0.061009135097265244 -0.9495384097099304 0.3076600432395935 9.33438491821289 0.0 0.0 0.0 1.0
0.9390975832939148 -0.12011848390102386 -0.3219740092754364 -0.14465321600437164 0.3430980145931244 0.2746106684207916 0.8982609510421753 0.8197287321090698 -0.019480248913168907 -0.9540233612060547 0.2990986108779907 9.449297904968262 0.0 0.0 0.0 1.0
0.9533278942108154 -0.05704242363572121 -0.29649966955184937 -0.2119949907064438 0.30016764998435974 0.2851998507976532 0.9102529287338257 0.8579084277153015 0.03263862803578377 -0.9567691683769226 0.28901126980781555 9.263813972473145 0.0 0.0 0.0 1.0
0.9613856673240662 0.02210133895277977 -0.274315744638443 -0.2685090899467468 0.2555859088897705 0.2978998124599457 0.9197453856468201 0.8005637526512146 0.10204621404409409 -0.9543412327766418 0.28074783086776733 9.390097618103027 0.0 0.0 0.0 1.0
0.9678768515586853 0.061316244304180145 -0.24383334815502167 -0.3579459488391876 0.21487176418304443 0.3018564283847809 0.9288233518600464 0.6967059373855591 0.13055463135242462 -0.9513795375823975 0.2789847254753113 9.473814010620117 0.0 0.0 0.0 1.0
0.9721157550811768 0.08382833003997803 -0.21900638937950134 -0.4818630516529083 0.18491551280021667 0.3003135621547699 0.9357446432113647 0.5389782786369324 0.1442124992609024 -0.9501497745513916 0.2764383852481842 9.270156860351562 0.0 0.0 0.0 1.0
0.9773287177085876 0.05568800866603851 -0.20427294075489044 -0.44148796796798706 0.17912964522838593 0.2968740463256836 0.9379650354385376 0.5540772676467896 0.11287673562765121 -0.9532914757728577 0.2801681458950043 9.078417778015137 0.0 0.0 0.0 1.0
0.9798141121864319 0.03695569932460785 -0.19646529853343964 -0.3581230342388153 0.17703966796398163 0.29604968428611755 0.9386221766471863 0.6894057393074036 0.09285092353820801 -0.9544573426246643 0.2835310399532318 8.979475021362305 0.0 0.0 0.0 1.0
0.9808070659637451 0.05694347247481346 -0.1864805519580841 -0.2925869822502136 0.16151711344718933 0.29847362637519836 0.9406517744064331 0.7304960489273071 0.10922349989414215 -0.952717661857605 0.28354769945144653 8.933206558227539 0.0 0.0 0.0 1.0
0.9795188903808594 0.10157082974910736 -0.17385655641555786 -0.2696205675601959 0.136290043592453 0.30112966895103455 0.9437933564186096 0.7587370276451111 0.14821524918079376 -0.9481583833694458 0.28111910820007324 8.999791145324707 0.0 0.0 0.0 1.0
0.9719903469085693 0.17651133239269257 -0.15517261624336243 -0.30054357647895813 0.09694453328847885 0.3003382980823517 0.9488933682441711 0.8044081330299377 0.21409471333026886 -0.9373583197593689 0.2748141288757324 9.14002799987793 0.0 0.0 0.0 1.0
0.9601188898086548 0.2530412971973419 -0.11891921609640121 -0.32084137201309204 0.04331161826848984 0.2855887711048126 0.9573730826377869 0.8769093751907349 0.27621689438819885 -0.9243425726890564 0.2632395327091217 9.330902099609375 0.0 0.0 0.0 1.0
0.943118155002594 0.3193701505661011 -0.09236258268356323 -0.28947556018829346 0.0019244472496211529 0.2725684940814972 0.9621344804763794 0.9112682938575745 0.3324521481990814 -0.9075842499732971 0.25644969940185547 9.403685569763184 0.0 0.0 0.0 1.0
0.9337712526321411 0.35337716341018677 -0.056531794369220734 -0.32297080755233765 -0.0384538471698761 0.2561282813549042 0.9658776521682739 0.8019636273384094 0.35579851269721985 -0.8997349143028259 0.25275394320487976 9.466669082641602 0.0 0.0 0.0 1.0
0.9293698668479919 0.3674528896808624 -0.03535625711083412 -0.3308183550834656 -0.06029433757066727 0.24559013545513153 0.9674968123435974 0.6282897591590881 0.3641926348209381 -0.8970305919647217 0.2503993809223175 9.309654235839844 0.0 0.0 0.0 1.0
0.9361629486083984 0.35080817341804504 -0.023077156394720078 -0.31069424748420715 -0.06557735055685043 0.2387339323759079 0.9688682556152344 0.5446228384971619 0.3453961908817291 -0.9055052399635315 0.2464989423751831 9.2674560546875 0.0 0.0 0.0 1.0
0.9401336908340454 0.34053370356559753 -0.01361857634037733 -0.2744455933570862 -0.07182478904724121 0.23703718185424805 0.9688418507575989 0.631453275680542 0.3331514298915863 -0.9098626971244812 0.24730539321899414 9.207300186157227 0.0 0.0 0.0 1.0
0.9318937063217163 0.3627314269542694 -0.0003073994303122163 -0.22915512323379517 -0.0910978689789772 0.23485976457595825 0.9677510261535645 0.754314124584198 0.3511058986186981 -0.9018130898475647 0.25190839171409607 9.194145202636719 0.0 0.0 0.0 1.0
0.8998897075653076 0.4353387951850891 0.026050005108118057 -0.28266245126724243 -0.13336464762687683 0.2178245186805725 0.9668331742286682 0.8955323696136475 0.41522565484046936 -0.8735173940658569 0.25407683849334717 9.283148765563965 0.0 0.0 0.0 1.0
0.8673000335693359 0.4951643943786621 0.05101883038878441 -0.2960326671600342 -0.17079877853393555 0.19974873960018158 0.9648461937904358 1.0444254875183105 0.4675665497779846 -0.8455250859260559 0.25781556963920593 9.48480224609375 0.0 0.0 0.0 1.0
0.816083550453186 0.5723047852516174 0.08046656101942062 -0.2277648001909256 -0.2123100608587265 0.16738057136535645 0.9627606868743896 1.1328747272491455 0.5375240445137024 -0.8027770519256592 0.2581025958061218 9.676633834838867 0.0 0.0 0.0 1.0
0.7867057919502258 0.6080222725868225 0.1067846491932869 -0.2537808120250702 -0.24277228116989136 0.14567729830741882 0.9590827822685242 1.1232867240905762 0.5675875544548035 -0.7804402709007263 0.26221612095832825 9.785921096801758 0.0 0.0 0.0 1.0
0.7732610702514648 0.6206285357475281 0.12995225191116333 -0.28524479269981384 -0.26706212759017944 0.13288593292236328 0.9544732570648193 0.9577343463897705 0.5751044750213623 -0.7727622985839844 0.268501877784729 9.650442123413086 0.0 0.0 0.0 1.0
0.7715299129486084 0.6198285222053528 0.1433672457933426 -0.1419430673122406 -0.2809756100177765 0.12979982793331146 0.9508967995643616 0.7689871191978455 0.5707839131355286 -0.7739280462265015 0.274301141500473 9.385844230651855 0.0 0.0 0.0 1.0
0.7661295533180237 0.6250528693199158 0.14951413869857788 0.01431526243686676 -0.2873525321483612 0.1250562220811844 0.9496259689331055 0.7074623703956604 0.5748687386512756 -0.7704997658729553 0.27541977167129517 9.268486022949219 0.0 0.0 0.0 1.0
0.7611729502677917 0.6287868022918701 0.1588803380727768 0.1410294771194458 -0.2947079837322235 0.11712136119604111 0.9483827352523804 0.6967996954917908 0.5777222514152527 -0.7687065601348877 0.2744580805301666 9.319599151611328 0.0 0.0 0.0 1.0
0.7357950210571289 0.6538283228874207 0.17639216780662537 0.23200054466724396 -0.3112804591655731 0.09521368145942688 0.9455362558364868 0.6747192740440369 0.601423442363739 -0.7506282925605774 0.27358174324035645 9.519996643066406 0.0 0.0 0.0 1.0
0.6858348250389099 0.6971109509468079 0.2089662104845047 0.27561214566230774 -0.3403274118900299 0.05341077968478203 0.938788890838623 0.6700503826141357 0.643278956413269 -0.7149710655212402 0.27387693524360657 9.784248352050781 0.0 0.0 0.0 1.0
0.6205175518989563 0.7447344660758972 0.24561874568462372 0.15187236666679382 -0.3767257630825043 0.008394335396587849 0.9262868165969849 0.7640453577041626 0.6877759099006653 -0.6673080921173096 0.2857694923877716 9.97202205657959 0.0 0.0 0.0 1.0
0.570461094379425 0.774397075176239 0.27364814281463623 0.058961961418390274 -0.39849233627319336 -0.030372414737939835 0.9166686534881592 0.7270945906639099 0.7181769013404846 -0.6319704651832581 0.29126501083374023 10.167607307434082 0.0 0.0 0.0 1.0
0.550413191318512 0.7721577286720276 0.3175181746482849 -0.12714242935180664 -0.42269760370254517 -0.07023647427558899 0.9035450220108032 0.27674731612205505 0.7199805974960327 -0.6315372586250305 0.2877301275730133 10.381855964660645 0.0 0.0 0.0 1.0
0.535836398601532 0.7768009901046753 0.3308466672897339 -0.17709152400493622 -0.4385228753089905 -0.07880614697933197 0.8952582478523254 0.20413480699062347 0.7215102314949036 -0.6247957944869995 0.2984178066253662 10.108168601989746 0.0 0.0 0.0 1.0
0.5505032539367676 0.7620590925216675 0.34089887142181396 -0.10169977694749832 -0.45848986506462097 -0.06526841223239899 0.8862996697425842 0.323763906955719 0.6976626515388489 -0.6442095637321472 0.3134658932685852 9.879317283630371 0.0 0.0 0.0 1.0
0.5524535775184631 0.7607538104057312 0.34065914154052734 -0.05717984959483147 -0.46609562635421753 -0.0568818636238575 0.8829039335250854 0.4924014210700989 0.6910498738288879 -0.6465431451797485 0.32315945625305176 9.747212409973145 0.0 0.0 0.0 1.0
0.5370198488235474 0.7684049606323242 0.34808555245399475 0.05166928842663765 -0.4764705300331116 -0.0642135813832283 0.8768423199653625 0.5637216567993164 0.6961218118667603 -0.6367342472076416 0.3316383361816406 9.990588188171387 0.0 0.0 0.0 1.0
0.5065427422523499 0.78190016746521 0.3633821904659271 0.10492316633462906 -0.4869080185890198 -0.08840968459844589 0.8689673542976379 0.6088146567344666 0.7115722298622131 -0.6171028017997742 0.3359301686286926 10.188567161560059 0.0 0.0 0.0 1.0
0.45575496554374695 0.80360347032547 0.3827647268772125 0.19218923151493073 -0.4956754744052887 -0.1280420571565628 0.8590174913406372 0.6927487254142761 0.7393194437026978 -0.5812285542488098 0.33997073769569397 10.384182929992676 0.0 0.0 0.0 1.0
0.3814121186733246 0.8274780511856079 0.4120738208293915 0.18836376070976257 -0.5081857442855835 -0.18467487394809723 0.8412148356437683 0.8036265969276428 0.7721865177154541 -0.5302596092224121 0.3500753343105316 10.421631813049316 0.0 0.0 0.0 1.0
0.3504291772842407 0.8320018649101257 0.4300840198993683 0.12074822187423706 -0.5234464406967163 -0.20681145787239075 0.8265790343284607 0.82962566614151 0.7766615748405457 -0.5147833228111267 0.363035649061203 10.548574447631836 0.0 0.0 0.0 1.0
0.3311021327972412 0.8292077779769897 0.4503175616264343 0.03970523923635483 -0.5425386428833008 -0.22316673398017883 0.8098446726799011 0.6309319734573364 0.7720254063606262 -0.512455940246582 0.375986248254776 10.584410667419434 0.0 0.0 0.0 1.0
0.3347940742969513 0.8219164609909058 0.4608321189880371 0.07806379348039627 -0.5581558346748352 -0.22104816138744354 0.7997497916221619 0.556169331073761 0.7591935992240906 -0.5249676704406738 0.3847518861293793 10.386698722839355 0.0 0.0 0.0 1.0
0.33326444029808044 0.8201343417167664 0.46509620547294617 0.13000082969665527 -0.5688825845718384 -0.2184678316116333 0.7928709983825684 0.5411215424537659 0.751869261264801 -0.528820812702179 0.3937525749206543 10.186996459960938 0.0 0.0 0.0 1.0
0.31700560450553894 0.8260778784751892 0.4659428894519806 0.050015874207019806 -0.5740519762039185 -0.22394780814647675 0.787598729133606 0.5476588606834412 0.7549647688865662 -0.5171486735343933 0.40321892499923706 10.046564102172852 0.0 0.0 0.0 1.0
0.29556435346603394 0.8315860629081726 0.4702194631099701 -0.005484781693667173 -0.5814186930656433 -0.2339695692062378 0.7792371511459351 0.5819913744926453 0.7580198049545288 -0.5037091374397278 0.4143466055393219 10.273177146911621 0.0 0.0 0.0 1.0
0.27024081349372864 0.8312538266181946 0.4857848882675171 -0.0031174281612038612 -0.5919271111488342 -0.2544899582862854 0.7647595405578613 0.6458847522735596 0.7593367099761963 -0.49421846866607666 0.4232681095600128 10.428634643554688 0.0 0.0 0.0 1.0
0.21090009808540344 0.8385345935821533 0.5023752450942993 0.039460424333810806 -0.5880098342895508 -0.30172479152679443 0.7504709362983704 0.7442507147789001 0.7808749079704285 -0.4536759555339813 0.42943277955055237 10.554832458496094 0.0 0.0 0.0 1.0
0.1569092869758606 0.833942174911499 0.5290745496749878 0.10461319237947464 -0.5934013724327087 -0.34862032532691956 0.725492000579834 0.8890255093574524 0.78946453332901 -0.4277900159358978 0.44016069173812866 10.754145622253418 0.0 0.0 0.0 1.0
0.0960334986448288 0.8301275968551636 0.5492410659790039 0.12199442088603973 -0.5856646299362183 -0.39904454350471497 0.7055213451385498 0.8429613709449768 0.8048443794250488 -0.38942474126815796 0.4478547275066376 10.87423038482666 0.0 0.0 0.0 1.0
0.061679914593696594 0.8140689730644226 0.577483594417572 0.08219803869724274 -0.5958447456359863 -0.43414029479026794 0.6756413578987122 0.5318567752838135 0.8007275462150574 -0.38576406240463257 0.458281010389328 11.305294036865234 0.0 0.0 0.0 1.0
0.0321602001786232 0.8118945360183716 0.5829176306724548 0.00933969859033823 -0.5984104871749878 -0.4514932334423065 0.6618600487709045 0.29783955216407776 0.8005439639091492 -0.37010955810546875 0.47132608294487 10.859678268432617 0.0 0.0 0.0 1.0
0.02274705097079277 0.8104768991470337 0.5853287577629089 -0.0022796588018536568 -0.6131898164749146 -0.4511089324951172 0.6484588980674744 0.2290096879005432 0.7896080017089844 -0.3736681640148163 0.48671481013298035 10.289376258850098 0.0 0.0 0.0 1.0
0.010520901530981064 0.8157241940498352 0.5783453583717346 -0.009229877032339573 -0.6250811219215393 -0.4460769593715668 0.6405380368232727 0.41268154978752136 0.780488908290863 -0.368251770734787 0.5052006244659424 9.880541801452637 0.0 0.0 0.0 1.0
-0.014043314382433891 0.8163517117500305 0.577384352684021 -0.018878335133194923 -0.6274141669273376 -0.45681074261665344 0.6306150555610657 0.47452831268310547 0.7785590887069702 -0.3534032106399536 0.5186057686805725 10.062405586242676 0.0 0.0 0.0 1.0
-0.0823899582028389 0.8095723986625671 0.5812094807624817 -0.0009149084216915071 -0.6061934232711792 -0.5036109685897827 0.6155530214309692 0.4909183084964752 0.7910381555557251 -0.30160999298095703 0.532249927520752 10.400176048278809 0.0 0.0 0.0 1.0
-0.1531822234392166 0.7952367067337036 0.5866291522979736 0.02856515906751156 -0.5840492248535156 -0.5517141819000244 0.5953972935676575 0.5611167550086975 0.7971334457397461 -0.25141599774360657 0.5489702224731445 10.65461540222168 0.0 0.0 0.0 1.0
-0.23979268968105316 0.7682033777236938 0.5936017036437988 -0.002205361844971776 -0.560278594493866 -0.6088458299636841 0.5616000294685364 0.6926398873329163 0.792834997177124 -0.19791476428508759 0.5764047503471375 10.602684020996094 0.0 0.0 0.0 1.0
-0.2968488335609436 0.7474369406700134 0.594322144985199 -0.20434187352657318 -0.562064528465271 -0.639905571937561 0.5240270495414734 0.6855491995811462 0.7719871997833252 -0.17849059402942657 0.6100630164146423 10.652533531188965 0.0 0.0 0.0 1.0
-0.33337876200675964 0.7344959378242493 0.5910789370536804 -0.3650265336036682 -0.55892413854599 -0.6588658094406128 0.5034874677658081 0.5868746638298035 0.7592512369155884 -0.162516251206398 0.6301794052124023 10.565375328063965 0.0 0.0 0.0 1.0
-0.3386985659599304 0.7342928051948547 0.5883004069328308 -0.3367695212364197 -0.5753294825553894 -0.6563729047775269 0.4880272448062897 0.5118976831436157 0.7444993853569031 -0.17317244410514832 0.6447728276252747 10.709113121032715 0.0 0.0 0.0 1.0
-0.3496086299419403 0.7317253947257996 0.5851083397865295 -0.24118342995643616 -0.5774427652359009 -0.6600868105888367 0.4804636240005493 0.44457730650901794 0.7377896904945374 -0.169892355799675 0.6533015370368958 10.469040870666504 0.0 0.0 0.0 1.0
-0.35020020604133606 0.7322506904602051 0.5840965509414673 0.03894217312335968 -0.5868328213691711 -0.657551646232605 0.4724966585636139 0.5451311469078064 0.7300596237182617 -0.17729859054088593 0.6599834561347961 10.287628173828125 0.0 0.0 0.0 1.0
-0.37909045815467834 0.7199194431304932 0.581383228302002 0.16994601488113403 -0.5774996876716614 -0.6749701499938965 0.45924872159957886 0.6394038796424866 0.723038375377655 -0.1616518348455429 0.6716279983520508 10.246365547180176 0.0 0.0 0.0 1.0
-0.446214884519577 0.682280421257019 0.579124927520752 0.1955837607383728 -0.5335140824317932 -0.7223585247993469 0.4399555027484894 0.6643144488334656 0.7185088992118835 -0.1126566156744957 0.6863333582878113 10.220911979675293 0.0 0.0 0.0 1.0
-0.519303023815155 0.6349951028823853 0.5719314813613892 0.29502275586128235 -0.4871431291103363 -0.769822359085083 0.41238945722579956 0.7518866658210754 0.7021509408950806 -0.06445740163326263 0.709104597568512 10.304370880126953 0.0 0.0 0.0 1.0
-0.5773347020149231 0.5889778733253479 0.5654995441436768 0.3210138976573944 -0.448249876499176 -0.8075101375579834 0.38340505957603455 0.7846260666847229 0.6824637055397034 -0.03213205561041832 0.7302128672599792 10.469114303588867 0.0 0.0 0.0 1.0
-0.6245079636573792 0.5585104823112488 0.5459449291229248 0.11420988291501999 -0.43518149852752686 -0.8292877674102783 0.35056939721107483 0.6427833437919617 0.6485421061515808 -0.018651755526661873 0.7609502077102661 10.487956047058105 0.0 0.0 0.0 1.0
-0.6535521149635315 0.5410032868385315 0.5293250679969788 0.07772215455770493 -0.4235668480396271 -0.8410098552703857 0.33659109473228455 0.5672765374183655 0.6272644996643066 -0.0042247227393090725 0.7787948846817017 9.922385215759277 0.0 0.0 0.0 1.0
-0.6702411770820618 0.537213921546936 0.512033224105835 0.14835786819458008 -0.4274657964706421 -0.8434456586837769 0.32538041472435 0.5265881419181824 0.6066710352897644 -0.0007933398592285812 0.7949525713920593 9.714300155639648 0.0 0.0 0.0 1.0
