-0.9999861717224121 0.004548301454633474 -0.002631553914397955 0.703600287437439 -0.0045511056669056416 -0.9999890923500061 0.0010606034193187952 0.32951241731643677 -0.002626701258122921 0.0010725652100518346 0.9999959468841553 13.29286003112793 0.0 0.0 0.0 1.0
-0.9999867677688599 0.004534484818577766 -0.0024313058238476515 0.7037429213523865 -0.00453653559088707 -0.9999893307685852 0.0008388037094846368 0.32871076464653015 -0.0024274764582514763 0.0008498223614878953 0.9999967217445374 13.286754608154297 0.0 0.0 0.0 1.0
-0.9999893307685852 0.0039429753087460995 -0.0024161865003407 0.7037410140037537 -0.003944640979170799 -0.9999920129776001 0.0006849473575130105 0.32708150148391724 -0.002413466339930892 0.0006944710621610284 0.9999968409538269 13.28679370880127 0.0 0.0 0.0 1.0
-0.9999958872795105 0.0024585037026554346 -0.0014895746717229486 0.7054288387298584 -0.0024590964894741774 -0.9999969005584717 0.00039635287248529494 0.3256227374076843 -0.001488595618866384 0.00040001425077207386 0.9999988079071045 13.295440673828125 0.0 0.0 0.0 1.0
-0.9999999403953552 0.00022599373187404126 -0.00018688688578549773 0.6986945867538452 -0.00022603011166211218 -0.9999999403953552 0.00019461305055301636 0.3276353180408478 -0.00018684289534576237 0.0001946552947629243 0.9999999403953552 13.299578666687012 0.0 0.0 0.0 1.0
-0.9999994039535522 -0.0009213868179358542 0.000561727792955935 0.6845032572746277 0.000920891878195107 -0.9999991655349731 -0.000880734936799854 0.3302948772907257 0.0005625388585031033 -0.0008802171796560287 0.999999463558197 13.291963577270508 0.0 0.0 0.0 1.0
-0.9999990463256836 -0.001353615545667708 0.0002114706439897418 0.6596726775169373 0.001353390165604651 -0.9999985098838806 -0.0010625227587297559 0.32936158776283264 0.00021290857694111764 -0.0010622355621308088 0.9999994039535522 13.29164981842041 0.0 0.0 0.0 1.0
-0.9999985694885254 -0.0014269609237089753 -0.0008752410649321973 0.6382258534431458 0.0014290158869698644 -0.9999961853027344 -0.002351666335016489 0.31376734375953674 -0.000871882017236203 -0.0023529138416051865 0.9999968409538269 13.289949417114258 0.0 0.0 0.0 1.0
-0.9999871850013733 -0.003849103581160307 -0.003281154204159975 0.6387446522712708 0.0038618079852312803 -0.9999850392341614 -0.003874431364238262 0.2905757427215576 -0.00326619204133749 -0.003887052880600095 0.9999871253967285 13.244161605834961 0.0 0.0 0.0 1.0
-0.9997617602348328 -0.01729900948703289 -0.01330963708460331 0.6819925308227539 0.017399925738573074 -0.9998204708099365 -0.007504189386963844 0.23073622584342957 -0.013177432119846344 -0.007733988109976053 0.999883234500885 13.248625755310059 0.0 0.0 0.0 1.0
-0.9987363219261169 -0.041481681168079376 -0.028373958542943 0.7296836972236633 0.041753433644771576 -0.9990869164466858 -0.009052908979356289 0.21351124346256256 -0.027972521260380745 -0.010226178914308548 0.9995563626289368 13.151084899902344 0.0 0.0 0.0 1.0
-0.9957780838012695 -0.07721880078315735 -0.0496307909488678 0.8613339066505432 0.07779408246278763 -0.9969216585159302 -0.009763156995177269 0.24632905423641205 -0.048724111169576645 -0.013582919724285603 0.9987199306488037 13.126175880432129 0.0 0.0 0.0 1.0
-0.9901310205459595 -0.1186949834227562 -0.0745120421051979 1.0530825853347778 0.11966335773468018 -0.9927768111228943 -0.008653348311781883 0.3152596950531006 -0.07294671982526779 -0.017484309151768684 0.9971825480461121 13.177621841430664 0.0 0.0 0.0 1.0
-0.9806408882141113 -0.1653672456741333 -0.10486732423305511 1.220511794090271 0.166843980550766 -0.9859684705734253 -0.005408019758760929 0.4206893742084503 -0.10250157117843628 -0.02279980666935444 0.9944714903831482 13.013052940368652 0.0 0.0 0.0 1.0
-0.9722065925598145 -0.19479681551456451 -0.12987904250621796 1.212323546409607 0.19662460684776306 -0.9804779887199402 -0.0012760284589603543 0.39646652340888977 -0.12709496915340424 -0.026777977123856544 0.9915290474891663 12.833720207214355 0.0 0.0 0.0 1.0
-0.9629469513893127 -0.21854807436466217 -0.15801864862442017 1.1150798797607422 0.22129863500595093 -0.9752060770988464 0.0001933635794557631 0.22702138125896454 -0.15414300560951233 -0.03478311374783516 0.9874361157417297 12.63134765625 0.0 0.0 0.0 1.0
-0.952998161315918 -0.2412450909614563 -0.18329010903835297 1.094480037689209 0.24478773772716522 -0.9695707559585571 0.0033931289799511433 -0.01761116087436676 -0.17853130400180817 -0.041633524000644684 0.9830530285835266 12.4551420211792 0.0 0.0 0.0 1.0
-0.9411458969116211 -0.26848557591438293 -0.20532874763011932 1.1462758779525757 0.27194586396217346 -0.9622411131858826 0.011723330244421959 -0.2088453471660614 -0.2007233202457428 -0.04480494186282158 0.9786228537559509 12.312076568603516 0.0 0.0 0.0 1.0
-0.9190887808799744 -0.3163387179374695 -0.23495885729789734 1.1561051607131958 0.3192223310470581 -0.9473034739494324 0.026707183569669724 -0.25305986404418945 -0.2310258448123932 -0.05045784264802933 0.9716383218765259 12.327866554260254 0.0 0.0 0.0 1.0
-0.8904463648796082 -0.371540367603302 -0.26279839873313904 1.1661365032196045 0.3728962540626526 -0.926699161529541 0.04665933921933174 -0.11731535196304321 -0.26087087392807007 -0.05644890293478966 0.9637219309806824 12.313833236694336 0.0 0.0 0.0 1.0
-0.8568444848060608 -0.42779332399368286 -0.2877678871154785 1.2305105924606323 0.42649656534194946 -0.9017305374145508 0.07058838754892349 0.12580560147762299 -0.2896863520145416 -0.062248747795820236 0.9550952315330505 12.298258781433105 0.0 0.0 0.0 1.0
-0.8262744545936584 -0.4719199538230896 -0.3075094521045685 1.2221384048461914 0.4686744213104248 -0.878836989402771 0.08938587456941605 0.3762875497341156 -0.312433660030365 -0.0702645480632782 0.9473373889923096 12.482748985290527 0.0 0.0 0.0 1.0
-0.8011683225631714 -0.5029745101928711 -0.32426226139068604 1.1549808979034424 0.4957229197025299 -0.8613280653953552 0.1112327128648758 0.6059156656265259 -0.33524343371391296 -0.07162811607122421 0.9394047260284424 12.442925453186035 0.0 0.0 0.0 1.0
-0.7925532460212708 -0.5113178491592407 -0.332285076379776 1.1110026836395264 0.5011197328567505 -0.8566077351570129 0.12289085984230042 0.6308839917182922 -0.34747427701950073 -0.06911706179380417 0.9351387619972229 12.393013000488281 0.0 0.0 0.0 1.0
-0.7904327511787415 -0.5108442902565002 -0.33801499009132385 1.115817904472351 0.49873825907707214 -0.8570915460586548 0.12905120849609375 0.5379759073257446 -0.355634868144989 -0.06657470017671585 0.9322508573532104 12.320653915405273 0.0 0.0 0.0 1.0
-0.7899338603019714 -0.508115828037262 -0.3432532250881195 1.128993272781372 0.49557971954345703 -0.8586844205856323 0.13062065839767456 0.42426252365112305 -0.3611166179180145 -0.06692766398191452 0.930115818977356 12.226069450378418 0.0 0.0 0.0 1.0
-0.7843604683876038 -0.512151837348938 -0.3499702215194702 1.1070865392684937 0.4994633197784424 -0.8560180068016052 0.13330252468585968 0.31935399770736694 -0.36785194277763367 -0.07024005800485611 0.9272277355194092 12.198958396911621 0.0 0.0 0.0 1.0
-0.7647659182548523 -0.5324012637138367 -0.36288005113601685 1.1065759658813477 0.5200609564781189 -0.8425548076629639 0.1401354968547821 0.21748018264770508 -0.380354642868042 -0.08154888451099396 0.921238362789154 12.121933937072754 0.0 0.0 0.0 1.0
-0.7356919646263123 -0.5615604519844055 -0.3786914348602295 1.153448462486267 0.5497136116027832 -0.8216793537139893 0.1505255550146103 0.21861134469509125 -0.3956921398639679 -0.09743140637874603 0.913200318813324 12.060013771057129 0.0 0.0 0.0 1.0
-0.6980763673782349 -0.5975435376167297 -0.39450109004974365 1.2736420631408691 0.5856111645698547 -0.7934890389442444 0.1656343787908554 0.28245630860328674 -0.41200605034828186 -0.11539879441261292 0.9038440585136414 12.079680442810059 0.0 0.0 0.0 1.0
-0.6578611731529236 -0.6318728923797607 -0.4098234474658966 1.336543321609497 0.6194424033164978 -0.76346755027771 0.18277955055236816 0.3685288429260254 -0.4283803701400757 -0.13361845910549164 0.8936645984649658 12.109331130981445 0.0 0.0 0.0 1.0
-0.6219576001167297 -0.6590383052825928 -0.4228915870189667 1.3408527374267578 0.6456076502799988 -0.7371940016746521 0.19933825731277466 0.49036359786987305 -0.4431246817111969 -0.14904209971427917 0.8839835524559021 12.10879898071289 0.0 0.0 0.0 1.0
-0.5934194922447205 -0.6760931015014648 -0.43675094842910767 1.2639540433883667 0.6615936160087585 -0.7187590599060059 0.21372708678245544 0.5572936534881592 -0.4584181308746338 -0.16212181746959686 0.8738245368003845 12.124751091003418 0.0 0.0 0.0 1.0
-0.5805168151855469 -0.6810706257820129 -0.4462544620037079 1.1174488067626953 0.6649870276451111 -0.7128299474716187 0.22285810112953186 0.4900374412536621 -0.4698856472969055 -0.16738055646419525 0.8667128682136536 12.097073554992676 0.0 0.0 0.0 1.0
-0.5708052515983582 -0.6813002228736877 -0.4582699239253998 0.9727479815483093 0.665137529373169 -0.7109205722808838 0.22843821346759796 0.37017685174942017 -0.4814285337924957 -0.17441879212856293 0.8589555621147156 12.15827465057373 0.0 0.0 0.0 1.0
-0.5571385025978088 -0.6844303011894226 -0.4702678620815277 0.8646106123924255 0.6687958836555481 -0.7055075168609619 0.23445948958396912 0.3036660850048065 -0.49224868416786194 -0.1838867962360382 0.8508095741271973 12.210691452026367 0.0 0.0 0.0 1.0
-0.5254372358322144 -0.6970940232276917 -0.48782747983932495 0.7411821484565735 0.6834264993667603 -0.6873103380203247 0.24603405594825745 0.27644023299217224 -0.506797730922699 -0.2041187733411789 0.837550938129425 12.190971374511719 0.0 0.0 0.0 1.0
-0.4836694300174713 -0.715611457824707 -0.5039485096931458 0.7049649953842163 0.7036595940589905 -0.6603348851203918 0.2623375356197357 0.29177942872047424 -0.5205065608024597 -0.22772355377674103 0.8229306936264038 12.200241088867188 0.0 0.0 0.0 1.0
-0.43418794870376587 -0.7355286478996277 -0.5200754404067993 0.6996627449989319 0.7263452410697937 -0.6273390054702759 0.2808351516723633 0.29845067858695984 -0.5328258872032166 -0.25581905245780945 0.8066307306289673 12.262480735778809 0.0 0.0 0.0 1.0
-0.3831176161766052 -0.7519614100456238 -0.5364465713500977 0.6740139722824097 0.7459992170333862 -0.5943607687950134 0.300367146730423 0.35335052013397217 -0.5447072982788086 -0.28511279821395874 0.788672685623169 12.377041816711426 0.0 0.0 0.0 1.0
-0.33944547176361084 -0.7636938691139221 -0.5491343140602112 0.66476970911026 0.7603763341903687 -0.5664482116699219 0.3177487552165985 0.44040054082870483 -0.5537189245223999 -0.30969032645225525 0.7729730010032654 12.451705932617188 0.0 0.0 0.0 1.0
-0.30212047696113586 -0.7716485261917114 -0.5597158074378967 0.621886670589447 0.7694664597511292 -0.5439995527267456 0.33464282751083374 0.49233195185661316 -0.562711775302887 -0.3295800983905792 0.7581110596656799 12.53246021270752 0.0 0.0 0.0 1.0
-0.28321972489356995 -0.7731481790542603 -0.5674754977226257 0.5223428010940552 0.7719870805740356 -0.5348706841468811 0.34343746304512024 0.4670451879501343 -0.5690540671348572 -0.3408154845237732 0.7483463883399963 12.587894439697266 0.0 0.0 0.0 1.0
-0.2697102427482605 -0.773426353931427 -0.5736445784568787 0.38283786177635193 0.7725813388824463 -0.5293917655944824 0.3505173921585083 0.41653504967689514 -0.5747820734977722 -0.34864896535873413 0.7403171062469482 12.631834030151367 0.0 0.0 0.0 1.0
-0.25296923518180847 -0.775132417678833 -0.5789440870285034 0.2905399203300476 0.7746285200119019 -0.5207862257957458 0.3587930202484131 0.3817291557788849 -0.5796182155609131 -0.35770300030708313 0.7321825623512268 12.58721923828125 0.0 0.0 0.0 1.0
-0.22724375128746033 -0.778609573841095 -0.5849165916442871 0.21413305401802063 0.7796234488487244 -0.5053760409355164 0.36984091997146606 0.34182414412498474 -0.5835645198822021 -0.37197065353393555 0.7218658328056335 12.590214729309082 0.0 0.0 0.0 1.0
-0.1817043423652649 -0.7858332395553589 -0.5911426544189453 0.16749221086502075 0.7880613803863525 -0.47593212127685547 0.39044567942619324 0.3419043719768524 -0.5881689786911011 -0.3949110507965088 0.7057637572288513 12.533055305480957 0.0 0.0 0.0 1.0
-0.13685138523578644 -0.7908338308334351 -0.5965346097946167 0.1880781501531601 0.7953951358795166 -0.44666561484336853 0.4096784293651581 0.3495621979236603 -0.5904390811920166 -0.4184156656265259 0.6901521682739258 12.552144050598145 0.0 0.0 0.0 1.0
-0.09155275672674179 -0.7939996123313904 -0.6009848117828369 0.19936856627464294 0.7998449802398682 -0.41814181208610535 0.4305872619152069 0.36919456720352173 -0.5931829810142517 -0.4412732422351837 0.6733586192131042 12.602631568908691 0.0 0.0 0.0 1.0
-0.053385693579912186 -0.7948668003082275 -0.6044309139251709 0.21085518598556519 0.8004414439201355 -0.3959575593471527 0.4500123858451843 0.4028433561325073 -0.597028911113739 -0.4597873091697693 0.6573827862739563 12.597491264343262 0.0 0.0 0.0 1.0
-0.022294387221336365 -0.7948638796806335 -0.6063780784606934 0.17638595402240753 0.7978350520133972 -0.37964776158332825 0.4683234393596649 0.4108825623989105 -0.6024634838104248 -0.4733486473560333 0.6426342725753784 12.62623405456543 0.0 0.0 0.0 1.0
-0.0047562001273036 -0.7941741347312927 -0.6076716184616089 0.06459970027208328 0.794237494468689 -0.3722229599952698 0.4802466928958893 0.3706422746181488 -0.6075888276100159 -0.48035141825675964 0.6325332522392273 12.577470779418945 0.0 0.0 0.0 1.0
0.012261293828487396 -0.7924225330352783 -0.6098493337631226 -0.053105734288692474 0.7912768721580505 -0.3651890158653259 0.4904261827468872 0.31975317001342773 -0.611335039138794 -0.4885729253292084 0.6225479245185852 12.585941314697266 0.0 0.0 0.0 1.0
0.03940412029623985 -0.7917718887329102 -0.609544575214386 -0.1696023792028427 0.7889519333839417 -0.3496951162815094 0.5052407383918762 0.28975677490234375 -0.6131901741027832 -0.500809907913208 0.6108905076980591 12.604702949523926 0.0 0.0 0.0 1.0
0.07948635518550873 -0.7890650629997253 -0.6091455221176147 -0.25914162397384644 0.7877271175384521 -0.32475724816322327 0.5234679579734802 0.27727261185646057 -0.6108747124671936 -0.5214490294456482 0.5957542061805725 12.578838348388672 0.0 0.0 0.0 1.0
0.14398439228534698 -0.783674955368042 -0.604253351688385 -0.2929076552391052 0.7855896949768066 -0.2807943522930145 0.5513650178909302 0.33421432971954346 -0.6017618775367737 -0.5540831685066223 0.5752169489860535 12.607748031616211 0.0 0.0 0.0 1.0
0.2004946619272232 -0.7772798538208008 -0.5963538885116577 -0.3113726079463959 0.7813439965248108 -0.24035322666168213 0.575961709022522 0.41220971941947937 -0.5910190343856812 -0.5814347863197327 0.5591333508491516 12.691929817199707 0.0 0.0 0.0 1.0
0.24885018169879913 -0.7681881189346313 -0.5898818373680115 -0.37413734197616577 0.7744050025939941 -0.20797283947467804 0.5975317358970642 0.5214061141014099 -0.5816961526870728 -0.6055033206939697 0.5431346893310547 12.791963577270508 0.0 0.0 0.0 1.0
0.28403908014297485 -0.7621492743492126 -0.581764817237854 -0.45394814014434814 0.7663536667823792 -0.1841806322336197 0.6154506802558899 0.6057662963867188 -0.5762150883674622 -0.6206496953964233 0.5317614078521729 12.72710132598877 0.0 0.0 0.0 1.0
0.3069152235984802 -0.7555213570594788 -0.5787836313247681 -0.579326868057251 0.7593141794204712 -0.17226126790046692 0.627509355545044 0.599152684211731 -0.5737987756729126 -0.632070779800415 0.5208085179328918 12.722784042358398 0.0 0.0 0.0 1.0
0.33255818486213684 -0.7453266978263855 -0.5778349041938782 -0.763087809085846 0.749967098236084 -0.16248543560504913 0.6412081122398376 0.5466650128364563 -0.5717992782592773 -0.6465961337089539 0.5049346089363098 12.845088958740234 0.0 0.0 0.0 1.0
0.3630490005016327 -0.7331016063690186 -0.5751152038574219 -0.9128305912017822 0.7411850690841675 -0.14682920277118683 0.6550464630126953 0.4954569637775421 -0.5646593570709229 -0.6640807390213013 0.49005773663520813 12.828627586364746 0.0 0.0 0.0 1.0
0.4076261520385742 -0.7134080529212952 -0.5699911117553711 -1.0590131282806396 0.7299075722694397 -0.12052233517169952 0.6728367805480957 0.40350714325904846 -0.5487038493156433 -0.6903066635131836 0.47159385681152344 12.815729141235352 0.0 0.0 0.0 1.0
0.46155470609664917 -0.6878529191017151 -0.5602014064788818 -1.0991417169570923 0.7152746915817261 -0.08497431129217148 0.6936580538749695 0.38129013776779175 -0.5247374176979065 -0.7208590507507324 0.4527834951877594 12.787188529968262 0.0 0.0 0.0 1.0
0.5213171243667603 -0.6568054556846619 -0.5448256731033325 -1.0491936206817627 0.6952044367790222 -0.04337885230779648 0.7175019383430481 0.46213865280151367 -0.4948931336402893 -0.7528113126754761 0.4339999556541443 12.880380630493164 0.0 0.0 0.0 1.0
0.5601481199264526 -0.6356519460678101 -0.5312067866325378 -1.0548501014709473 0.6768524050712585 -0.01851637102663517 0.7358858585357666 0.5923738479614258 -0.47760331630706787 -0.7717536687850952 0.41987064480781555 13.035713195800781 0.0 0.0 0.0 1.0
0.5834360122680664 -0.6264934539794922 -0.516825258731842 -1.1280970573425293 0.6621831059455872 -0.0014950959011912346 0.7493405938148499 0.659157395362854 -0.4702296853065491 -0.7794252038002014 0.4139811098575592 13.00709342956543 0.0 0.0 0.0 1.0
0.5955254435539246 -0.621833860874176 -0.5085981488227844 -1.2405951023101807 0.6511586308479309 0.0028753108344972134 0.7589361667633057 0.6458341479301453 -0.4704698622226715 -0.7831438779830933 0.40662482380867004 12.946487426757812 0.0 0.0 0.0 1.0
0.6068810820579529 -0.6168835163116455 -0.5011488199234009 -1.2867860794067383 0.6402119398117065 0.005773715674877167 0.7681766152381897 0.6045957207679749 -0.47098198533058167 -0.7870333194732666 0.3984401524066925 12.891300201416016 0.0 0.0 0.0 1.0
0.6306592226028442 -0.5996545553207397 -0.4926290512084961 -1.2656726837158203 0.6240143775939941 0.014440848492085934 0.7812793850898743 0.50592041015625 -0.46138375997543335 -0.800128698348999 0.3833003044128418 12.912337303161621 0.0 0.0 0.0 1.0
0.6612625122070312 -0.5735052824020386 -0.48355308175086975 -1.1131612062454224 0.607428789138794 0.031111357733607292 0.7937646508216858 0.4466034770011902 -0.44018426537513733 -0.8186108469963074 0.3689363896846771 12.847234725952148 0.0 0.0 0.0 1.0
0.6960117220878601 -0.5419514775276184 -0.4710162580013275 -0.8345142006874084 0.5879361629486084 0.053581807762384415 0.807130753993988 0.4733586013317108 -0.4121878147125244 -0.8386999368667603 0.35592642426490784 12.942485809326172 0.0 0.0 0.0 1.0
0.7273444533348083 -0.5131548047065735 -0.45567768812179565 -0.6727497577667236 0.5678665637969971 0.07718867808580399 0.8194934129714966 0.5622689127922058 -0.38535383343696594 -0.8548181653022766 0.34754621982574463 12.95507526397705 0.0 0.0 0.0 1.0
0.7497103810310364 -0.49418705701828003 -0.44012895226478577 -0.6706178188323975 0.5491083860397339 0.09335765242576599 0.830520510673523 0.6184930205345154 -0.3693430721759796 -0.8643283843994141 0.3413534462451935 12.93704891204834 0.0 0.0 0.0 1.0
0.7658807635307312 -0.4843035042285919 -0.4229382276535034 -0.8051416277885437 0.5289900302886963 0.10068276524543762 0.8426343202590942 0.571950376033783 -0.36550813913345337 -0.8690875172615051 0.33330270648002625 12.840835571289062 0.0 0.0 0.0 1.0
0.7746809124946594 -0.48002496361732483 -0.41163766384124756 -0.9228509664535522 0.5149376392364502 0.10104745626449585 0.8512511849403381 0.482764333486557 -0.3670268952846527 -0.8714157938957214 0.3254624605178833 12.81273365020752 0.0 0.0 0.0 1.0
0.7866218686103821 -0.47107911109924316 -0.39913713932037354 -1.026126503944397 0.49822142720222473 0.10245566070079803 0.8609751462936401 0.38003602623939514 -0.3646935522556305 -0.8761205673217773 0.31529557704925537 12.780562400817871 0.0 0.0 0.0 1.0
0.805420994758606 -0.44966933131217957 -0.3861275315284729 -1.079667091369629 0.4783143401145935 0.10840152949094772 0.8714725971221924 0.27236464619636536 -0.3500176966190338 -0.8865926861763 0.3023921549320221 12.719351768493652 0.0 0.0 0.0 1.0
0.8379561305046082 -0.4076235294342041 -0.3628671169281006 -0.9914224743843079 0.4453307092189789 0.1263967603445053 0.8863996863365173 0.19191338121891022 -0.31545212864875793 -0.9043599367141724 0.2874422073364258 12.638049125671387 0.0 0.0 0.0 1.0
0.8662794232368469 -0.3662259876728058 -0.339762419462204 -0.7797118425369263 0.4139792025089264 0.14559997618198395 0.8985665440559387 0.20355360209941864 -0.2796090245246887 -0.9190642833709717 0.2777402102947235 12.670940399169922 0.0 0.0 0.0 1.0
0.8910753726959229 -0.3261415362358093 -0.3156206011772156 -0.5943011045455933 0.38211408257484436 0.163870707154274 0.909469723701477 0.31242626905441284 -0.24489489197731018 -0.9310091733932495 0.2706444263458252 12.798436164855957 0.0 0.0 0.0 1.0
0.9085348844528198 -0.29685598611831665 -0.2940082550048828 -0.5637503266334534 0.3555709719657898 0.1798497885465622 0.9171822667121887 0.45417532324790955 -0.21939371526241302 -0.9378328919410706 0.2689531743526459 12.880427360534668 0.0 0.0 0.0 1.0
0.9197211265563965 -0.27982214093208313 -0.27534082531929016 -0.6733788251876831 0.3339419960975647 0.188925638794899 0.9234662055969238 0.5301125049591064 -0.20638737082481384 -0.9412792921066284 0.26720327138900757 12.856011390686035 0.0 0.0 0.0 1.0
0.9266873002052307 -0.27267706394195557 -0.25864630937576294 -0.8049195408821106 0.31633439660072327 0.19429707527160645 0.928537130355835 0.5278367400169373 -0.2029365450143814 -0.9422822594642639 0.2663097679615021 12.78978443145752 0.0 0.0 0.0 1.0
0.9313831925392151 -0.2675168812274933 -0.24690093100070953 -0.824597954750061 0.30371925234794617 0.19711102545261383 0.9321490526199341 0.4950808584690094 -0.20069871842861176 -0.9431765079498291 0.264835923910141 12.686519622802734 0.0 0.0 0.0 1.0
0.9392262101173401 -0.2515709102153778 -0.23359419405460358 -0.7783466577529907 0.28658416867256165 0.1999395191669464 0.9369598031044006 0.3910042643547058 -0.18900711834430695 -0.9469615817070007 0.25988468527793884 12.663748741149902 0.0 0.0 0.0 1.0
0.9507473111152649 -0.2219923734664917 -0.21633072197437286 -0.6189985871315002 0.26260828971862793 0.20610402524471283 0.9426335692405701 0.33811601996421814 -0.16467082500457764 -0.9530165195465088 0.2542498707771301 12.582740783691406 0.0 0.0 0.0 1.0
0.9657520055770874 -0.17263410985469818 -0.19370216131210327 -0.22321753203868866 0.22914403676986694 0.21724525094032288 0.9488400816917419 0.3967648148536682 -0.1217212900519371 -0.9607298970222473 0.24936312437057495 12.571185111999512 0.0 0.0 0.0 1.0
0.9765652418136597 -0.13026663661003113 -0.17132122814655304 0.06952439993619919 0.19778291881084442 0.22930195927619934 0.9530490636825562 0.5308622717857361 -0.08486620336771011 -0.9645990133285522 0.24969282746315002 12.603327751159668 0.0 0.0 0.0 1.0
0.9839358925819397 -0.09729082137346268 -0.14968174695968628 0.18356376886367798 0.16907653212547302 0.23873844742774963 0.9562515616416931 0.6890106797218323 -0.05729971081018448 -0.9661979079246521 0.2513529360294342 12.605130195617676 0.0 0.0 0.0 1.0
0.9885147213935852 -0.08158299326896667 -0.12721185386180878 0.12182042002677917 0.14352862536907196 0.24330252408981323 0.9592723250389099 0.7316223382949829 -0.04730933904647827 -0.9665133953094482 0.2522176206111908 12.65014934539795 0.0 0.0 0.0 1.0
0.9913008809089661 -0.07764583826065063 -0.10627160221338272 0.02387029118835926 0.12223171442747116 0.2437072992324829 0.962115466594696 0.6978001594543457 -0.04880509525537491 -0.9667356610298157 0.2510780394077301 12.590811729431152 0.0 0.0 0.0 1.0
0.9944847226142883 -0.06693710386753082 -0.08074405044317245 -0.029555289074778557 0.09458485245704651 0.2397247552871704 0.9662224054336548 0.6028454303741455 -0.045319776982069016 -0.9685305953025818 0.24473382532596588 12.50223445892334 0.0 0.0 0.0 1.0
0.9975329041481018 -0.04049567133188248 -0.05734308436512947 0.0275932177901268 0.06524469703435898 0.23333944380283356 0.9702039957046509 0.46957123279571533 -0.025908660143613815 -0.971551775932312 0.23540589213371277 12.527307510375977 0.0 0.0 0.0 1.0
0.9994204640388489 0.004180557560175657 -0.03378301486372948 0.27769818902015686 0.031961165368556976 0.22631514072418213 0.9735296368598938 0.4201638996601105 0.011715504340827465 -0.9740451574325562 0.22605036199092865 12.435714721679688 0.0 0.0 0.0 1.0
0.9986719489097595 0.050017181783914566 -0.012352390214800835 0.5629966855049133 0.0009843242587521672 0.22119203209877014 0.975229799747467 0.46982723474502563 0.05151049420237541 -0.9739468097686768 0.22084905207157135 12.566576957702637 0.0 0.0 0.0 1.0
0.9963023066520691 0.0853220596909523 0.01009011548012495 0.6476001739501953 -0.028606854379177094 0.21869421005249023 0.9753740429878235 0.5501464009284973 0.08101426810026169 -0.9720560908317566 0.22032634913921356 12.657418251037598 0.0 0.0 0.0 1.0
0.993525505065918 0.10823839157819748 0.03451776131987572 0.5249371528625488 -0.05759821832180023 0.21800479292869568 0.9742465615272522 0.5297662019729614 0.09792584180831909 -0.9699270129203796 0.22282767295837402 12.634132385253906 0.0 0.0 0.0 1.0
0.9917802214622498 0.11520928144454956 0.05566658452153206 0.34802669286727905 -0.07964387536048889 0.2153453528881073 0.9732847809791565 0.46341198682785034 0.1001439020037651 -0.9697180986404419 0.22275099158287048 12.630194664001465 0.0 0.0 0.0 1.0
0.9892703294754028 0.12427753210067749 0.07680676877498627 0.21142533421516418 -0.10240112245082855 0.21486611664295197 0.9712603092193604 0.40310847759246826 0.10420266538858414 -0.968704104423523 0.2252868413925171 12.523638725280762 0.0 0.0 0.0 1.0
0.9839559197425842 0.14550989866256714 0.10323573648929596 0.11556445062160492 -0.1321256160736084 0.20546847581863403 0.9697038531303406 0.29246053099632263 0.11988982558250427 -0.9677858948707581 0.2213975042104721 12.588510513305664 0.0 0.0 0.0 1.0
0.9704180955886841 0.1974145472049713 0.1389826387166977 0.1926446110010147 -0.17725513875484467 0.19173121452331543 0.9653081297874451 0.2792457938194275 0.16391855478286743 -0.9613878726959229 0.22105218470096588 12.563414573669434 0.0 0.0 0.0 1.0
0.9555691480636597 0.245863139629364 0.16260036826133728 0.4273170828819275 -0.21013569831848145 0.18135391175746918 0.9607048034667969 0.3425503969192505 0.20671367645263672 -0.9521880745887756 0.2249608188867569 12.577924728393555 0.0 0.0 0.0 1.0
0.9399006366729736 0.28568774461746216 0.18700076639652252 0.5915545225143433 -0.2420799434185028 0.17131683230400085 0.9550119638442993 0.4917733371257782 0.24079883098602295 -0.9428855180740356 0.2301800698041916 12.742914199829102 0.0 0.0 0.0 1.0
0.9277661442756653 0.31327491998672485 0.2027529925107956 0.5652575492858887 -0.26495710015296936 0.17042332887649536 0.9490804076194763 0.6180664896965027 0.26276925206184387 -0.9342455267906189 0.2411174178123474 12.761147499084473 0.0 0.0 0.0 1.0
0.9198950529098511 0.32712167501449585 0.21629725396633148 0.4167245626449585 -0.28255555033683777 0.17038759589195251 0.9439970254898071 0.6938595175743103 0.2719475328922272 -0.9294942021369934 0.2491687536239624 12.739253044128418 0.0 0.0 0.0 1.0
0.9116960763931274 0.3385327458381653 0.23282141983509064 0.2350311428308487 -0.3030376732349396 0.1713935285806656 0.9374392628669739 0.7155515551567078 0.2774498164653778 -0.9252133965492249 0.2588469982147217 12.684529304504395 0.0 0.0 0.0 1.0
0.9020895957946777 0.35265928506851196 0.2487284541130066 0.13580137491226196 -0.3214246332645416 0.16447661817073822 0.9325414896011353 0.6765241026878357 0.28795939683914185 -0.9211834073066711 0.2617260217666626 12.716012001037598 0.0 0.0 0.0 1.0
0.8870965242385864 0.37643885612487793 0.2671208083629608 0.16361024975776672 -0.3430534303188324 0.15049466490745544 0.927181601524353 0.6150034070014954 0.30882692337036133 -0.9141362905502319 0.26264193654060364 12.69521713256836 0.0 0.0 0.0 1.0
0.8661416172981262 0.40976130962371826 0.28617194294929504 0.3832569718360901 -0.36676302552223206 0.13211897015571594 0.9208851456642151 0.5735065937042236 0.33953437209129333 -0.9025742411613464 0.26471903920173645 12.689149856567383 0.0 0.0 0.0 1.0
0.8415868282318115 0.44440165162086487 0.3069832921028137 0.6084149479866028 -0.3916095197200775 0.11061366647481918 0.9134585857391357 0.5543564558029175 0.3719859719276428 -0.8889723420143127 0.26712292432785034 12.709877014160156 0.0 0.0 0.0 1.0
0.8124476075172424 0.4779154360294342 0.33395472168922424 0.6945860981941223 -0.4221709668636322 0.08716867119073868 0.9023154973983765 0.6106320023536682 0.40212011337280273 -0.8740700483322144 0.2725819945335388 12.833285331726074 0.0 0.0 0.0 1.0
0.7927757501602173 0.4965364336967468 0.3534943163394928 0.607151985168457 -0.44490087032318115 0.07499156892299652 0.8924345970153809 0.6098706722259521 0.41661718487739563 -0.8647704124450684 0.28036096692085266 12.878719329833984 0.0 0.0 0.0 1.0
0.7764080762863159 0.5107168555259705 0.3692679703235626 0.4178743064403534 -0.46550148725509644 0.06973665952682495 0.8822953701019287 0.5633323192596436 0.42485159635543823 -0.856916069984436 0.29188355803489685 12.765480995178223 0.0 0.0 0.0 1.0
0.7583265900611877 0.525400698184967 0.3858690559864044 0.25946366786956787 -0.4854259192943573 0.06005201116204262 0.8722129464149475 0.5154687762260437 0.4350890517234802 -0.848733127117157 0.3005821406841278 12.789042472839355 0.0 0.0 0.0 1.0
0.7265366315841675 0.5555600523948669 0.40434831380844116 0.17153385281562805 -0.5119221210479736 0.04511009529232979 0.8578466176986694 0.4907156527042389 0.45834508538246155 -0.8302518725395203 0.3171776235103607 12.619794845581055 0.0 0.0 0.0 1.0
0.688588559627533 0.5898733735084534 0.42177626490592957 0.1716000735759735 -0.5355805158615112 0.021576713770627975 0.8442084789276123 0.5020676851272583 0.48887553811073303 -0.807207465171814 0.3307821750640869 12.664371490478516 0.0 0.0 0.0 1.0
0.6449328064918518 0.624724805355072 0.44020524621009827 0.21440789103507996 -0.5609004497528076 -0.0043067545630037785 0.8278720378875732 0.5234042406082153 0.5190880298614502 -0.7808331251144409 0.3476308286190033 12.65367317199707 0.0 0.0 0.0 1.0
0.6056433320045471 0.6503922343254089 0.4584605395793915 0.19957812130451202 -0.5855766534805298 -0.025825465098023415 0.8102055788040161 0.5690482258796692 0.5387913584709167 -0.7591593861579895 0.3652134835720062 12.66053581237793 0.0 0.0 0.0 1.0
0.5809128880500793 0.6632176637649536 0.4718925356864929 0.14256352186203003 -0.606180727481842 -0.03440695255994797 0.7945823669433594 0.6072913408279419 0.5432174205780029 -0.7476352453231812 0.3820422887802124 12.693604469299316 0.0 0.0 0.0 1.0
0.5770213603973389 0.6625344157218933 0.47759246826171875 0.1027609258890152 -0.6206862330436707 -0.024347245693206787 0.7836809158325195 0.63960862159729 0.5308436155319214 -0.7486357092857361 0.3971771001815796 12.676453590393066 0.0 0.0 0.0 1.0
0.5865591764450073 0.6558430790901184 0.475203275680542 0.17849236726760864 -0.6251887679100037 -0.0063447048887610435 0.780447781085968 0.6992881894111633 0.5148663520812988 -0.754870593547821 0.40630418062210083 12.602418899536133 0.0 0.0 0.0 1.0
0.5933160185813904 0.6542261838912964 0.46900346875190735 0.3556118607521057 -0.6251289248466492 0.007410616613924503 0.7804863452911377 0.7680435180664062 0.5071389675140381 -0.7562626600265503 0.41337254643440247 12.5298433303833 0.0 0.0 0.0 1.0
0.5903008580207825 0.6623623967170715 0.46132519841194153 0.6180324554443359 -0.6248735189437866 0.013204778544604778 0.7806143164634705 0.7510731220245361 0.5109578371047974 -0.7490672469139099 0.421687513589859 12.387884140014648 0.0 0.0 0.0 1.0
0.5724639892578125 0.678546667098999 0.4602818787097931 0.9549715518951416 -0.6282941102981567 0.002342027612030506 0.777972400188446 0.6926794052124023 0.5268125534057617 -0.7345535755157471 0.4276675879955292 12.267162322998047 0.0 0.0 0.0 1.0
0.5343215465545654 0.7072782516479492 0.46288004517555237 1.341181993484497 -0.6376900672912598 -0.022161249071359634 0.7699742317199707 0.5994063019752502 0.5548440217971802 -0.7065877914428711 0.4391830861568451 12.100414276123047 0.0 0.0 0.0 1.0
0.4960536062717438 0.7288957834243774 0.471849262714386 1.4449478387832642 -0.6517322063446045 -0.046516697853803635 0.7570213079452515 0.6079604029655457 0.5737385153770447 -0.6830425262451172 0.45197010040283203 12.182757377624512 0.0 0.0 0.0 1.0
0.4656127989292145 0.742611825466156 0.4813859164714813 1.3190110921859741 -0.670457124710083 -0.05905745178461075 0.7395941019058228 0.634015679359436 0.5776607394218445 -0.6671131253242493 0.47039148211479187 12.229848861694336 0.0 0.0 0.0 1.0
0.45384928584098816 0.7459972500801086 0.48734891414642334 1.1226954460144043 -0.6879926323890686 -0.05421530082821846 0.7236897349357605 0.6725777387619019 0.5662923455238342 -0.663738489151001 0.48863500356674194 12.198036193847656 0.0 0.0 0.0 1.0
0.47440579533576965 0.7324373126029968 0.48833876848220825 0.9848772883415222 -0.7030776143074036 -0.018570292741060257 0.710870623588562 0.6911913156509399 0.5297367572784424 -0.6805811524391174 0.5061504244804382 12.2188720703125 0.0 0.0 0.0 1.0
0.5214519500732422 0.7065186500549316 0.4784550368785858 0.959611177444458 -0.7048124670982361 0.040577180683612823 0.7082322239875793 0.7329024076461792 0.4809649586677551 -0.7065301537513733 0.5191221833229065 12.193770408630371 0.0 0.0 0.0 1.0
0.5867120027542114 0.6676337718963623 0.4582948386669159 1.036439299583435 -0.692919909954071 0.12101666629314423 0.7107861638069153 0.8671650886535645 0.41908350586891174 -0.7345883846282959 0.533618688583374 12.147334098815918 0.0 0.0 0.0 1.0
0.652513861656189 0.6183591485023499 0.43801555037498474 1.205581784248352 -0.6721174716949463 0.20531301200389862 0.7114103436470032 1.0547478199005127 0.3499767780303955 -0.758603036403656 0.5495795607566833 12.123527526855469 0.0 0.0 0.0 1.0
0.708508312702179 0.5725914835929871 0.41249844431877136 1.39491605758667 -0.6423113942146301 0.28110408782958984 0.7130333781242371 1.187349557876587 0.2923218309879303 -0.7701424956321716 0.5669466257095337 11.823646545410156 0.0 0.0 0.0 1.0
0.7426292896270752 0.535152018070221 0.4026339650154114 1.5970438718795776 -0.6236363053321838 0.3334806263446808 0.707013726234436 1.2185347080230713 0.24408918619155884 -0.7761462330818176 0.5813927054405212 12.202665328979492 0.0 0.0 0.0 1.0
0.7489086389541626 0.5293906927108765 0.3985992968082428 1.6979421377182007 -0.6219086647033691 0.3537667691707611 0.6986262798309326 1.1231861114501953 0.2288350611925125 -0.7710995674133301 0.5941716432571411 12.167983055114746 0.0 0.0 0.0 1.0
0.7382951974868774 0.543132483959198 0.3999090790748596 1.7629603147506714 -0.6330389976501465 0.35337376594543457 0.6887587904930115 0.9493412375450134 0.2327698916196823 -0.7616653442382812 0.6047182083129883 12.114529609680176 0.0 0.0 0.0 1.0
0.719683825969696 0.5652310252189636 0.4031985402107239 1.8054332733154297 -0.6503781676292419 0.3455551564693451 0.6764612793922424 0.7811204195022583 0.24302953481674194 -0.7490698099136353 0.6163043975830078 12.020609855651855 0.0 0.0 0.0 1.0
0.6983811259269714 0.5884491205215454 0.40742045640945435 1.75255286693573 -0.6693320274353027 0.33535826206207275 0.6629701852798462 0.710662305355072 0.2534923851490021 -0.7357054352760315 0.6280757188796997 11.907308578491211 0.0 0.0 0.0 1.0
0.6843138337135315 0.601786196231842 0.41178634762763977 1.5888891220092773 -0.683457612991333 0.3324962258338928 0.6498706936836243 0.7555757164955139 0.25416579842567444 -0.7261540293693542 0.6388271450996399 11.84195613861084 0.0 0.0 0.0 1.0
0.6710410714149475 0.6121230721473694 0.4183410406112671 1.3690985441207886 -0.6979948282241821 0.33130010962486267 0.6348570585250854 0.8366221189498901 0.25001421570777893 -0.7180150151252747 0.6495746970176697 11.863645553588867 0.0 0.0 0.0 1.0
0.6551986932754517 0.6244699358940125 0.4251493811607361 1.173593521118164 -0.7140774726867676 0.32823291420936584 0.6183497905731201 0.9378547072410583 0.24659284949302673 -0.7087315917015076 0.6609777212142944 11.88574504852295 0.0 0.0 0.0 1.0
0.6318578720092773 0.6424086689949036 0.4336666464805603 0.9829047322273254 -0.7337635159492493 0.31553417444229126 0.6016887426376343 0.9978416562080383 0.24969340860843658 -0.6983904838562012 0.670748770236969 11.982040405273438 0.0 0.0 0.0 1.0
0.5928505063056946 0.673684298992157 0.4412229657173157 0.8965644240379333 -0.7594663500785828 0.2854903042316437 0.5845563411712646 0.9792859554290771 0.2678415775299072 -0.6816485524177551 0.6808936595916748 11.957840919494629 0.0 0.0 0.0 1.0
0.554587185382843 0.7025672197341919 0.44590622186660767 1.0399110317230225 -0.7789069414138794 0.24973377585411072 0.5752712488174438 0.7878473997116089 0.29280886054039 -0.6663575172424316 0.6857336163520813 11.950643539428711 0.0 0.0 0.0 1.0
0.5184077024459839 0.7315087914466858 0.4428863525390625 1.3093239068984985 -0.7914754748344421 0.21436434984207153 0.5723761916160583 0.5545024871826172 0.32375916838645935 -0.647257924079895 0.6900994181632996 11.870248794555664 0.0 0.0 0.0 1.0
0.48562052845954895 0.7561461329460144 0.4386522173881531 1.5612798929214478 -0.8013309240341187 0.18452388048171997 0.5690515637397766 0.464164674282074 0.34934431314468384 -0.6278486847877502 0.6955318450927734 11.821671485900879 0.0 0.0 0.0 1.0
0.4598933160305023 0.7768489718437195 0.43012067675590515 1.683044195175171 -0.8086498379707336 0.1662806272506714 0.5643014907836914 0.5036858916282654 0.36685630679130554 -0.6073355078697205 0.7046701908111572 11.837198257446289 0.0 0.0 0.0 1.0
0.4418122470378876 0.7934237122535706 0.41866543889045715 1.5855073928833008 -0.81645667552948 0.16223128139972687 0.5541475415229797 0.6849901080131531 0.37175315618515015 -0.5866513848304749 0.7194718718528748 11.78090763092041 0.0 0.0 0.0 1.0
0.437979519367218 0.7982988357543945 0.41339200735092163 1.3538119792938232 -0.8259614706039429 0.17579226195812225 0.5356162190437317 0.8613413572311401 0.354910671710968 -0.5760347843170166 0.7363574504852295 11.821294784545898 0.0 0.0 0.0 1.0
0.44452738761901855 0.7961024641990662 0.4106290638446808 1.0735595226287842 -0.8353039026260376 0.20284254848957062 0.5110012888908386 0.9617487788200378 0.3235163688659668 -0.5701541304588318 0.7551565766334534 11.807832717895508 0.0 0.0 0.0 1.0
0.4564933478832245 0.7871682643890381 0.41470471024513245 0.8008798360824585 -0.843799889087677 0.23520882427692413 0.4823676347732544 0.9616298675537109 0.28216227889060974 -0.57012540102005 0.7715837359428406 11.901612281799316 0.0 0.0 0.0 1.0
0.4760478138923645 0.770672082901001 0.42360714077949524 0.5950737595558167 -0.8491285443305969 0.2774776518344879 0.449429452419281 0.8359842300415039 0.22882121801376343 -0.5736468434333801 0.7864922881126404 12.016355514526367 0.0 0.0 0.0 1.0
0.4991629719734192 0.7544316649436951 0.4262266457080841 0.5290970802307129 -0.8457463979721069 0.3171553611755371 0.429098516702652 0.657400369644165 0.18854545056819916 -0.5746697187423706 0.7963700890541077 12.078731536865234 0.0 0.0 0.0 1.0
0.5279229879379272 0.7367821931838989 0.42243266105651855 0.5272135138511658 -0.8359145522117615 0.362837553024292 0.41182005405426025 0.5005913972854614 0.1501472443342209 -0.5705268979072571 0.8074372410774231 12.184188842773438 0.0 0.0 0.0 1.0
0.5618046522140503 0.7171376943588257 0.41241857409477234 0.5913286209106445 -0.8193559050559998 0.4135616421699524 0.3970172703266144 0.47798484563827515 0.11415554583072662 -0.5609636902809143 0.8199318647384644 12.284178733825684 0.0 0.0 0.0 1.0
0.5978397727012634 0.6949317455291748 0.39957165718078613 0.6344388723373413 -0.7973359823226929 0.4640708863735199 0.38586723804473877 0.5788388252258301 0.08272181451320648 -0.5492796301841736 0.8315340876579285 12.291587829589844 0.0 0.0 0.0 1.0
0.6343543529510498 0.6712849736213684 0.38336801528930664 0.6172513365745544 -0.7712048888206482 0.5153704285621643 0.3736794888973236 0.8406549096107483 0.053268902003765106 -0.5327004790306091 0.84462571144104 12.249321937561035 0.0 0.0 0.0 1.0
0.653437614440918 0.6590713262557983 0.37234973907470703 0.5696486234664917 -0.7559581398963928 0.5425979495048523 0.366216778755188 1.0385693311691284 0.03932676091790199 -0.520780622959137 0.8527842164039612 12.098623275756836 0.0 0.0 0.0 1.0
