-0.8269120454788208 0.43633517622947693 0.3547225296497345 0.02647596225142479 -0.4648395776748657 -0.8853780031204224 0.005469408351927996 1.2860832214355469 0.3164500296115875 -0.16036635637283325 0.9349555969238281 8.405707359313965 0.0 0.0 0.0 1.0
-0.8262607455253601 0.43690240383148193 0.35554105043411255 0.0567760169506073 -0.4654110074043274 -0.8850741982460022 0.006019510328769684 1.2911754846572876 0.3173101544380188 -0.16049902141094208 0.9346413016319275 8.444097518920898 0.0 0.0 0.0 1.0
-0.8290736079216003 0.4298918545246124 0.35753312706947327 0.2932966947555542 -0.4576195180416107 -0.8891130685806274 0.007893607951700687 1.2150077819824219 0.3212807774543762 -0.15706974267959595 0.9338670969009399 8.591299057006836 0.0 0.0 0.0 1.0
-0.8391561508178711 0.409781813621521 0.35762521624565125 0.6184861660003662 -0.4361894726753235 -0.8998231887817383 0.007549986708909273 0.9767664074897766 0.3248932957649231 -0.149656742811203 0.9338346719741821 8.814709663391113 0.0 0.0 0.0 1.0
-0.8466190695762634 0.4027041494846344 0.3479446768760681 0.8294462561607361 -0.4279022812843323 -0.9038118124008179 0.004881601314991713 0.9655575156211853 0.3164423406124115 -0.14475347101688385 0.937502384185791 8.88267993927002 0.0 0.0 0.0 1.0
-0.9309257864952087 0.2986955940723419 0.2101384550333023 1.1682857275009155 -0.31499043107032776 -0.9478754997253418 -0.048094410449266434 0.8438131213188171 0.18481950461864471 -0.11096392571926117 0.9764879941940308 9.08536148071289 0.0 0.0 0.0 1.0
-0.9414700269699097 0.2754479646682739 0.19432607293128967 1.2883204221725464 -0.29022324085235596 -0.9555667042732239 -0.05160191282629967 0.7870120406150818 0.17147788405418396 -0.10497959703207016 0.9795787930488586 9.265814781188965 0.0 0.0 0.0 1.0
-0.9461913108825684 0.25857022404670715 0.19458526372909546 1.5306943655014038 -0.27293020486831665 -0.9607053399085999 -0.05054022744297981 0.6992052793502808 0.17387090623378754 -0.10092892497777939 0.979582667350769 9.26474666595459 0.0 0.0 0.0 1.0
-0.9495067596435547 0.2482338845729828 0.19187712669372559 1.7128406763076782 -0.26182690262794495 -0.9638873338699341 -0.048660848289728165 0.7212074398994446 0.17286866903305054 -0.09644239395856857 0.9802118539810181 9.258759498596191 0.0 0.0 0.0 1.0
-0.9546599388122559 0.2348039150238037 0.18300701677799225 1.847437858581543 -0.24708899855613708 -0.9678440093994141 -0.047169771045446396 0.7781233191490173 0.16604658961296082 -0.09025011211633682 0.9819793701171875 9.34916877746582 0.0 0.0 0.0 1.0
-0.9982104897499084 0.049607906490564346 0.03338992968201637 0.8015508651733398 -0.04981349781155586 -0.9987441897392273 -0.005353318527340889 1.2926735877990723 0.03308242931962013 -0.0070070079527795315 0.9994280934333801 9.363901138305664 0.0 0.0 0.0 1.0
-0.9996448755264282 0.024889808148145676 0.009519084356725216 0.6796140670776367 -0.0248502716422081 -0.9996821284294128 0.004249467048794031 1.3571295738220215 0.009621826931834221 0.004011406097561121 0.9999456405639648 9.25732707977295 0.0 0.0 0.0 1.0
-0.9999266266822815 -0.0029862497467547655 -0.011740260757505894 0.5675660967826843 0.0028548429254442453 -0.9999333024024963 0.011193702928721905 1.4590529203414917 -0.01177290454506874 0.011159365065395832 0.9998684525489807 9.074807167053223 0.0 0.0 0.0 1.0
-0.9987214803695679 -0.027958927676081657 -0.04211559519171715 0.44259610772132874 0.02723216637969017 -0.9994718432426453 0.017732424661517143 1.606109857559204 -0.042589131742715836 0.01656285487115383 0.9989553689956665 8.867311477661133 0.0 0.0 0.0 1.0
-0.9961062669754028 -0.06894141435623169 -0.05494938790798187 0.449207067489624 0.06799367815256119 -0.9975060224533081 0.01893649995326996 1.5647659301757812 -0.05611785128712654 0.015126555226743221 0.9983095526695251 8.905925750732422 0.0 0.0 0.0 1.0
-0.9592781662940979 -0.2483208328485489 -0.13461878895759583 0.5686481595039368 0.2452068328857422 -0.9686655402183533 0.039506103843450546 1.2623966932296753 -0.14021076261997223 0.004887895192950964 0.9901096224784851 8.570455551147461 0.0 0.0 0.0 1.0
-0.9431614279747009 -0.2881242632865906 -0.1656229943037033 0.4821278750896454 0.2840900421142578 -0.9575914740562439 0.04807654768228531 1.0289099216461182 -0.1724511981010437 -0.0017079005483537912 0.9850165843963623 8.414820671081543 0.0 0.0 0.0 1.0
-0.9292275905609131 -0.31845778226852417 -0.18740512430667877 0.4373275339603424 0.3142310082912445 -0.9478847980499268 0.05266217514872551 0.9641911387443542 -0.19440914690494537 -0.009953349828720093 0.9808700084686279 8.428519248962402 0.0 0.0 0.0 1.0
-0.9180576205253601 -0.3425167202949524 -0.19963103532791138 0.46412983536720276 0.3389091193675995 -0.939320981502533 0.05307316780090332 1.0001769065856934 -0.20569606125354767 -0.01893255114555359 0.9784327745437622 8.465289115905762 0.0 0.0 0.0 1.0
-0.9051692485809326 -0.3632068336009979 -0.220792755484581 0.42457833886146545 0.3586912453174591 -0.9314156770706177 0.061687957495450974 1.0659087896347046 -0.22805532813072205 -0.023358389735221863 0.9733679294586182 8.612310409545898 0.0 0.0 0.0 1.0
-0.7917928099632263 -0.49824708700180054 -0.35329023003578186 -0.05463014170527458 0.4792619049549103 -0.8653860688209534 0.1463385671377182 0.9941213726997375 -0.3786452114582062 -0.05344872176647186 0.9239973425865173 8.207160949707031 0.0 0.0 0.0 1.0
-0.7738530039787292 -0.5149272084236145 -0.3687838017940521 -0.03511900454759598 0.49267181754112244 -0.85530024766922 0.16042417287826538 0.9876560568809509 -0.3980276584625244 -0.05754465237259865 0.9155668020248413 8.171183586120605 0.0 0.0 0.0 1.0
-0.7591751217842102 -0.5297644734382629 -0.37815701961517334 0.03477076441049576 0.5058403015136719 -0.8458264470100403 0.16942018270492554 0.9588057994842529 -0.40960800647735596 -0.06266746670007706 0.9101065993309021 8.150487899780273 0.0 0.0 0.0 1.0
-0.7406784296035767 -0.5472537279129028 -0.3897548317909241 0.06513714045286179 0.520603358745575 -0.8341878056526184 0.18194188177585602 0.9604592323303223 -0.4246971011161804 -0.06814722716808319 0.9027670621871948 8.279918670654297 0.0 0.0 0.0 1.0
-0.7195696234703064 -0.5653116106987 -0.4032893478870392 -0.07324708253145218 0.5340883731842041 -0.8217040300369263 0.19887714087963104 0.9954906702041626 -0.4438120424747467 -0.0722862109541893 0.893199622631073 8.419663429260254 0.0 0.0 0.0 1.0
-0.4546028673648834 -0.7127655744552612 -0.534136176109314 -0.898625373840332 0.636131227016449 -0.6795639395713806 0.3654174506664276 1.005020022392273 -0.623436689376831 -0.17366090416908264 0.7623441815376282 8.174446105957031 0.0 0.0 0.0 1.0
-0.3977585732936859 -0.7367576956748962 -0.5467872023582458 -1.100446105003357 0.6534224152565002 -0.6458350419998169 0.3948877155780792 0.9409185647964478 -0.6440708637237549 -0.2002130150794983 0.7383003830909729 8.08737564086914 0.0 0.0 0.0 1.0
-0.3455424904823303 -0.7517147064208984 -0.5617164969444275 -1.1024993658065796 0.6559240818023682 -0.6215521693229675 0.428294837474823 1.0908684730529785 -0.671091616153717 -0.220449298620224 0.7078404426574707 7.960343360900879 0.0 0.0 0.0 1.0
-0.2799900472164154 -0.7702282667160034 -0.5730217695236206 -0.9645153880119324 0.6658144593238831 -0.585807204246521 0.4620833694934845 1.155646562576294 -0.6915899515151978 -0.2521474361419678 0.6768493056297302 7.975417137145996 0.0 0.0 0.0 1.0
-0.21185658872127533 -0.789098858833313 -0.5765758752822876 -0.7623336315155029 0.6830530762672424 -0.5415019989013672 0.4901164472103119 1.1687380075454712 -0.6989672780036926 -0.28999751806259155 0.6537171602249146 8.131988525390625 0.0 0.0 0.0 1.0
0.2575125992298126 -0.7873162627220154 -0.5601966977119446 -0.5160780549049377 0.6698409914970398 -0.27238866686820984 0.6907368898391724 1.2670998573303223 -0.6964195966720581 -0.5531162023544312 0.457233190536499 7.624814987182617 0.0 0.0 0.0 1.0
0.3227705657482147 -0.7680941224098206 -0.5530376434326172 -0.4671866297721863 0.66008061170578 -0.2360837608575821 0.7131325602531433 1.2664676904678345 -0.6783161163330078 -0.5952275991439819 0.4308031499385834 7.457180023193359 0.0 0.0 0.0 1.0
0.3866773843765259 -0.746273934841156 -0.5418078899383545 -0.5676742196083069 0.6405178308486938 -0.20535573363304138 0.7399770021438599 1.248790979385376 -0.6634889245033264 -0.6331700086593628 0.39859533309936523 7.379707336425781 0.0 0.0 0.0 1.0
0.4212186634540558 -0.7332527041435242 -0.5337745547294617 -0.5253655314445496 0.6293485760688782 -0.18747182190418243 0.7541715502738953 1.3161516189575195 -0.6530659794807434 -0.6536014080047607 0.382504940032959 7.5319695472717285 0.0 0.0 0.0 1.0
0.46569404006004333 -0.719375729560852 -0.5153907537460327 -0.6268137097358704 0.6033303141593933 -0.1679682731628418 0.7796019315719604 1.3769071102142334 -0.6473960280418396 -0.6740068197250366 0.3557993769645691 7.616307735443115 0.0 0.0 0.0 1.0
0.6765281558036804 -0.6001142859458923 -0.4268167018890381 -0.8924047350883484 0.45726829767227173 -0.11198551207780838 0.8822499513626099 1.1500060558319092 -0.5772480368614197 -0.7920367121696472 0.19865188002586365 7.171487808227539 0.0 0.0 0.0 1.0
0.7035634517669678 -0.580260157585144 -0.41023972630500793 -0.9188637733459473 0.43336960673332214 -0.1071728989481926 0.894821047782898 1.0668343305587769 -0.5631955862045288 -0.8073488473892212 0.17606417834758759 7.317189693450928 0.0 0.0 0.0 1.0
0.7315941452980042 -0.5596960783004761 -0.3892432749271393 -0.9218090772628784 0.40709060430526733 -0.09933294355869293 0.9079703688621521 1.0269815921783447 -0.5468521118164062 -0.8227230906486511 0.1551755964756012 7.414111614227295 0.0 0.0 0.0 1.0
0.7487682700157166 -0.543298602104187 -0.37970083951950073 -0.7720508575439453 0.39071792364120483 -0.10096237808465958 0.9149568676948547 1.042706847190857 -0.5354303121566772 -0.8334465622901917 0.13667908310890198 7.46803617477417 0.0 0.0 0.0 1.0
0.781639039516449 -0.5139734745025635 -0.35337191820144653 -0.7609135508537292 0.3572472929954529 -0.09550026804208755 0.9291146993637085 0.9534940719604492 -0.5112873911857605 -0.8524734377861023 0.10896888375282288 7.468453407287598 0.0 0.0 0.0 1.0
0.8690900802612305 -0.41590750217437744 -0.2677748203277588 -0.4462645649909973 0.2427230328321457 -0.1131187230348587 0.9634779095649719 0.3179137110710144 -0.4310080409049988 -0.9023442268371582 0.002639971673488617 7.470753192901611 0.0 0.0 0.0 1.0
0.8721830248832703 -0.4132114350795746 -0.26182642579078674 -0.47488248348236084 0.2266390472650528 -0.13299278914928436 0.9648562669754028 0.2762047350406647 -0.4335106909275055 -0.9008713960647583 -0.022344212979078293 7.493533611297607 0.0 0.0 0.0 1.0
0.8793260455131531 -0.39418306946754456 -0.2672179043292999 -0.4396650195121765 0.22440679371356964 -0.15193787217140198 0.9625780582427979 0.09249569475650787 -0.4200325012207031 -0.9063854217529297 -0.04514557123184204 7.494624137878418 0.0 0.0 0.0 1.0
0.8868033289909363 -0.3786832094192505 -0.2649129033088684 -0.4948909282684326 0.2181747406721115 -0.16228210926055908 0.9623223543167114 -0.12777385115623474 -0.40740594267845154 -0.911188006401062 -0.06129320710897446 7.46335506439209 0.0 0.0 0.0 1.0
0.885809063911438 -0.3817400634288788 -0.26384997367858887 -0.557037353515625 0.21575789153575897 -0.16458572447299957 0.9624760150909424 -0.12364222854375839 -0.41084161400794983 -0.9094976782798767 -0.06342809647321701 7.5054473876953125 0.0 0.0 0.0 1.0
0.8842661380767822 -0.4102345407009125 -0.22311659157276154 -0.33147332072257996 0.21702152490615845 -0.06204698979854584 0.9741929173469543 1.2630831003189087 -0.41349127888679504 -0.9098669290542603 0.034163668751716614 7.103857040405273 0.0 0.0 0.0 1.0
0.9000341296195984 -0.3851231336593628 -0.20400677621364594 -0.48597562313079834 0.19462737441062927 -0.06364870816469193 0.9788100123405457 0.9101119637489319 -0.38994714617729187 -0.9206677079200745 0.017669491469860077 7.035826206207275 0.0 0.0 0.0 1.0
0.9072214365005493 -0.3811866343021393 -0.17789313197135925 -0.6329758763313293 0.1695985347032547 -0.0555473230779171 0.9839465618133545 0.9785427451133728 -0.3849487900733948 -0.9228278398513794 0.014254976063966751 6.983162879943848 0.0 0.0 0.0 1.0
0.9157131314277649 -0.3663696348667145 -0.1650538295507431 -0.6282368302345276 0.15615633130073547 -0.054018180817365646 0.9862541556358337 0.9242581129074097 -0.3702494502067566 -0.9289000630378723 0.007745781913399696 6.945657730102539 0.0 0.0 0.0 1.0
0.9249431490898132 -0.3518564999103546 -0.14379575848579407 -0.5989426970481873 0.13379769027233124 -0.052708666771650314 0.9896059632301331 0.8930684924125671 -0.3557785749435425 -0.9345687627792358 -0.0016749318456277251 6.872949600219727 0.0 0.0 0.0 1.0
0.9487232565879822 -0.3122973144054413 -0.04893410950899124 0.19074739515781403 0.037927355617284775 -0.041225794702768326 0.9984297156333923 0.7494160532951355 -0.31382426619529724 -0.9490894675254822 -0.02726726047694683 6.986913204193115 0.0 0.0 0.0 1.0
0.9488294720649719 -0.3140738308429718 -0.032867006957530975 0.23629312217235565 0.021921290084719658 -0.038320280611515045 0.9990250468254089 0.743112325668335 -0.3150270879268646 -0.9486249089241028 -0.02947450987994671 7.190089225769043 0.0 0.0 0.0 1.0
0.9491746425628662 -0.31419607996940613 -0.018664151430130005 0.2398117482662201 0.007757181767374277 -0.035928577184677124 0.9993242621421814 0.7655787467956543 -0.3146543502807617 -0.9486780166625977 -0.031665217131376266 7.3963541984558105 0.0 0.0 0.0 1.0
0.9506357908248901 -0.310235857963562 0.006734816823154688 0.04279504343867302 -0.017537226900458336 -0.03204398602247238 0.99933260679245 0.7764222025871277 -0.309812992811203 -0.9501194357872009 -0.03590283542871475 7.682527542114258 0.0 0.0 0.0 1.0
0.952893078327179 -0.30302301049232483 0.013109108433127403 0.08444094657897949 -0.023587528616189957 -0.030945545062422752 0.9992427229881287 0.8044811487197876 -0.30238786339759827 -0.952480673789978 -0.03663535788655281 7.8762006759643555 0.0 0.0 0.0 1.0
0.980932354927063 -0.14905939996242523 0.1247115284204483 -0.25091344118118286 -0.1318274885416031 -0.03881349414587021 0.990512490272522 0.8947106599807739 -0.14280471205711365 -0.9880661964416504 -0.05772353708744049 7.732763290405273 0.0 0.0 0.0 1.0
0.9803490042686462 -0.13381090760231018 0.14494970440864563 -0.28216618299484253 -0.15187259018421173 -0.04301261529326439 0.9874637126922607 0.744764506816864 -0.12589874863624573 -0.990073025226593 -0.0624895840883255 7.714929103851318 0.0 0.0 0.0 1.0
0.9789180159568787 -0.11132663488388062 0.1712481677532196 -0.38484108448028564 -0.17754526436328888 -0.049280229955911636 0.9828779697418213 0.6640007495880127 -0.10098135471343994 -0.9925612807273865 -0.06800682097673416 7.848233699798584 0.0 0.0 0.0 1.0
0.9769790172576904 -0.05623233690857887 0.20579108595848083 -0.49604418873786926 -0.20955020189285278 -0.07203874737024307 0.9751405715942383 0.5153597593307495 -0.040009502321481705 -0.9958153963088989 -0.08216384053230286 7.854067325592041 0.0 0.0 0.0 1.0
0.9735313653945923 -0.002797364955767989 0.22853629291057587 -0.3507353365421295 -0.22763435542583466 -0.10144976526498795 0.9684475064277649 0.32704809308052063 0.020475851371884346 -0.9948367476463318 -0.09940130263566971 7.711752891540527 0.0 0.0 0.0 1.0
0.8940862417221069 0.18979239463806152 0.4056952893733978 0.06442326307296753 -0.37321919202804565 -0.1850743144750595 0.9090956449508667 0.2830292284488678 0.2476232349872589 -0.9642232060432434 -0.09463822841644287 7.463809967041016 0.0 0.0 0.0 1.0
0.8677946329116821 0.2119312882423401 0.4494636356830597 -0.2473479062318802 -0.4148098826408386 -0.18908476829528809 0.8900448083877563 0.3820335268974304 0.2736150622367859 -0.9588180780410767 -0.07617555558681488 7.535078525543213 0.0 0.0 0.0 1.0
0.8591868281364441 0.23120276629924774 0.4564463198184967 -0.1466880738735199 -0.4183662533760071 -0.19612625241279602 0.8868507146835327 0.49709704518318176 0.2945634424686432 -0.9529321789741516 -0.07178165763616562 7.456483840942383 0.0 0.0 0.0 1.0
0.8486446738243103 0.2597770094871521 0.4607798755168915 0.20281590521335602 -0.41685009002685547 -0.20781821012496948 0.8848997950553894 0.5048269629478455 0.32563507556915283 -0.9430416226387024 -0.0680757537484169 7.35598611831665 0.0 0.0 0.0 1.0
0.8466001152992249 0.26855215430259705 0.45950841903686523 0.6543446779251099 -0.4141923785209656 -0.2097463458776474 0.8856924772262573 0.6065588593482971 0.3342348337173462 -0.9401522278785706 -0.06633902341127396 7.209942817687988 0.0 0.0 0.0 1.0
0.789390504360199 0.29196640849113464 0.5400168895721436 0.979461669921875 -0.5054124593734741 -0.19021882116794586 0.8416501879692078 0.8070870637893677 0.34845495223999023 -0.9373219609260559 -0.0025934765581041574 6.629401683807373 0.0 0.0 0.0 1.0
0.7770137786865234 0.288639634847641 0.5594075322151184 0.8791109323501587 -0.5255772471427917 -0.19160707294940948 0.828887939453125 0.6298805475234985 0.34643638134002686 -0.938069224357605 0.002821102272719145 6.532433986663818 0.0 0.0 0.0 1.0
0.7654817700386047 0.29086193442344666 0.5739659667015076 0.8699926733970642 -0.5376042723655701 -0.20105884969234467 0.8188754320144653 0.5020477771759033 0.35358062386512756 -0.9354007840156555 0.0024617305025458336 6.458771228790283 0.0 0.0 0.0 1.0
0.7431427240371704 0.3039674460887909 0.5961062908172607 0.8249858021736145 -0.5561211705207825 -0.21484850347042084 0.8028507828712463 0.5835930109024048 0.37211301922798157 -0.9281400442123413 0.009379645809531212 6.414376258850098 0.0 0.0 0.0 1.0
0.7187223434448242 0.3155817687511444 0.6195533275604248 0.8824619054794312 -0.579249918460846 -0.2211030274629593 0.7845909595489502 0.6879734396934509 0.38458773493766785 -0.9227792620658875 0.02388903684914112 6.384136199951172 0.0 0.0 0.0 1.0
0.682253897190094 0.3243682384490967 0.6552212238311768 1.378449559211731 -0.6107285618782043 -0.23982173204421997 0.7546496987342834 0.6053787469863892 0.40192070603370667 -0.915024995803833 0.034481633454561234 6.311995506286621 0.0 0.0 0.0 1.0
0.6576188206672668 0.31592056155204773 0.6839091181755066 1.2026128768920898 -0.6447294354438782 -0.23358696699142456 0.7278468608856201 0.5203689932823181 0.3896940350532532 -0.9195821285247803 0.05007209628820419 6.269915580749512 0.0 0.0 0.0 1.0
0.6574394106864929 0.30702662467956543 0.6881192326545715 1.3418995141983032 -0.6506683230400085 -0.229230135679245 0.7239366769790649 0.5111202597618103 0.38000547885894775 -0.9236818552017212 0.04906758293509483 6.232086658477783 0.0 0.0 0.0 1.0
0.648951530456543 0.2992330491542816 0.699515163898468 1.2492181062698364 -0.6661037802696228 -0.22082746028900146 0.7124190926551819 0.6278830170631409 0.36765149235725403 -0.9282751679420471 0.05601395294070244 6.311405658721924 0.0 0.0 0.0 1.0
0.610889732837677 0.3107936382293701 0.7281627655029297 0.8688904643058777 -0.6974088549613953 -0.22409474849700928 0.6807367205619812 0.884297251701355 0.37474608421325684 -0.9236822128295898 0.07985305786132812 6.334727764129639 0.0 0.0 0.0 1.0
0.550952672958374 0.35139310359954834 0.7569504380226135 0.7489576935768127 -0.7292246222496033 -0.23835164308547974 0.641420304775238 0.36445507407188416 0.40581104159355164 -0.9053791165351868 0.12492401897907257 7.0012359619140625 0.0 0.0 0.0 1.0
0.5183588266372681 0.36262691020965576 0.7744713425636292 0.6482449173927307 -0.7455635070800781 -0.25194254517555237 0.6169764995574951 0.41202375292778015 0.4188545346260071 -0.8972327709197998 0.13976474106311798 7.098669052124023 0.0 0.0 0.0 1.0
0.4915282130241394 0.36750638484954834 0.7895182371139526 0.6092406511306763 -0.762915313243866 -0.2554686665534973 0.5938820838928223 0.42099276185035706 0.4199526607990265 -0.8942453861236572 0.15480618178844452 7.184176921844482 0.0 0.0 0.0 1.0
0.46319374442100525 0.3682759702205658 0.8061168789863586 0.7168654799461365 -0.7767042517662048 -0.26937440037727356 0.5693574547767639 0.3812161087989807 0.42682790756225586 -0.8898372054100037 0.16126897931098938 7.12783670425415 0.0 0.0 0.0 1.0
0.4572635591030121 0.3746909499168396 0.806546151638031 1.3110084533691406 -0.7699345350265503 -0.2871072292327881 0.5698861479759216 0.46349138021469116 0.4450964331626892 -0.8815759420394897 0.15720383822917938 7.226830959320068 0.0 0.0 0.0 1.0
0.3129143714904785 0.3846600353717804 0.8684015274047852 1.4293317794799805 -0.8328298926353455 -0.32842114567756653 0.4455714523792267 1.167880892753601 0.45659497380256653 -0.8626564741134644 0.21758869290351868 7.449089527130127 0.0 0.0 0.0 1.0
0.2643066346645355 0.37679070234298706 0.887789785861969 1.2300913333892822 -0.8462647199630737 -0.3509072959423065 0.40087416768074036 1.1213595867156982 0.46257761120796204 -0.8572589159011841 0.2261175513267517 7.242739200592041 0.0 0.0 0.0 1.0
0.20284630358219147 0.3785551190376282 0.9030777215957642 0.7850466370582581 -0.8646674156188965 -0.3635905385017395 0.3466297686100006 1.2761801481246948 0.4595690071582794 -0.8511744737625122 0.2535712718963623 7.184957981109619 0.0 0.0 0.0 1.0
0.14687611162662506 0.38271886110305786 0.9121149778366089 0.4733734428882599 -0.8802087903022766 -0.3701317310333252 0.29704374074935913 1.4919363260269165 0.4512869417667389 -0.8464802503585815 0.2825089991092682 7.198516845703125 0.0 0.0 0.0 1.0
0.12329782545566559 0.38439545035362244 0.9148976802825928 0.36696118116378784 -0.8824121356010437 -0.3793390095233917 0.27829962968826294 1.5677648782730103 0.4540334939956665 -0.8416305780410767 0.2924235463142395 7.3108110427856445 0.0 0.0 0.0 1.0
0.06356508284807205 0.37517818808555603 0.9247706532478333 1.6359890699386597 -0.842097818851471 -0.4771208167076111 0.25144973397254944 1.0680581331253052 0.5355657935142517 -0.7947307825088501 0.2856085002422333 7.24298095703125 0.0 0.0 0.0 1.0
0.059100862592458725 0.3653630316257477 0.9289870262145996 1.9296650886535645 -0.847102701663971 -0.4739922881126404 0.24030880630016327 1.027457356452942 0.5281326770782471 -0.8011499047279358 0.2814866602420807 7.272289276123047 0.0 0.0 0.0 1.0
0.021772516891360283 0.3649114668369293 0.9307876229286194 1.7125959396362305 -0.8588215112686157 -0.4697876572608948 0.2042674571275711 1.1313533782958984 0.5118120908737183 -0.8038278222084045 0.30316537618637085 7.273311138153076 0.0 0.0 0.0 1.0
-0.02811513841152191 0.3671090304851532 0.9297529458999634 1.553234577178955 -0.8635640740394592 -0.4773789942264557 0.1623774617910385 1.1553714275360107 0.5034547448158264 -0.7983359098434448 0.33044373989105225 7.367366313934326 0.0 0.0 0.0 1.0
-0.05579422414302826 0.3643498420715332 0.9295892715454102 1.5169981718063354 -0.8630402684211731 -0.48575153946876526 0.13858897984027863 1.1399768590927124 0.5020442605018616 -0.794540524482727 0.34155070781707764 7.3886494636535645 0.0 0.0 0.0 1.0
-0.13588252663612366 0.3428587317466736 0.929507315158844 2.154526710510254 -0.8422488570213318 -0.5340068936347961 0.07384775578975677 1.1966583728790283 0.5216826796531677 -0.7728418707847595 0.36133459210395813 7.653228282928467 0.0 0.0 0.0 1.0
-0.15910761058330536 0.33579394221305847 0.9284003376960754 2.080827236175537 -0.8362920880317688 -0.5456163287162781 0.05402218550443649 1.0682129859924316 0.5246906876564026 -0.7678185105323792 0.36763352155685425 7.73779296875 0.0 0.0 0.0 1.0
-0.20880736410617828 0.3303908109664917 0.9204571843147278 1.6967909336090088 -0.8273308277130127 -0.5615434646606445 0.01388008613139391 0.9869011044502258 0.5214625597000122 -0.7586243152618408 0.3905969262123108 7.61433744430542 0.0 0.0 0.0 1.0
-0.2423018515110016 0.3271951675415039 0.9133636355400085 1.488835096359253 -0.8196083903312683 -0.5727934837341309 -0.01223758514970541 0.8574782013893127 0.5191646218299866 -0.75156569480896 0.4069608151912689 7.412068843841553 0.0 0.0 0.0 1.0
-0.2552488446235657 0.3281154930591583 0.909498929977417 1.3623461723327637 -0.8194503784179688 -0.5726732611656189 -0.023376379162073135 0.8521700501441956 0.5131755471229553 -0.751255989074707 0.4150485396385193 7.269073009490967 0.0 0.0 0.0 1.0
-0.31134122610092163 0.3274422585964203 0.8921032547950745 1.0041804313659668 -0.799541711807251 -0.5976383686065674 -0.059677209705114365 0.7818275690078735 0.513614296913147 -0.7318537831306458 0.44787323474884033 6.70107889175415 0.0 0.0 0.0 1.0
-0.31419819593429565 0.3293173909187317 0.8904097676277161 0.9258359670639038 -0.8008400201797485 -0.5956292152404785 -0.06229875609278679 0.781338632106781 0.5098379850387573 -0.7326499223709106 0.4508761763572693 6.647932052612305 0.0 0.0 0.0 1.0
-0.3098619878292084 0.33012452721595764 0.8916295766830444 0.9775292277336121 -0.802158772945404 -0.5942122936248779 -0.058762576431035995 0.7773416042327881 0.5104182958602905 -0.7334368228912354 0.4489361047744751 6.599784851074219 0.0 0.0 0.0 1.0
-0.3059196472167969 0.32917726039886475 0.8933395147323608 0.9913462400436401 -0.8029314875602722 -0.5934063792228699 -0.05630180612206459 0.7566900253295898 0.5115801095962524 -0.7345142364501953 0.4458414614200592 6.634579658508301 0.0 0.0 0.0 1.0
-0.29884636402130127 0.32963502407073975 0.8955621719360352 0.9223747849464417 -0.8093805313110352 -0.5847158432006836 -0.05486788973212242 0.8122231960296631 0.5055630207061768 -0.7412476539611816 0.441540390253067 6.617606163024902 0.0 0.0 0.0 1.0
-0.2947946786880493 0.3246951699256897 0.8987041711807251 0.8953983187675476 -0.8101854920387268 -0.5835961103439331 -0.05490966886281967 0.8100458383560181 0.5066513419151306 -0.7443041205406189 0.4351043403148651 6.6114702224731445 0.0 0.0 0.0 1.0
-0.2936131954193115 0.3256269693374634 0.8987537622451782 0.8011246919631958 -0.813348650932312 -0.5790842771530151 -0.0559045784175396 0.8443284630775452 0.5022501349449158 -0.7474145293235779 0.4348750412464142 6.596159934997559 0.0 0.0 0.0 1.0