-0.24753914773464203 -0.7186100482940674 -0.6498646140098572 2.0318403244018555 0.45570749044418335 -0.6782702207565308 0.5764375329017639 1.4424493312835693 -0.8550176024436951 -0.15345731377601624 0.4953743815422058 17.723608016967773 0.0 0.0 0.0 1.0
-0.24753914773464203 -0.7186100482940674 -0.6498646140098572 2.0318403244018555 0.45570749044418335 -0.6782702207565308 0.5764375329017639 1.4424493312835693 -0.8550176024436951 -0.15345731377601624 0.4953743815422058 17.723608016967773 0.0 0.0 0.0 1.0
-0.24753914773464203 -0.7186100482940674 -0.6498646140098572 2.0318403244018555 0.45570749044418335 -0.6782702207565308 0.5764375329017639 1.4424493312835693 -0.8550176024436951 -0.15345731377601624 0.4953743815422058 17.723608016967773 0.0 0.0 0.0 1.0
-0.25080206990242004 -0.7172382473945618 -0.6501289010047913 1.9567691087722778 0.45571818947792053 -0.6799992918968201 0.5743882656097412 1.3762868642807007 -0.8540604710578918 -0.1522178053855896 0.49740374088287354 17.74005126953125 0.0 0.0 0.0 1.0
-0.251779168844223 -0.7165989279747009 -0.6504561901092529 1.8548412322998047 0.4558543264865875 -0.6806929707527161 0.5734578371047974 1.3336001634597778 -0.8537002205848694 -0.15212851762771606 0.4980490505695343 17.711193084716797 0.0 0.0 0.0 1.0
-0.29936280846595764 -0.6898232698440552 -0.6591857075691223 1.4137234687805176 0.4534555971622467 -0.7107217311859131 0.5378221273422241 1.153234601020813 -0.839499831199646 -0.1379074901342392 0.525567889213562 17.61037826538086 0.0 0.0 0.0 1.0
-0.31485918164253235 -0.6815585494041443 -0.6605616211891174 1.343920111656189 0.45235490798950195 -0.7195892333984375 0.5268456935882568 1.272049069404602 -0.834409236907959 -0.1329260915517807 0.5348756313323975 17.779693603515625 0.0 0.0 0.0 1.0
-0.3310741186141968 -0.6725005507469177 -0.6619161367416382 1.3325514793395996 0.4512382745742798 -0.7289043068885803 0.5148616433143616 1.3523521423339844 -0.8287182450294495 -0.12822453677654266 0.544779360294342 17.980602264404297 0.0 0.0 0.0 1.0
-0.3492959439754486 -0.6633210182189941 -0.6618138551712036 1.3663356304168701 0.44959884881973267 -0.738331139087677 0.5027206540107727 1.40298330783844 -0.8221029043197632 -0.12195246666669846 0.5561244487762451 18.152687072753906 0.0 0.0 0.0 1.0
-0.358024537563324 -0.6586074829101562 -0.6618569493293762 1.3931971788406372 0.44887781143188477 -0.7429641485214233 0.49650076031684875 1.4226648807525635 -0.8187350630760193 -0.11933344602584839 0.5616337060928345 18.196931838989258 0.0 0.0 0.0 1.0
-0.46314537525177 -0.6084558963775635 -0.6444205045700073 1.2794989347457886 0.43764305114746094 -0.7892825603485107 0.4306989908218384 1.6498818397521973 -0.7706912159919739 -0.08254990726709366 0.6318390369415283 17.93155288696289 0.0 0.0 0.0 1.0
-0.4836035966873169 -0.5995089411735535 -0.637743353843689 1.1086276769638062 0.4344525933265686 -0.7969306707382202 0.41970524191856384 1.7079205513000488 -0.759854257106781 -0.07409828156232834 0.6458567380905151 17.805517196655273 0.0 0.0 0.0 1.0
-0.5041786432266235 -0.5896235108375549 -0.630989670753479 0.8988121151924133 0.43106621503829956 -0.8049420714378357 0.4077378809452057 1.7655092477798462 -0.7483220100402832 -0.0664256140589714 0.6600013971328735 17.66639518737793 0.0 0.0 0.0 1.0
-0.5247788429260254 -0.5800651907920837 -0.6230020523071289 0.6538177132606506 0.42776912450790405 -0.8124582767486572 0.39613771438598633 1.8519532680511475 -0.7359488606452942 -0.05861636623740196 0.6744949221611023 17.51247787475586 0.0 0.0 0.0 1.0
-0.5455746054649353 -0.569786548614502 -0.6145662069320679 0.39022308588027954 0.42427974939346313 -0.8201855421066284 0.3837738633155823 1.9200416803359985 -0.7227274775505066 -0.05137069895863533 0.6892213225364685 17.367294311523438 0.0 0.0 0.0 1.0
-0.6622119545936584 -0.503896176815033 -0.5545845031738281 0.2973102927207947 0.4006905257701874 -0.863544762134552 0.306165874004364 1.5711843967437744 -0.6331843137741089 -0.01947002299129963 0.7737560868263245 17.859487533569336 0.0 0.0 0.0 1.0
-0.685673177242279 -0.487642377614975 -0.5404232144355774 0.5150339603424072 0.3928152322769165 -0.8729323148727417 0.28928428888320923 1.6637731790542603 -0.6128201484680176 -0.013931999914348125 0.7900996208190918 17.9313907623291 0.0 0.0 0.0 1.0
-0.6978439688682556 -0.478868305683136 -0.5326339602470398 0.6191539764404297 0.38794076442718506 -0.8778230547904968 0.28094246983528137 1.7306592464447021 -0.6020928025245667 -0.010576420463621616 0.7983560562133789 18.01198959350586 0.0 0.0 0.0 1.0
-0.7216415405273438 -0.46082231402397156 -0.5166007280349731 0.7965892553329468 0.3778517246246338 -0.8874794244766235 0.2638339698314667 1.896239161491394 -0.5800530910491943 -0.004804943688213825 0.8145644664764404 18.103504180908203 0.0 0.0 0.0 1.0
-0.7457889914512634 -0.4413076639175415 -0.4990454316139221 0.8877562284469604 0.3657366633415222 -0.8973543047904968 0.24696539342403412 2.0858397483825684 -0.5568082928657532 0.001664850628003478 0.8306393623352051 18.232662200927734 0.0 0.0 0.0 1.0
-0.8602607250213623 -0.33191177248954773 -0.3870220184326172 0.37543168663978577 0.2902970314025879 -0.9428893327713013 0.16336262226104736 2.439768075942993 -0.41914090514183044 0.0281831007450819 0.907483696937561 18.68593978881836 0.0 0.0 0.0 1.0
-0.8773396611213684 -0.31188762187957764 -0.36469337344169617 0.44036638736724854 0.27493345737457275 -0.9495822191238403 0.1506825089454651 2.266066789627075 -0.3933023512363434 0.03193332254886627 0.9188544750213623 18.67957878112793 0.0 0.0 0.0 1.0
-0.8943583965301514 -0.29073837399482727 -0.3399915397167206 0.5267961025238037 0.25785133242607117 -0.9560901522636414 0.13929931819438934 2.0832369327545166 -0.36556223034858704 0.03691624850034714 0.9300545454025269 18.657861709594727 0.0 0.0 0.0 1.0
-0.9091492295265198 -0.27050790190696716 -0.3166593015193939 0.6100127696990967 0.24117021262645721 -0.9618387818336487 0.12924061715602875 1.8761773109436035 -0.33953580260276794 0.041130222380161285 0.9396934509277344 18.365400314331055 0.0 0.0 0.0 1.0
-0.9162452220916748 -0.26019251346588135 -0.30462196469306946 0.6323100328445435 0.23244436085224152 -0.9645769000053406 0.12474369257688522 1.791536569595337 -0.32628870010375977 0.04348815232515335 0.9442692995071411 18.15773582458496 0.0 0.0 0.0 1.0
-0.9708006381988525 -0.15633249282836914 -0.18195143342018127 -0.0419505313038826 0.14298929274082184 -0.9861226677894592 0.08435720205307007 1.4703389406204224 -0.19261421263217926 0.05587691068649292 0.9796823859214783 15.817785263061523 0.0 0.0 0.0 1.0
-0.9771872162818909 -0.1405147910118103 -0.15925048291683197 -0.23955167829990387 0.12986892461776733 -0.988656759262085 0.07544489949941635 1.2692099809646606 -0.16804517805576324 0.053042102605104446 0.9843512177467346 15.701640129089355 0.0 0.0 0.0 1.0
-0.9831914305686951 -0.12404512614011765 -0.13396787643432617 -0.44097089767456055 0.11587926000356674 -0.9909907579421997 0.0671510174870491 1.1061792373657227 -0.14109067618846893 0.05049820616841316 0.9887079000473022 15.729031562805176 0.0 0.0 0.0 1.0
-0.9880117774009705 -0.10818903148174286 -0.11012667417526245 -0.6017594337463379 0.10241875797510147 -0.9931191802024841 0.05678613856434822 0.9940653443336487 -0.11551255732774734 0.044826336205005646 0.9922940135002136 15.79092788696289 0.0 0.0 0.0 1.0
-0.9923520684242249 -0.09143223613500595 -0.08293049782514572 -0.6867421269416809 0.08767443895339966 -0.9949976801872253 0.047882869839668274 0.9200862050056458 -0.08689369261264801 0.04024578258395195 0.9954043030738831 15.944845199584961 0.0 0.0 0.0 1.0
-0.9980548024177551 -0.0009104373748414218 0.06233643740415573 0.11760628968477249 0.0007823986816219985 -0.9999975562095642 -0.0020783739164471626 0.9857872724533081 0.06233817711472511 -0.002025559078902006 0.9980530142784119 16.128280639648438 0.0 0.0 0.0 1.0
-0.9959467649459839 0.015386926010251045 0.08861847221851349 0.3381163477897644 -0.016342179849743843 -0.999815821647644 -0.01006393227726221 1.0706268548965454 0.08844729512929916 -0.011471359990537167 0.9960147738456726 15.835877418518066 0.0 0.0 0.0 1.0
-0.9944400191307068 0.024240558966994286 0.10247641056776047 0.4331531226634979 -0.025788789615035057 -0.9995720386505127 -0.013810204342007637 1.1690620183944702 0.10209778696298599 -0.016376161947846413 0.9946395754814148 15.794540405273438 0.0 0.0 0.0 1.0
-0.9909494519233704 0.039399102330207825 0.12832359969615936 0.6009026765823364 -0.042654652148485184 -0.9988315105438232 -0.022720186039805412 1.3201130628585815 0.12727849185466766 -0.02798815444111824 0.991472065448761 15.636900901794434 0.0 0.0 0.0 1.0
-0.9864553213119507 0.05475189536809921 0.1546223759651184 0.6841149926185608 -0.06009897589683533 -0.9977379441261292 -0.030117973685264587 1.348580002784729 0.15262359380722046 -0.0390026830136776 0.9875144958496094 15.55158519744873 0.0 0.0 0.0 1.0
-0.9491367340087891 0.13829003274440765 0.28286972641944885 0.6895857453346252 -0.15653881430625916 -0.9867419600486755 -0.0428471639752388 1.4177391529083252 0.2731941044330597 -0.08494790643453598 0.9582008123397827 15.245287895202637 0.0 0.0 0.0 1.0
-0.9410791993141174 0.15326882898807526 0.30146077275276184 0.6915031671524048 -0.17347319424152374 -0.9839737415313721 -0.04126410931348801 1.543086290359497 0.290304958820343 -0.0911281555891037 0.9525852799415588 15.052826881408691 0.0 0.0 0.0 1.0
-0.9326378703117371 0.16845138370990753 0.31907790899276733 0.6763810515403748 -0.19020460546016693 -0.981006920337677 -0.03804730996489525 1.6665395498275757 0.30660852789878845 -0.096174456179142 0.94696444272995 14.73609733581543 0.0 0.0 0.0 1.0
-0.9235891103744507 0.1834053099155426 0.33666837215423584 0.6224192976951599 -0.20706230401992798 -0.9776860475540161 -0.03542857617139816 1.8321956396102905 0.3226581811904907 -0.10243277996778488 0.9409565329551697 14.368667602539062 0.0 0.0 0.0 1.0
-0.918565571308136 0.19140669703483582 0.345833420753479 0.5551227331161499 -0.215860053896904 -0.9758583307266235 -0.03324081748723984 1.8962913751602173 0.33112192153930664 -0.10518548637628555 0.9377069473266602 14.181747436523438 0.0 0.0 0.0 1.0
-0.8404591083526611 0.28140297532081604 0.4630775451660156 -0.5715067982673645 -0.3139009475708008 -0.949428141117096 0.007236381061375141 1.5712006092071533 0.4416952133178711 -0.1392785906791687 0.8862882256507874 13.325434684753418 0.0 0.0 0.0 1.0
-0.8219079971313477 0.2964094281196594 0.48642435669898987 -0.6611602902412415 -0.3310438096523285 -0.9434869885444641 0.015564368106424809 1.485804796218872 0.463548481464386 -0.1482352912425995 0.8735840320587158 13.27158260345459 0.0 0.0 0.0 1.0
-0.8016296625137329 0.31135594844818115 0.5103404521942139 -0.7289564609527588 -0.3479650914669037 -0.937169075012207 0.025187168270349503 1.3554716110229492 0.4861174523830414 -0.15738986432552338 0.8596035242080688 13.206925392150879 0.0 0.0 0.0 1.0
-0.7783388495445251 0.32826077938079834 0.5351948142051697 -0.7791022658348083 -0.366474986076355 -0.9296818971633911 0.03725075721740723 1.2947927713394165 0.5097889304161072 -0.16714179515838623 0.8439069390296936 13.328258514404297 0.0 0.0 0.0 1.0
-0.7559557557106018 0.34046226739883423 0.5591210722923279 -0.7191487550735474 -0.38228920102119446 -0.9229400753974915 0.0451289564371109 1.3094236850738525 0.5313999056816101 -0.17963044345378876 0.8278568983078003 13.208775520324707 0.0 0.0 0.0 1.0
-0.5955818295478821 0.40582042932510376 0.6932474970817566 -0.008801630698144436 -0.47151193022727966 -0.8753061294555664 0.1073111742734909 1.267340898513794 0.6503528356552124 -0.26296186447143555 0.7126655578613281 13.061671257019043 0.0 0.0 0.0 1.0
-0.5615285038948059 0.4152574837207794 0.7157142758369446 0.10756958276033401 -0.4867340922355652 -0.8652492165565491 0.12014030665159225 1.1659612655639648 0.6691603660583496 -0.28090032935142517 0.6879820823669434 13.166988372802734 0.0 0.0 0.0 1.0
-0.5433599948883057 0.41990888118743896 0.7269363403320312 0.14882510900497437 -0.4942037761211395 -0.8599673509597778 0.12735280394554138 1.1072096824645996 0.6786181330680847 -0.2900562584400177 0.6747924089431763 13.330766677856445 0.0 0.0 0.0 1.0
-0.5070984363555908 0.42820408940315247 0.7479922771453857 0.1655578315258026 -0.5088403820991516 -0.8492054343223572 0.14117935299873352 1.001838207244873 0.6956526637077332 -0.3090168535709381 0.6485182642936707 13.689221382141113 0.0 0.0 0.0 1.0
-0.4707307517528534 0.4356934428215027 0.7671921253204346 0.10730338841676712 -0.5228995084762573 -0.8381545543670654 0.15515483915805817 0.9555255770683289 0.7106255888938904 -0.32812821865081787 0.6223689913749695 14.011199951171875 0.0 0.0 0.0 1.0
-0.2562003433704376 0.47099658846855164 0.8441111445426941 0.21274766325950623 -0.5943863391876221 -0.765411376953125 0.24667862057685852 1.191760778427124 0.7622770071029663 -0.43852895498275757 0.47605258226394653 14.638749122619629 0.0 0.0 0.0 1.0
-0.2160499542951584 0.4758041203022003 0.852603554725647 0.30961737036705017 -0.605482280254364 -0.7503367066383362 0.26530370116233826 1.2543762922286987 0.765972375869751 -0.458917498588562 0.450201153755188 14.515239715576172 0.0 0.0 0.0 1.0
-0.17779509723186493 0.4790203869342804 0.8596094250679016 0.40977680683135986 -0.6152710318565369 -0.7358456254005432 0.2827945649623871 1.3426010608673096 0.7680041790008545 -0.47861331701278687 0.42555713653564453 14.218567848205566 0.0 0.0 0.0 1.0
-0.13872510194778442 0.4815303683280945 0.8653807640075684 0.4449348449707031 -0.6236262917518616 -0.7212898135185242 0.3013821840286255 1.42709219455719 0.7693150043487549 -0.49786490201950073 0.4003559947013855 13.958020210266113 0.0 0.0 0.0 1.0
-0.12187541276216507 0.4821365773677826 0.8675774931907654 0.49080827832221985 -0.6271784901618958 -0.714883029460907 0.30917540192604065 1.4499056339263916 0.7692812085151672 -0.506445050239563 0.3895123600959778 13.753321647644043 0.0 0.0 0.0 1.0
0.06921753287315369 0.4691220223903656 0.8804166316986084 1.5060374736785889 -0.6444289088249207 -0.6526606678962708 0.39842870831489563 0.8873461484909058 0.7615249752998352 -0.594944179058075 0.25714024901390076 12.90395736694336 0.0 0.0 0.0 1.0
0.10325607657432556 0.46363285183906555 0.8799902200698853 1.629285454750061 -0.6446124911308289 -0.6425881385803223 0.414192259311676 0.7142537832260132 0.757504403591156 -0.6100205183029175 0.23251238465309143 12.900583267211914 0.0 0.0 0.0 1.0
0.13677652180194855 0.45725053548812866 0.8787571787834167 1.690268635749817 -0.6441829204559326 -0.6328536868095398 0.4295632541179657 0.555276095867157 0.7525427341461182 -0.6248344779014587 0.20799344778060913 12.923519134521484 0.0 0.0 0.0 1.0
0.16953250765800476 0.45025643706321716 0.876657247543335 1.6610451936721802 -0.643482506275177 -0.6231734156608582 0.44450557231903076 0.45870068669319153 0.7464509606361389 -0.639471709728241 0.1840839684009552 13.01998233795166 0.0 0.0 0.0 1.0
0.2013370543718338 0.4435540437698364 0.8733402490615845 1.5853208303451538 -0.642465353012085 -0.6132249236106873 0.4595579504966736 0.5469232797622681 0.7393927574157715 -0.6536169052124023 0.16150319576263428 13.116902351379395 0.0 0.0 0.0 1.0
0.3622783422470093 0.4092072546482086 0.8374388813972473 1.6101988554000854 -0.6251929998397827 -0.5596909523010254 0.5439483523368835 1.0887155532836914 0.6912945508956909 -0.7206215858459473 0.05306960269808769 13.551370620727539 0.0 0.0 0.0 1.0
0.3914506435394287 0.40216583013534546 0.8276647925376892 1.724866271018982 -0.6201462149620056 -0.5492103099822998 0.5601667165756226 1.0713675022125244 0.679841935634613 -0.7325507998466492 0.034412894397974014 13.572664260864258 0.0 0.0 0.0 1.0
0.40698161721229553 0.3988942801952362 0.8217355608940125 1.7751717567443848 -0.6168732047080994 -0.5434486865997314 0.5693250298500061 1.063473105430603 0.6736716032028198 -0.7386114597320557 0.02489354833960533 13.579049110412598 0.0 0.0 0.0 1.0
0.43744197487831116 0.39133918285369873 0.809628427028656 1.8664847612380981 -0.6103119850158691 -0.5320289134979248 0.5869110226631165 1.0682071447372437 0.6604269742965698 -0.7508654594421387 0.00610722741112113 13.525050163269043 0.0 0.0 0.0 1.0
0.4682827591896057 0.3836338222026825 0.7959499359130859 1.8960694074630737 -0.6028432846069336 -0.5198697447776794 0.605239987373352 1.1530230045318604 0.6459808349609375 -0.7632565498352051 -0.012174966745078564 13.442741394042969 0.0 0.0 0.0 1.0
0.6089875102043152 0.34347501397132874 0.7149538993835449 0.833636462688446 -0.5546364784240723 -0.4599643349647522 0.6934055089950562 1.3636350631713867 0.5670207738876343 -0.8188148140907288 -0.08960875868797302 11.751121520996094 0.0 0.0 0.0 1.0
0.6285779476165771 0.3367888927459717 0.7010442614555359 0.5835049152374268 -0.5449771285057068 -0.4523526728153229 0.7059582471847534 1.2404025793075562 0.5548781156539917 -0.8258028626441956 -0.1007966697216034 11.560135841369629 0.0 0.0 0.0 1.0
0.6481128931045532 0.32888349890708923 0.686866283416748 0.30824965238571167 -0.5347765684127808 -0.44558778405189514 0.7179592847824097 1.0445950031280518 0.5421842336654663 -0.832638680934906 -0.11291200667619705 11.5228271484375 0.0 0.0 0.0 1.0
0.6668484807014465 0.3205181360244751 0.6727415323257446 0.08465032279491425 -0.5244967341423035 -0.4394177496433258 0.7292566299438477 0.8695179224014282 0.5293545722961426 -0.8391544222831726 -0.12491434067487717 11.488643646240234 0.0 0.0 0.0 1.0
0.6855841875076294 0.3112052083015442 0.6581228375434875 -0.07726074010133743 -0.5137661695480347 -0.43365156650543213 0.7402638792991638 0.7725350260734558 0.5157699584960938 -0.8456344604492188 -0.13741792738437653 11.551108360290527 0.0 0.0 0.0 1.0
0.7865831255912781 0.24373582005500793 0.567344605922699 0.0662524476647377 -0.44824841618537903 -0.4065369665622711 0.7961162328720093 0.8347685933113098 0.42468857765197754 -0.8805229067802429 -0.2105209082365036 12.04761791229248 0.0 0.0 0.0 1.0
0.796089231967926 0.23523163795471191 0.5575912594795227 0.11244695633649826 -0.44161686301231384 -0.4041653871536255 0.8010149002075195 0.8676581978797913 0.41378313302993774 -0.8839210271835327 -0.21786946058273315 12.159480094909668 0.0 0.0 0.0 1.0
0.8153471350669861 0.21734242141246796 0.5366295576095581 0.20212900638580322 -0.42803871631622314 -0.3978371322154999 0.8114853501319885 0.9469403028488159 0.3898613750934601 -0.8913404941558838 -0.23134441673755646 12.4658203125 0.0 0.0 0.0 1.0
0.8336670994758606 0.19836874306201935 0.5154114961624146 0.29419082403182983 -0.41385501623153687 -0.39356163144111633 0.820873498916626 1.0069198608398438 0.36568182706832886 -0.8976408243179321 -0.24600347876548767 12.826590538024902 0.0 0.0 0.0 1.0
0.8518267273902893 0.17800217866897583 0.49265241622924805 0.42920494079589844 -0.3991512358188629 -0.3884778916835785 0.8305198550224304 1.1037964820861816 0.3392189145088196 -0.9041018486022949 -0.25986605882644653 13.26101016998291 0.0 0.0 0.0 1.0
0.9406152963638306 0.04785580933094025 0.33608442544937134 1.5351860523223877 -0.2981295883655548 -0.35705113410949707 0.8852306008338928 1.1759167909622192 0.162362739443779 -0.9328581690788269 -0.3215804994106293 15.458526611328125 0.0 0.0 0.0 1.0
0.953135073184967 0.021388275548815727 0.3017880618572235 1.7348062992095947 -0.2754744291305542 -0.3510698676109314 0.8949099183082581 1.2233128547668457 0.12508927285671234 -0.936104953289032 -0.32872509956359863 15.579429626464844 0.0 0.0 0.0 1.0
0.9635910391807556 -0.005216419231146574 0.267329603433609 1.8453097343444824 -0.25261035561561584 -0.34546148777008057 0.9037944078445435 1.2769207954406738 0.0876375064253807 -0.938418447971344 -0.33420130610466003 15.655157089233398 0.0 0.0 0.0 1.0
0.9716920852661133 -0.030399620532989502 0.2342868596315384 1.8521265983581543 -0.23048804700374603 -0.33968132734298706 0.9118617177009583 1.3286621570587158 0.051862627267837524 -0.9400491714477539 -0.3370724320411682 15.592294692993164 0.0 0.0 0.0 1.0
0.9749734997749329 -0.042264487594366074 0.21826677024364471 1.828436017036438 -0.2196044623851776 -0.3360917270183563 0.9158691167831421 1.3388140201568604 0.03464891389012337 -0.9408804774284363 -0.3369619846343994 15.518372535705566 0.0 0.0 0.0 1.0
0.9856327772140503 -0.1587703973054886 0.057619206607341766 0.8331404328346252 -0.10641415417194366 -0.3188130259513855 0.9418249726295471 1.0094355344772339 -0.13116417825222015 -0.9344250559806824 -0.33112800121307373 14.487022399902344 0.0 0.0 0.0 1.0
0.9835649728775024 -0.17849014699459076 0.02722575142979622 0.6824241280555725 -0.08376346528530121 -0.31750038266181946 0.9445512890815735 0.9196524024009705 -0.1599489152431488 -0.9313080906867981 -0.3272331953048706 14.395307540893555 0.0 0.0 0.0 1.0
0.9801483750343323 -0.1982591599225998 -0.0015855145175009966 0.5628038048744202 -0.06277234107255936 -0.3178979456424713 0.9460446834564209 0.860958993434906 -0.1880660504102707 -0.927164614200592 -0.32403233647346497 14.366933822631836 0.0 0.0 0.0 1.0
0.9752733707427979 -0.2188480645418167 -0.03077913075685501 0.46270322799682617 -0.04117029160261154 -0.3167453408241272 0.947616696357727 0.9117363691329956 -0.21713322401046753 -0.9229181408882141 -0.31792333722114563 14.403499603271484 0.0 0.0 0.0 1.0
0.9691138863563538 -0.2393244504928589 -0.05951521545648575 0.37593990564346313 -0.020396370440721512 -0.31828537583351135 0.9477754831314087 1.038138747215271 -0.24576866626739502 -0.9172885417938232 -0.3133361339569092 14.514626502990723 0.0 0.0 0.0 1.0
0.9061331152915955 -0.3667258024215698 -0.21079614758491516 0.11170871555805206 0.07958831638097763 -0.34162935614585876 0.9364588260650635 1.5186944007873535 -0.4154377579689026 -0.8653331995010376 -0.28037458658218384 15.380537986755371 0.0 0.0 0.0 1.0
0.8986363410949707 -0.3777686059474945 -0.2230328470468521 0.1346217840909958 0.08693910390138626 -0.34496188163757324 0.9345816373825073 1.4915993213653564 -0.4299934506416321 -0.8592392802238464 -0.277152419090271 15.425970077514648 0.0 0.0 0.0 1.0
0.88166344165802 -0.4008968770503998 -0.2489001303911209 0.20065011084079742 0.10285882651805878 -0.3515090346336365 0.93051677942276 1.509243130683899 -0.46053192019462585 -0.8460041880607605 -0.26867687702178955 15.49459457397461 0.0 0.0 0.0 1.0
0.8634527921676636 -0.42306914925575256 -0.27470314502716064 0.2599296271800995 0.11863365769386292 -0.3589901626110077 0.9257711172103882 1.590810775756836 -0.4902808964252472 -0.8319486379623413 -0.2597808241844177 15.470008850097656 0.0 0.0 0.0 1.0
0.8432912230491638 -0.445582777261734 -0.3005259931087494 0.33815738558769226 0.13491524755954742 -0.3657577931880951 0.9208795428276062 1.589382290840149 -0.5202478170394897 -0.8171151876449585 -0.2483244240283966 15.495485305786133 0.0 0.0 0.0 1.0
0.7274266481399536 -0.5445504784584045 -0.4175107181072235 -0.3614320456981659 0.20527087152004242 -0.4078969657421112 0.8896538019180298 1.6809152364730835 -0.6547628045082092 -0.7328606843948364 -0.18493476510047913 14.590167999267578 0.0 0.0 0.0 1.0
0.7061367034912109 -0.5580229163169861 -0.4358685612678528 -0.6748237609863281 0.21653984487056732 -0.41589242219924927 0.8832576274871826 1.665088176727295 -0.6741523742675781 -0.7180835008621216 -0.17284269630908966 14.353752136230469 0.0 0.0 0.0 1.0
0.6831262707710266 -0.5711891651153564 -0.45506206154823303 -0.9884076714515686 0.22861048579216003 -0.42454615235328674 0.8760695457458496 1.6000953912734985 -0.6935962438583374 -0.7024980783462524 -0.15943880379199982 14.490769386291504 0.0 0.0 0.0 1.0
0.672749400138855 -0.5759291648864746 -0.46445009112358093 -1.1214854717254639 0.23444443941116333 -0.4294563829898834 0.8721255660057068 1.5041122436523438 -0.7017436027526855 -0.6956096887588501 -0.1538931280374527 14.415374755859375 0.0 0.0 0.0 1.0
0.6504563689231873 -0.5858983993530273 -0.483352392911911 -1.3303093910217285 0.24619215726852417 -0.4393824338912964 0.8639053702354431 1.3085837364196777 -0.7185373306274414 -0.6809303164482117 -0.1415555328130722 14.389505386352539 0.0 0.0 0.0 1.0
0.5139239430427551 -0.6231165528297424 -0.5895828604698181 -1.5046277046203613 0.3144226372241974 -0.5026322603225708 0.8052944540977478 0.8931717872619629 -0.7981356978416443 -0.5992382764816284 -0.06239280104637146 14.468376159667969 0.0 0.0 0.0 1.0
0.48695510625839233 -0.6292765736579895 -0.6057109236717224 -1.572151780128479 0.32367390394210815 -0.5140995979309082 0.7943153381347656 0.8219013214111328 -0.8112397789955139 -0.5828487277030945 -0.04666303098201752 14.4105224609375 0.0 0.0 0.0 1.0
0.4614335000514984 -0.6327723860740662 -0.6218345761299133 -1.650378704071045 0.3339272439479828 -0.5254930853843689 0.7825276851654053 0.6633880734443665 -0.8219317197799683 -0.568731963634491 -0.03118017315864563 14.31413459777832 0.0 0.0 0.0 1.0
0.430871844291687 -0.6397433876991272 -0.6364572644233704 -1.7627065181732178 0.3433193266391754 -0.5360391736030579 0.7712287902832031 0.5685049295425415 -0.8345545530319214 -0.550808846950531 -0.011327900923788548 14.323455810546875 0.0 0.0 0.0 1.0
0.40640437602996826 -0.6414128541946411 -0.650711178779602 -1.8810428380966187 0.3527178168296814 -0.5468374490737915 0.759314775466919 0.45086151361465454 -0.8428674936294556 -0.5381062626838684 0.004000612534582615 14.322179794311523 0.0 0.0 0.0 1.0
0.27475497126579285 -0.659524142742157 -0.6996696591377258 -1.664475679397583 0.3821941316127777 -0.5928069353103638 0.708877682685852 0.8118319511413574 -0.8822909593582153 -0.4621773064136505 0.08918961137533188 15.360060691833496 0.0 0.0 0.0 1.0
0.2637992799282074 -0.6611628532409668 -0.7023344039916992 -1.5970158576965332 0.3827114999294281 -0.5966187119483948 0.7053921222686768 0.8869786262512207 -0.8854048848152161 -0.45487338304519653 0.09564704447984695 15.46561050415039 0.0 0.0 0.0 1.0