-0.9241721630096436 -0.3090452551841736 -0.22449229657649994 0.2546246349811554 0.2826910614967346 -0.9486198425292969 0.1421484798192978 2.712101459503174 -0.25688815116882324 0.06790770590305328 0.9640523791313171 6.3890581130981445 0.0 0.0 0.0 1.0
-0.9180898070335388 -0.32160624861717224 -0.23169049620628357 0.2687966823577881 0.2943064570426941 -0.9446421265602112 0.14503416419029236 2.716331958770752 -0.2655085027217865 0.06496637314558029 0.9619171619415283 6.407637119293213 0.0 0.0 0.0 1.0
-0.9124290347099304 -0.33231717348098755 -0.23882748186588287 0.2919520437717438 0.304722398519516 -0.9412562847137451 0.14553630352020264 2.7102859020233154 -0.2731620967388153 0.060015469789505005 0.9600940942764282 6.444677829742432 0.0 0.0 0.0 1.0
-0.8999188542366028 -0.3569191098213196 -0.2505090832710266 0.35642409324645996 0.32949745655059814 -0.9328820109367371 0.14547358453273773 2.6673080921173096 -0.28561773896217346 0.04837231710553169 0.9571220278739929 6.518407821655273 0.0 0.0 0.0 1.0
-0.8809237480163574 -0.3925429582595825 -0.2643546462059021 0.48170262575149536 0.36375388503074646 -0.9189447164535522 0.1523931622505188 2.673966646194458 -0.3027481734752655 0.03808673098683357 0.952309250831604 6.6041460037231445 0.0 0.0 0.0 1.0
-0.8159361481666565 -0.48393529653549194 -0.3163144588470459 0.8046053051948547 0.44196978211402893 -0.8748262524604797 0.19834747910499573 2.630232572555542 -0.3727075457572937 0.02203744649887085 0.9276871681213379 7.070094585418701 0.0 0.0 0.0 1.0
-0.8032514452934265 -0.5023356080055237 -0.3200720250606537 0.8296768069267273 0.4574793875217438 -0.864415168762207 0.20856411755084991 2.6513638496398926 -0.3814442753791809 0.02110307291150093 0.9241509437561035 6.983860015869141 0.0 0.0 0.0 1.0
-0.7679048180580139 -0.5349572896957397 -0.3523392081260681 0.7627428770065308 0.4888273775577545 -0.8448624610900879 0.21738269925117493 2.55232834815979 -0.41396862268447876 -0.005303837824612856 0.9102756977081299 6.987310409545898 0.0 0.0 0.0 1.0
-0.7329185605049133 -0.5691649913787842 -0.37266817688941956 0.6125010848045349 0.5163031220436096 -0.8220590949058533 0.24010403454303741 2.6046042442321777 -0.44301408529281616 -0.016433048993349075 0.8963640332221985 6.858407020568848 0.0 0.0 0.0 1.0
-0.6850754022598267 -0.6200501918792725 -0.38237348198890686 0.5227846503257751 0.5614179968833923 -0.783869743347168 0.26525089144706726 2.7419145107269287 -0.46419987082481384 -0.032954491674900055 0.88511723279953 6.719021320343018 0.0 0.0 0.0 1.0
-0.4952622950077057 -0.7431157827377319 -0.4499935507774353 1.0173269510269165 0.6571002006530762 -0.659264087677002 0.365499883890152 2.5581817626953125 -0.5682733058929443 -0.11467254906892776 0.8148102164268494 6.7159342765808105 0.0 0.0 0.0 1.0
-0.47125503420829773 -0.7534757256507874 -0.45846816897392273 1.0197932720184326 0.6642577648162842 -0.6451656818389893 0.3775220811367035 2.558833122253418 -0.5802416205406189 -0.12663185596466064 0.8045396208763123 6.77025032043457 0.0 0.0 0.0 1.0
-0.4327154755592346 -0.7694782018661499 -0.4697452485561371 0.977182149887085 0.6769244074821472 -0.6214526295661926 0.39442354440689087 2.548969030380249 -0.5954247713088989 -0.1473088562488556 0.7897907495498657 6.88604211807251 0.0 0.0 0.0 1.0
-0.4082735478878021 -0.780947208404541 -0.4726881980895996 0.9718635678291321 0.6887273788452148 -0.6033746004104614 0.40198713541030884 2.546558141708374 -0.5991387963294983 -0.16143260896205902 0.7842016220092773 6.99426794052124 0.0 0.0 0.0 1.0
-0.37792202830314636 -0.7942543029785156 -0.4757468104362488 0.990763783454895 0.7021003365516663 -0.5808231234550476 0.411946177482605 2.5432920455932617 -0.6035147905349731 -0.1783384531736374 0.7771520614624023 7.001265048980713 0.0 0.0 0.0 1.0
-0.2755989730358124 -0.8286591172218323 -0.4872055947780609 1.0152339935302734 0.7207276821136475 -0.5135024189949036 0.46568965911865234 2.7074620723724365 -0.6360791921615601 -0.22279898822307587 0.7387583255767822 7.059397220611572 0.0 0.0 0.0 1.0
-0.24213014543056488 -0.8365373015403748 -0.4915061891078949 0.9059586524963379 0.7220579981803894 -0.49373406171798706 0.4846224784851074 2.704324245452881 -0.6480781435966492 -0.23755425214767456 0.7235763072967529 7.068243503570557 0.0 0.0 0.0 1.0
-0.18491056561470032 -0.8507013916969299 -0.4920521080493927 0.6954335570335388 0.7339788675308228 -0.4524930715560913 0.5064830183982849 2.724346160888672 -0.6535159945487976 -0.2675017714500427 0.7080675363540649 7.055870532989502 0.0 0.0 0.0 1.0
-0.14552919566631317 -0.8566164374351501 -0.4950045645236969 0.5117184519767761 0.7373647093772888 -0.42749661207199097 0.5230104327201843 2.7152040004730225 -0.6596320867538452 -0.28888562321662903 0.6938520073890686 7.1544108390808105 0.0 0.0 0.0 1.0
-0.09570029377937317 -0.8633918166160583 -0.4953746795654297 0.2498433142900467 0.7390896081924438 -0.3949892818927765 0.5456464290618896 2.6806440353393555 -0.666774332523346 -0.3139077425003052 0.6759244799613953 7.25438928604126 0.0 0.0 0.0 1.0
-0.0839267149567604 -0.8651236295700073 -0.4944869875907898 1.0969396829605103 0.7539669275283813 -0.37958964705467224 0.5361394882202148 2.605618953704834 -0.6515291333198547 -0.32783040404319763 0.6841323375701904 7.541316986083984 0.0 0.0 0.0 1.0
-0.078377865254879 -0.8659487962722778 -0.49395304918289185 1.1488637924194336 0.7598869204521179 -0.3726177513599396 0.5326611399650574 2.6028857231140137 -0.6453129649162292 -0.33359959721565247 0.6872281432151794 7.507368087768555 0.0 0.0 0.0 1.0
-0.06367996335029602 -0.8642107844352722 -0.4990837275981903 1.183856725692749 0.7675923109054565 -0.36201003193855286 0.5289146900177002 2.5520951747894287 -0.6377670764923096 -0.34941157698631287 0.686414361000061 7.551473140716553 0.0 0.0 0.0 1.0
-0.045902371406555176 -0.8598421216011047 -0.5084924101829529 1.0979772806167603 0.7694383859634399 -0.35506194829940796 0.530938446521759 2.4610373973846436 -0.6370695233345032 -0.36688223481178284 0.6778936982154846 7.521871566772461 0.0 0.0 0.0 1.0
0.001791161485016346 -0.8595513105392456 -0.511046290397644 0.8161612153053284 0.7725922465324402 -0.3232748508453369 0.5464380979537964 2.4603402614593506 -0.6349000334739685 -0.395809143781662 0.6635036468505859 7.426538944244385 0.0 0.0 0.0 1.0
0.28017717599868774 -0.8356391191482544 -0.4724489748477936 0.3438068628311157 0.7335337400436401 -0.13109931349754333 0.6668891906738281 2.594001293182373 -0.6192164421081543 -0.5334043502807617 0.5762384533882141 7.135329723358154 0.0 0.0 0.0 1.0
0.31196296215057373 -0.8292838335037231 -0.4636458456516266 0.39021584391593933 0.7207702994346619 -0.11137113720178604 0.6841685771942139 2.623972177505493 -0.6190066933631897 -0.5476174354553223 0.5629794597625732 7.154918193817139 0.0 0.0 0.0 1.0
0.36814093589782715 -0.8137297630310059 -0.4497956335544586 0.3937118649482727 0.7020865678787231 -0.07385905832052231 0.708250880241394 2.656951427459717 -0.6095463037490845 -0.5765315890312195 0.5441182255744934 7.1947407722473145 0.0 0.0 0.0 1.0
0.4103303849697113 -0.7986811995506287 -0.4401559829711914 0.35202234983444214 0.6865956783294678 -0.04708743467926979 0.7255130410194397 2.6573259830474854 -0.6001794338226318 -0.599909245967865 0.5290496349334717 7.219311237335205 0.0 0.0 0.0 1.0
0.47315895557403564 -0.7709112763404846 -0.4263993799686432 0.30797094106674194 0.6625630855560303 -0.0076035321690142155 0.7489675283432007 2.6239235401153564 -0.5806296467781067 -0.6368971467018127 0.5071796774864197 7.23789644241333 0.0 0.0 0.0 1.0
0.743205726146698 -0.599635660648346 -0.2967866361141205 0.07913023978471756 0.4904680848121643 0.1865774542093277 0.8512519598007202 2.9746360778808594 -0.45506730675697327 -0.7782197594642639 0.4327675700187683 7.659909248352051 0.0 0.0 0.0 1.0
0.7653038501739502 -0.5759937167167664 -0.2872999310493469 0.05277150869369507 0.4715105891227722 0.19782805442810059 0.8593845367431641 2.8835949897766113 -0.4381641447544098 -0.7931552529335022 0.422985702753067 7.804239749908447 0.0 0.0 0.0 1.0
0.7928249835968018 -0.5465344786643982 -0.2696824371814728 0.02890479564666748 0.4484806954860687 0.22357073426246643 0.8653792142868042 2.907971143722534 -0.4126664698123932 -0.8070416450500488 0.42236262559890747 7.800934791564941 0.0 0.0 0.0 1.0
0.8052496910095215 -0.5322301387786865 -0.2613503634929657 0.047551631927490234 0.43762433528900146 0.236073836684227 0.8676140308380127 2.925823211669922 -0.4000723659992218 -0.8130192160606384 0.4230152666568756 7.81271505355835 0.0 0.0 0.0 1.0
0.8207820057868958 -0.5107362866401672 -0.25586187839508057 0.09855370968580246 0.4242793917655945 0.24513868987560272 0.8717190027236938 2.8645780086517334 -0.3824968934059143 -0.8240482211112976 0.41790032386779785 7.805882930755615 0.0 0.0 0.0 1.0
0.9100141525268555 -0.38276681303977966 -0.15926025807857513 0.1424681544303894 0.2858158349990845 0.30097299814224243 0.9097936749458313 2.416883945465088 -0.3003057837486267 -0.8734442591667175 0.38329046964645386 7.549737930297852 0.0 0.0 0.0 1.0
0.9240073561668396 -0.35911455750465393 -0.1313282549381256 0.06960811465978622 0.251971960067749 0.3135134279727936 0.915543258190155 2.4507009983062744 -0.2876117527484894 -0.8790597319602966 0.38017550110816956 7.579075813293457 0.0 0.0 0.0 1.0
0.9408895373344421 -0.32037025690078735 -0.1099536269903183 0.06063859537243843 0.21623572707176208 0.31827518343925476 0.923007607460022 2.4256622791290283 -0.26070868968963623 -0.8922240734100342 0.36873728036880493 7.687379837036133 0.0 0.0 0.0 1.0
0.9506072998046875 -0.2944672405719757 -0.09815710783004761 0.04010321944952011 0.1942877322435379 0.3178616166114807 0.9280173778533936 2.408090829849243 -0.24207034707069397 -0.9012508392333984 0.35937294363975525 7.746094226837158 0.0 0.0 0.0 1.0
0.9628764390945435 -0.2573719322681427 -0.0814162865281105 0.007336246315389872 0.1638314127922058 0.31746146082878113 0.9340115189552307 2.4644298553466797 -0.21454180777072906 -0.912676215171814 0.3478417694568634 7.84848165512085 0.0 0.0 0.0 1.0
0.9904008507728577 -0.13822035491466522 -0.0011545809684321284 0.1109684482216835 0.03999511897563934 0.278564453125 0.9595844149589539 2.657660961151123 -0.13231247663497925 -0.9504193663597107 0.2814186215400696 7.847783088684082 0.0 0.0 0.0 1.0
0.9910494089126587 -0.13330653309822083 0.007103233132511377 0.1812305897474289 0.030163761228322983 0.27544689178466797 0.9608429670333862 2.6703875064849854 -0.13004320859909058 -0.9520285725593567 0.2770024836063385 7.89169454574585 0.0 0.0 0.0 1.0
0.9926137924194336 -0.11943887174129486 0.021266186609864235 0.23061099648475647 0.012607232667505741 0.2758994996547699 0.9611037969589233 2.7346112728118896 -0.12066048383712769 -0.9537367820739746 0.2753674387931824 7.759039878845215 0.0 0.0 0.0 1.0
0.9937537908554077 -0.10685676336288452 0.03217166289687157 0.23526427149772644 -0.002037961268797517 0.27086448669433594 0.9626153111457825 2.769963264465332 -0.11157611757516861 -0.9566681981086731 0.2689548432826996 7.833568572998047 0.0 0.0 0.0 1.0
0.9959156513214111 -0.08094212412834167 0.04000525921583176 0.3155330717563629 -0.01807955652475357 0.255327969789505 0.9666854739189148 2.7673940658569336 -0.0884600356221199 -0.9634604454040527 0.2528217136859894 7.867225170135498 0.0 0.0 0.0 1.0
0.9838247895240784 0.0738186240196228 0.1632165163755417 0.5687471032142639 -0.17607086896896362 0.23072603344917297 0.9569558501243591 3.184570074081421 0.03298287093639374 -0.9702145457267761 0.23999129235744476 8.45142936706543 0.0 0.0 0.0 1.0
0.9812679886817932 0.09730058163404465 0.1662701815366745 0.6807008385658264 -0.1846490502357483 0.22891564667224884 0.9557731747627258 3.2445554733276367 0.05493544042110443 -0.9685712456703186 0.24259404838085175 8.707320213317871 0.0 0.0 0.0 1.0
0.9768717288970947 0.11976396292448044 0.17713895440101624 0.8695603013038635 -0.20157712697982788 0.2394406944513321 0.9497551321983337 3.3021976947784424 0.0713321641087532 -0.9634960889816284 0.2580445110797882 8.68460464477539 0.0 0.0 0.0 1.0
0.9714938402175903 0.13893502950668335 0.19208529591560364 0.8883154988288879 -0.22158192098140717 0.24415068328380585 0.9440825581550598 3.3332290649414062 0.08426838368177414 -0.9597330093383789 0.2679763734340668 8.617121696472168 0.0 0.0 0.0 1.0
0.9636346697807312 0.16961932182312012 0.20648843050003052 1.0086673498153687 -0.24305491149425507 0.23522058129310608 0.9410609006881714 3.261418342590332 0.1110517755150795 -0.9570269584655762 0.267893522977829 8.8016939163208 0.0 0.0 0.0 1.0
0.8387557864189148 0.40373727679252625 0.36535584926605225 0.952370822429657 -0.4696280360221863 0.1968126893043518 0.8606476187705994 3.4613494873046875 0.2755688428878784 -0.8934544920921326 0.35468414425849915 8.31749439239502 0.0 0.0 0.0 1.0
0.8141726851463318 0.43572232127189636 0.38375627994537354 0.8499752283096313 -0.5029236078262329 0.19893181324005127 0.8411266207695007 3.5739505290985107 0.2901563048362732 -0.8778223991394043 0.3810998797416687 8.179996490478516 0.0 0.0 0.0 1.0
0.7850998044013977 0.4672142267227173 0.40660685300827026 0.8168016672134399 -0.5344629287719727 0.17929059267044067 0.8259565830230713 3.5939464569091797 0.31299787759780884 -0.8657746315002441 0.3904697000980377 8.37951374053955 0.0 0.0 0.0 1.0
0.7657668590545654 0.49151650071144104 0.4147440791130066 0.7734047770500183 -0.5525416731834412 0.17282907664775848 0.815369725227356 3.683767080307007 0.32908785343170166 -0.8535465002059937 0.403930127620697 8.386184692382812 0.0 0.0 0.0 1.0
0.7436323761940002 0.5223446488380432 0.41733318567276 0.7875348925590515 -0.5677452683448792 0.1636923998594284 0.8067651987075806 3.7889463901519775 0.35309523344039917 -0.8368756771087646 0.41828566789627075 8.349825859069824 0.0 0.0 0.0 1.0
0.5844730734825134 0.6475292444229126 0.48897555470466614 -0.40172284841537476 -0.6691256761550903 0.043758049607276917 0.7418598532676697 3.366466999053955 0.4589793384075165 -0.7607831954956055 0.4588538706302643 8.034920692443848 0.0 0.0 0.0 1.0
0.5667104721069336 0.6630020141601562 0.48914986848831177 -0.48551151156425476 -0.6773256659507751 0.03686296194791794 0.7347591519355774 3.395902395248413 0.469115287065506 -0.7477095127105713 0.4699589014053345 7.967308044433594 0.0 0.0 0.0 1.0
0.5522894859313965 0.6763860583305359 0.4873173236846924 -0.4682506322860718 -0.6817353367805481 0.030004166066646576 0.7309833765029907 3.43157696723938 0.47980543971061707 -0.7359358668327332 0.477687269449234 7.872231483459473 0.0 0.0 0.0 1.0
0.5405069589614868 0.6840583682060242 0.4898126423358917 -0.47315892577171326 -0.6878008246421814 0.02397509291768074 0.7255034446716309 3.4178686141967773 0.4845433533191681 -0.7290331721305847 0.4834545850753784 7.766563892364502 0.0 0.0 0.0 1.0
0.5298484563827515 0.6937508583068848 0.4878219962120056 -0.4146977365016937 -0.69265216588974 0.022073103114962578 0.7209339737892151 3.355081558227539 0.4893808364868164 -0.7198767066001892 0.49222344160079956 7.617350101470947 0.0 0.0 0.0 1.0
0.4360184073448181 0.7729361653327942 0.46093130111694336 -0.7508376836776733 -0.7304670214653015 0.004803457763046026 0.6829310655593872 2.9962856769561768 0.5256480574607849 -0.6344656348228455 0.5666987895965576 7.099057674407959 0.0 0.0 0.0 1.0
0.4222177565097809 0.7794933319091797 0.46273350715637207 -0.7705532908439636 -0.7358205914497375 -0.003427570452913642 0.6771678924560547 2.964897394180298 0.5294339060783386 -0.6264011263847351 0.5721200704574585 7.105078220367432 0.0 0.0 0.0 1.0
0.4051903784275055 0.7903414964675903 0.45954445004463196 -0.7087095379829407 -0.7398372292518616 -0.011833200231194496 0.6726818084716797 2.9808595180511475 0.5370862483978271 -0.612552285194397 0.5799293518066406 7.01617431640625 0.0 0.0 0.0 1.0
0.39569467306137085 0.7949463129043579 0.4598761796951294 -0.6517187356948853 -0.7434674501419067 -0.0166934821754694 0.668563723564148 3.036196231842041 0.5391491651535034 -0.606450080871582 0.5844112038612366 6.947127819061279 0.0 0.0 0.0 1.0
0.3755727708339691 0.803502082824707 0.4618760347366333 -0.5671456456184387 -0.7499386668205261 -0.029342951253056526 0.6608562469482422 3.1392085552215576 0.544552206993103 -0.5945783257484436 0.5915568470954895 6.829906463623047 0.0 0.0 0.0 1.0
0.13772407174110413 0.8575599193572998 0.4956037104129791 -0.5648744702339172 -0.801437497138977 -0.1975356638431549 0.5645153522491455 3.0892159938812256 0.5820052027702332 -0.47494274377822876 0.6600752472877502 6.293424606323242 0.0 0.0 0.0 1.0
0.13138756155967712 0.8614683151245117 0.49051976203918457 -0.5485894680023193 -0.8020823001861572 -0.19840815663337708 0.5632922649383545 3.18487286567688 0.5825815796852112 -0.46744683384895325 0.6649001240730286 6.3334503173828125 0.0 0.0 0.0 1.0
0.14655399322509766 0.8610920310020447 0.4868699908256531 -0.4273582696914673 -0.8067538738250732 -0.18076950311660767 0.5625571012496948 3.293405055999756 0.5724247097969055 -0.47522926330566406 0.6681969165802002 6.045445442199707 0.0 0.0 0.0 1.0
0.13443434238433838 0.8646332621574402 0.4840833842754364 -0.4733445644378662 -0.8163092732429504 -0.18030914664268494 0.5487511157989502 3.366575241088867 0.5617530941963196 -0.46893277764320374 0.681568443775177 5.831118583679199 0.0 0.0 0.0 1.0
0.10497532039880753 0.8665091395378113 0.4879980981349945 -0.5472948551177979 -0.8238205313682556 -0.19909481704235077 0.5307362675666809 3.3579139709472656 0.5570456981658936 -0.4577370584011078 0.6929479241371155 5.784244060516357 0.0 0.0 0.0 1.0
-0.06439745426177979 0.8316620588302612 0.5515353083610535 -0.20405213534832 -0.8242775797843933 -0.3558666408061981 0.4403696358203888 2.7138783931732178 0.5625117421150208 -0.42625948786735535 0.7084372639656067 6.1128129959106445 0.0 0.0 0.0 1.0
-0.07861533761024475 0.8278564214706421 0.5554037690162659 -0.19104373455047607 -0.824455738067627 -0.3671969771385193 0.43062636256217957 2.6965832710266113 0.56043940782547 -0.42405202984809875 0.7113983035087585 6.192130088806152 0.0 0.0 0.0 1.0
-0.09541519731283188 0.8197823762893677 0.5646705031394958 -0.17239762842655182 -0.8240973949432373 -0.3832358121871948 0.4171256422996521 2.597609281539917 0.5583541989326477 -0.4255433678627014 0.712147057056427 6.346577167510986 0.0 0.0 0.0 1.0
-0.11498849838972092 0.8150655031204224 0.5678431391716003 -0.21355701982975006 -0.8242802023887634 -0.39730972051620483 0.4033696949481964 2.511658191680908 0.55438232421875 -0.42167899012565613 0.7175284028053284 6.410727500915527 0.0 0.0 0.0 1.0
-0.16009575128555298 0.8072364926338196 0.5681008696556091 -0.34945863485336304 -0.8214993476867676 -0.4280441403388977 0.37671878933906555 2.359139919281006 0.5472733974456787 -0.4063834249973297 0.7316722869873047 6.419909477233887 0.0 0.0 0.0 1.0
-0.31505197286605835 0.7876800298690796 0.529435932636261 -0.13810311257839203 -0.7765845060348511 -0.5346341729164124 0.33329087495803833 2.2299787998199463 0.5455811023712158 -0.30614781379699707 0.7801376581192017 6.258213520050049 0.0 0.0 0.0 1.0
-0.32843825221061707 0.7819734811782837 0.5297601819038391 -0.12321861833333969 -0.7769553661346436 -0.542607843875885 0.3192445635795593 2.192288637161255 0.5370928049087524 -0.3067478835582733 0.7857716679573059 6.4033637046813965 0.0 0.0 0.0 1.0
-0.37343740463256836 0.7714608907699585 0.5151627063751221 -0.2142314314842224 -0.7691590189933777 -0.5679528713226318 0.29295727610588074 2.250014066696167 0.5185932517051697 -0.2868408262729645 0.8054709434509277 6.416270732879639 0.0 0.0 0.0 1.0
-0.4096531867980957 0.7571588754653931 0.5088169574737549 -0.27367138862609863 -0.7566817998886108 -0.593567430973053 0.27406272292137146 2.2525017261505127 0.5095261931419373 -0.2727418541908264 0.8160851001739502 6.475703239440918 0.0 0.0 0.0 1.0
-0.473402738571167 0.7288992404937744 0.4945662021636963 -0.39841172099113464 -0.7293038368225098 -0.6392096281051636 0.24398145079612732 2.3206899166107178 0.4939693808555603 -0.24518753588199615 0.8341926336288452 6.512237071990967 0.0 0.0 0.0 1.0
-0.6960358619689941 0.5706971287727356 0.4357050359249115 -0.3792470097541809 -0.5828628540039062 -0.8034682869911194 0.12128297239542007 2.1664490699768066 0.41929104924201965 -0.16953900456428528 0.8918809294700623 7.2417402267456055 0.0 0.0 0.0 1.0
-0.7197303771972656 0.5511073470115662 0.4222189486026764 -0.38549962639808655 -0.5607877373695374 -0.8200181126594543 0.11440035700798035 2.2542684078216553 0.40927407145500183 -0.15443779528141022 0.8992462158203125 7.2949066162109375 0.0 0.0 0.0 1.0
-0.7555059194564819 0.5224772691726685 0.39525729417800903 -0.49529829621315 -0.5282396078109741 -0.8426758646965027 0.10421273112297058 2.424201488494873 0.38752254843711853 -0.1300572156906128 0.9126397967338562 7.277753829956055 0.0 0.0 0.0 1.0
-0.7778168320655823 0.5033467411994934 0.37635499238967896 -0.6197649240493774 -0.5072739124298096 -0.856322169303894 0.09687872231006622 2.490535259246826 0.37104472517967224 -0.11556116491556168 0.9213964343070984 7.250156402587891 0.0 0.0 0.0 1.0
-0.8082756996154785 0.4705634117126465 0.3539215326309204 -0.8036640882492065 -0.46777263283729553 -0.8782418370246887 0.09939832985401154 2.6500446796417236 0.35760191082954407 -0.0852135568857193 0.9299782514572144 7.2480854988098145 0.0 0.0 0.0 1.0
-0.9006633758544922 0.3285181522369385 0.28439635038375854 -0.6620692014694214 -0.3344484567642212 -0.9419697523117065 0.02893378771841526 2.0103137493133545 0.2773980498313904 -0.06905632466077805 0.9582700729370117 7.164497375488281 0.0 0.0 0.0 1.0
-0.9171756505966187 0.2938735783100128 0.2691228687763214 -0.6734943389892578 -0.2983972430229187 -0.9541163444519043 0.024921344593167305 1.9056320190429688 0.26409825682640076 -0.05744827166199684 0.9627833366394043 7.126334190368652 0.0 0.0 0.0 1.0
-0.9361328482627869 0.25664040446281433 0.2403976321220398 -0.7110040187835693 -0.2599436044692993 -0.9654478430747986 0.018432725220918655 1.832932710647583 0.2368219643831253 -0.04523434862494469 0.9704994559288025 7.127635955810547 0.0 0.0 0.0 1.0
-0.946280837059021 0.23251573741436005 0.22469747066497803 -0.7543060779571533 -0.23559878766536713 -0.9717583060264587 0.01338011771440506 1.7619194984436035 0.22146272659301758 -0.04027710109949112 0.9743366837501526 7.193035125732422 0.0 0.0 0.0 1.0
-0.959082841873169 0.20209701359272003 0.19828496873378754 -0.86175936460495 -0.2038092017173767 -0.9789376258850098 0.011954876594245434 1.678956389427185 0.19652466475963593 -0.028946582227945328 0.980071485042572 7.192527770996094 0.0 0.0 0.0 1.0
-0.9906830191612244 0.09972308576107025 0.09274914115667343 -1.1074823141098022 -0.099026620388031 -0.9950113296508789 0.012092833407223225 1.7301008701324463 0.09349238127470016 0.0027955304831266403 0.99561607837677 7.004932403564453 0.0 0.0 0.0 1.0
-0.9926508665084839 0.08851764351129532 0.08251607418060303 -1.0873632431030273 -0.08745437860488892 -0.9960331916809082 0.016419222578406334 1.8337830305099487 0.0836421400308609 0.00908216368407011 0.9964544773101807 6.983238220214844 0.0 0.0 0.0 1.0
-0.994599461555481 0.07512658089399338 0.07160931080579758 -0.9966028928756714 -0.07370159029960632 -0.9970300197601318 0.022342009469866753 1.99274742603302 0.07307511568069458 0.01694362983107567 0.9971824884414673 6.9360833168029785 0.0 0.0 0.0 1.0
-0.9956331253051758 0.06572864949703217 0.06629008799791336 -0.9064432382583618 -0.06413854658603668 -0.9976064562797546 0.025838837027549744 2.0744833946228027 0.06782977283000946 0.02147425338625908 0.9974657893180847 6.890470027923584 0.0 0.0 0.0 1.0
-0.9966703057289124 0.05575194209814072 0.059497833251953125 -0.7156521081924438 -0.05415509268641472 -0.9981364011764526 0.02812323532998562 2.161013126373291 0.060954879969358444 0.024807482957839966 0.997832179069519 6.745670318603516 0.0 0.0 0.0 1.0
-0.9997479915618896 0.009272918105125427 0.020445173606276512 0.24161849915981293 -0.009275080636143684 -0.9999569654464722 -1.0949428542517126e-05 2.2169578075408936 0.020444191992282867 -0.0002005772985285148 0.9997909665107727 6.377748489379883 0.0 0.0 0.0 1.0
-0.9998521208763123 0.007233279291540384 0.01560298539698124 0.312279611825943 -0.007292245514690876 -0.9999664425849915 -0.003725576214492321 2.2794742584228516 0.015575514174997807 -0.0038388059474527836 0.9998713135719299 6.328115940093994 0.0 0.0 0.0 1.0
-0.9999833106994629 0.0034539049956947565 0.004625922068953514 0.3295764625072479 -0.0034661758691072464 -0.9999904632568359 -0.0026472401805222034 2.4064860343933105 0.004616734571754932 -0.0026632302906364202 0.9999858140945435 6.207870960235596 0.0 0.0 0.0 1.0
-0.9999971985816956 0.0021025973837822676 -0.0011075023794546723 0.31545379757881165 -0.0021007938776165247 -0.9999964833259583 -0.0016271504573523998 2.4627394676208496 -0.001110919751226902 -0.0016248192405328155 0.9999980926513672 6.146510124206543 0.0 0.0 0.0 1.0
-0.9999665021896362 0.0010677833342924714 -0.008114198222756386 0.2512108087539673 -0.0010426862863823771 -0.9999946355819702 -0.003096572821959853 2.4735465049743652 -0.008117461577057838 -0.003088008612394333 0.9999622702598572 6.1111063957214355 0.0 0.0 0.0 1.0
-0.9997583031654358 -0.00863874051719904 -0.020217740908265114 -0.28170695900917053 0.008957873098552227 -0.9998358488082886 -0.01574777066707611 2.1746444702148438 -0.020078381523489952 -0.015925072133541107 0.9996715784072876 6.198063373565674 0.0 0.0 0.0 1.0
-0.9997584223747253 -0.010091487318277359 -0.01952502317726612 -0.30290281772613525 0.01031336560845375 -0.9998829960823059 -0.011296657845377922 2.1993064880371094 -0.019408738240599632 -0.011495297774672508 0.9997455477714539 6.162555694580078 0.0 0.0 0.0 1.0