-0.7848978042602539 0.48778167366981506 0.38210538029670715 0.03151866793632507 -0.5061774253845215 -0.8604335784912109 0.05863881856203079 0.2654322683811188 0.3573792278766632 -0.14738762378692627 0.9222564697265625 9.655569076538086 0.0 0.0 0.0 1.0
-0.7854297161102295 0.48782575130462646 0.3809542953968048 0.014004412107169628 -0.5075494050979614 -0.8598859310150146 0.05467879772186279 0.2422635555267334 0.354250967502594 -0.15040676295757294 0.9229756593704224 9.673616409301758 0.0 0.0 0.0 1.0
-0.7896771430969238 0.4854249656200409 0.37519675493240356 0.07580539584159851 -0.5022875666618347 -0.8626875877380371 0.058969318866729736 0.25266581773757935 0.35230275988578796 -0.14188992977142334 0.9250676035881042 9.75586223602295 0.0 0.0 0.0 1.0
-0.8225376605987549 0.461882084608078 0.3318082094192505 -0.12691698968410492 -0.47592902183532715 -0.8784326314926147 0.042984869331121445 0.29423582553863525 0.3113251030445099 -0.12256048619747162 0.9423670172691345 9.753328323364258 0.0 0.0 0.0 1.0
-0.858467698097229 0.4118513762950897 0.3056331276893616 0.0509624220430851 -0.4269433319568634 -0.9040772914886475 0.01906990259885788 0.22167429327964783 0.2841699421405792 -0.11411713808774948 0.9519583582878113 9.896674156188965 0.0 0.0 0.0 1.0
-0.9476866126060486 0.2684289515018463 0.17273083329200745 0.21333330869674683 -0.26813095808029175 -0.9630448818206787 0.025502130389213562 0.3833686113357544 0.1731930524110794 -0.02214645780622959 0.9846388697624207 9.878182411193848 0.0 0.0 0.0 1.0
-0.9465548992156982 0.27957817912101746 0.1608412265777588 0.1171833723783493 -0.27853062748908997 -0.959974467754364 0.029491078108549118 0.34411272406578064 0.1626485288143158 -0.01688428409397602 0.9865396022796631 9.965141296386719 0.0 0.0 0.0 1.0
-0.9411180019378662 0.2869341969490051 0.17878955602645874 0.10397101938724518 -0.2884541451931 -0.9573243260383606 0.01800837554037571 0.06994939595460892 0.17632681131362915 -0.034624580293893814 0.9837225079536438 9.795370101928711 0.0 0.0 0.0 1.0
-0.9510431885719299 0.2725581228733063 0.14570140838623047 0.054988689720630646 -0.27340513467788696 -0.9617885947227478 0.014572253450751305 0.0872853547334671 0.14410574734210968 -0.025976674631237984 0.9892212748527527 9.818185806274414 0.0 0.0 0.0 1.0
-0.9795036315917969 0.1922326236963272 0.060160357505083084 -0.07238641381263733 -0.19090160727500916 -0.9812324047088623 0.02719486504793167 0.3342202603816986 0.06425902992486954 0.015152759850025177 0.9978182315826416 9.727245330810547 0.0 0.0 0.0 1.0
-0.9928590059280396 -0.04662053659558296 -0.10980663448572159 -0.08489383012056351 0.038014303892850876 -0.9961331486701965 0.0792066678404808 0.2946380078792572 -0.11307468265295029 0.07446683198213577 0.9907920360565186 9.782052993774414 0.0 0.0 0.0 1.0
-0.9910385608673096 -0.06108314171433449 -0.11879152804613113 -0.09278884530067444 0.05138082802295685 -0.9952164888381958 0.08309151232242584 0.2786370515823364 -0.1232987716794014 0.07624328136444092 0.9894363880157471 9.788712501525879 0.0 0.0 0.0 1.0
-0.9947316646575928 -0.02052190713584423 -0.10043761134147644 0.09515982121229172 0.013963251374661922 -0.9977500438690186 0.06557349860668182 -0.0743623748421669 -0.10155732184648514 0.06382559984922409 0.9927801489830017 9.790083885192871 0.0 0.0 0.0 1.0
-0.9922947883605957 -0.027456670999526978 -0.12081881612539291 -0.07892074435949326 0.01856815628707409 -0.9970787167549133 0.07408926635980606 -0.07921341061592102 -0.12250012159347534 0.0712750107049942 0.989905834197998 9.565324783325195 0.0 0.0 0.0 1.0
-0.9797011017799377 -0.10794353485107422 -0.16891984641551971 -0.047879014164209366 0.09236733615398407 -0.9909380674362183 0.09751947969198227 -0.09407813102006912 -0.17791570723056793 0.07993726432323456 0.9807935953140259 9.608208656311035 0.0 0.0 0.0 1.0
-0.8823927044868469 -0.35398024320602417 -0.30996960401535034 -0.013751060701906681 0.3093017339706421 -0.9328365921974182 0.18479277193546295 -0.4876594841480255 -0.35456398129463196 0.0671856552362442 0.9326148629188538 9.6747407913208 0.0 0.0 0.0 1.0
-0.8557860255241394 -0.39565420150756836 -0.33329877257347107 -0.08057589828968048 0.34655189514160156 -0.9167892336845398 0.19849242269992828 -0.47394055128097534 -0.3840990960597992 0.054361723363399506 0.9216901063919067 9.797627449035645 0.0 0.0 0.0 1.0
-0.8636910319328308 -0.3943246304988861 -0.313920259475708 0.05204373970627785 0.3427112102508545 -0.9161482453346252 0.20789749920368195 -0.48299074172973633 -0.3695766031742096 0.07197520136833191 0.9264084696769714 9.656706809997559 0.0 0.0 0.0 1.0
-0.8699944615364075 -0.38535141944885254 -0.30759379267692566 0.060113366693258286 0.3444424271583557 -0.9213750958442688 0.18007580935955048 -0.7116571664810181 -0.35280174016952515 0.05071660131216049 0.9343225955963135 9.688158988952637 0.0 0.0 0.0 1.0
-0.8348056674003601 -0.4372631311416626 -0.33451521396636963 -0.22100766003131866 0.37381336092948914 -0.8962668180465698 0.23868250846862793 -0.5055480599403381 -0.40418195724487305 0.07420724630355835 0.9116634130477905 9.465320587158203 0.0 0.0 0.0 1.0
-0.6848819255828857 -0.6161518096923828 -0.3889649510383606 0.11448077857494354 0.5143864750862122 -0.7869212031364441 0.34082484245300293 -0.4815032482147217 -0.516084611415863 0.033346474170684814 0.8558882474899292 9.502569198608398 0.0 0.0 0.0 1.0
-0.6053705215454102 -0.6831007599830627 -0.40853384137153625 0.1729544699192047 0.5631954669952393 -0.7303134799003601 0.38659167289733887 -0.42684534192085266 -0.5624388456344604 0.0039467900060117245 0.8268294930458069 9.729413986206055 0.0 0.0 0.0 1.0
-0.5686331987380981 -0.7088637351989746 -0.4173349440097809 0.07895561307668686 0.5824875235557556 -0.7052208781242371 0.40419280529022217 -0.4649328887462616 -0.5808309316635132 -0.01325494796037674 0.8139162659645081 9.694775581359863 0.0 0.0 0.0 1.0
-0.5793805718421936 -0.7031338214874268 -0.4122146964073181 0.18790772557258606 0.5883356928825378 -0.7107993960380554 0.3855195641517639 -0.5229537487030029 -0.5640738010406494 -0.019158052280545235 0.8255020976066589 9.768884658813477 0.0 0.0 0.0 1.0
-0.6239515542984009 -0.6727291941642761 -0.39764294028282166 0.4204171299934387 0.5661002993583679 -0.7398869395256042 0.36345258355140686 -0.6813828945159912 -0.5387159585952759 0.001671008300036192 0.842485785484314 9.720992088317871 0.0 0.0 0.0 1.0
-0.43315833806991577 -0.8144761323928833 -0.3860083818435669 0.28327223658561707 0.6702437400817871 -0.577413022518158 0.46622684597969055 -0.740037739276886 -0.6026169061660767 -0.05676966905593872 0.796008825302124 9.28164291381836 0.0 0.0 0.0 1.0
-0.4264739453792572 -0.8190835118293762 -0.38369542360305786 0.1945870816707611 0.6674216985702515 -0.5712794065475464 0.47769036889076233 -0.7421281933784485 -0.6104655861854553 -0.05236416310071945 0.7903099060058594 9.193022727966309 0.0 0.0 0.0 1.0
-0.36253222823143005 -0.8510923981666565 -0.3797527253627777 0.11393479257822037 0.6808655858039856 -0.5201085805892944 0.515663743019104 -0.7272194623947144 -0.6363901495933533 -0.07161585241556168 0.7680356502532959 9.170628547668457 0.0 0.0 0.0 1.0
-0.29883527755737305 -0.8779197335243225 -0.37410488724708557 0.2936626672744751 0.6868432760238647 -0.4700251817703247 0.5543668866157532 -0.7721142768859863 -0.6625283360481262 -0.0912870392203331 0.743453323841095 9.09214973449707 0.0 0.0 0.0 1.0
-0.21826882660388947 -0.906757116317749 -0.3607633709907532 0.4269619584083557 0.7234300374984741 -0.39845722913742065 0.5638091564178467 -0.6082160472869873 -0.6549867987632751 -0.13792508840560913 0.7429461479187012 9.17797565460205 0.0 0.0 0.0 1.0
0.051124826073646545 -0.9490958452224731 -0.31081080436706543 -0.2959001064300537 0.7145929932594299 -0.1826469600200653 0.675275444984436 -0.5031578540802002 -0.6976698040962219 -0.25662654638290405 0.6688794493675232 9.007155418395996 0.0 0.0 0.0 1.0
0.03867059573531151 -0.9414334297180176 -0.3349741995334625 -0.47400563955307007 0.7225731015205383 -0.20520424842834473 0.660135805606842 -0.7609574198722839 -0.690212070941925 -0.26757121086120605 0.6723191142082214 9.103414535522461 0.0 0.0 0.0 1.0
0.03672484681010246 -0.941144585609436 -0.3360031545162201 -0.37438294291496277 0.7342648506164551 -0.20266076922416687 0.6479071974754333 -0.9196657538414001 -0.6778690218925476 -0.27050960063934326 0.683606743812561 8.9335298538208 0.0 0.0 0.0 1.0
0.11698140949010849 -0.9417716264724731 -0.31524837017059326 -0.41366875171661377 0.7210710048675537 -0.13773220777511597 0.6790335178375244 -0.8938238620758057 -0.6829143166542053 -0.30675074458122253 0.662972092628479 9.032103538513184 0.0 0.0 0.0 1.0
0.2591733932495117 -0.9295166730880737 -0.2623507082462311 -0.49431121349334717 0.6751686930656433 -0.019871080294251442 0.7373956441879272 -0.9189412593841553 -0.6906347870826721 -0.36824432015419006 0.6224305033683777 8.866524696350098 0.0 0.0 0.0 1.0
0.48412224650382996 -0.8623190522193909 -0.1484299898147583 -0.22902752459049225 0.5669674277305603 0.1799410581588745 0.8038464784622192 -0.4929870665073395 -0.6664634943008423 -0.47331494092941284 0.5760203003883362 8.88722038269043 0.0 0.0 0.0 1.0
0.5536885857582092 -0.8236287236213684 -0.12273813784122467 -0.39305201172828674 0.5259779691696167 0.2316405028104782 0.8183457851409912 -0.39763352274894714 -0.6455819606781006 -0.5176662802696228 0.5614672899246216 8.946703910827637 0.0 0.0 0.0 1.0
0.5430743098258972 -0.8287277221679688 -0.135205939412117 -0.28583577275276184 0.5478920936584473 0.2277112901210785 0.8049607276916504 -0.4074050486087799 -0.6363053917884827 -0.5112317800521851 0.5777175426483154 8.953920364379883 0.0 0.0 0.0 1.0
0.5245093107223511 -0.8375571966171265 -0.15293097496032715 -0.3159756362438202 0.5688209533691406 0.2110716551542282 0.794916033744812 -0.4420526325702667 -0.6335082650184631 -0.5039312243461609 0.5871291160583496 8.904058456420898 0.0 0.0 0.0 1.0
0.5251123905181885 -0.836188793182373 -0.15825682878494263 -0.28113651275634766 0.5762107372283936 0.21248759329319 0.7891959547996521 -0.42486628890037537 -0.6262891888618469 -0.5056058764457703 0.5934008359909058 8.923489570617676 0.0 0.0 0.0 1.0
0.6887688636779785 -0.7215127944946289 -0.07082927972078323 -0.48002445697784424 0.42836055159568787 0.32619693875312805 0.8426759839057922 -0.48745810985565186 -0.5848971605300903 -0.6107494235038757 0.5337418913841248 9.029189109802246 0.0 0.0 0.0 1.0
0.7266412973403931 -0.6863120198249817 -0.031116794794797897 -0.6358941197395325 0.37490835785865784 0.35817036032676697 0.8550776243209839 -0.4786871373653412 -0.5757049322128296 -0.6330006122589111 0.5175654888153076 9.08762264251709 0.0 0.0 0.0 1.0
0.7647716999053955 -0.6442753076553345 0.005793957505375147 -0.4539078176021576 0.31914466619491577 0.3866144120693207 0.865260660648346 -0.5242363810539246 -0.5597060918807983 -0.6598777770996094 0.5012887716293335 9.126955032348633 0.0 0.0 0.0 1.0
0.802132785320282 -0.5944585204124451 0.056587133556604385 -0.505494236946106 0.23998184502124786 0.4076850712299347 0.8810230493545532 -0.5987295508384705 -0.5468013882637024 -0.6931175589561462 0.46967679262161255 9.280012130737305 0.0 0.0 0.0 1.0
0.8144322633743286 -0.5778800845146179 0.052485473453998566 -0.42879360914230347 0.2376202642917633 0.4146687984466553 0.8783999085426331 -0.5949077010154724 -0.5293738842010498 -0.7029256224632263 0.4750356674194336 9.30319881439209 0.0 0.0 0.0 1.0
0.8779857754707336 -0.4469296634197235 0.17144913971424103 -0.29612115025520325 0.07158972322940826 0.47673311829566956 0.876128077507019 -0.29052335023880005 -0.4733031094074249 -0.7569540143013 0.45056048035621643 9.800715446472168 0.0 0.0 0.0 1.0
0.866943895816803 -0.46849167346954346 0.17007018625736237 -0.4749261736869812 0.08128905296325684 0.4695696234703064 0.8791453242301941 -0.49070417881011963 -0.49173206090927124 -0.7483447790145874 0.4451737403869629 9.560808181762695 0.0 0.0 0.0 1.0
0.8615885972976685 -0.4912317395210266 0.127892404794693 -0.2493458241224289 0.13024529814720154 0.45745688676834106 0.879641592502594 -0.6379510164260864 -0.4906131625175476 -0.7412317991256714 0.4581202566623688 9.46168327331543 0.0 0.0 0.0 1.0
0.8642550706863403 -0.4781684875488281 0.15626277029514313 -0.3518461287021637 0.09860047698020935 0.46562057733535767 0.8794745206832886 -0.5906159281730652 -0.49329617619514465 -0.7446827292442322 0.44956257939338684 9.518720626831055 0.0 0.0 0.0 1.0
0.8890557885169983 -0.4094311594963074 0.2048070877790451 -0.27967751026153564 0.025273893028497696 0.49058797955513 0.8710250854492188 -0.4985264241695404 -0.45710068941116333 -0.7692136168479919 0.44650799036026 9.652006149291992 0.0 0.0 0.0 1.0
0.9297842383384705 -0.22479942440986633 0.2914901077747345 -0.029986228793859482 -0.13478006422519684 0.5289751291275024 0.8378661274909973 -0.2664961516857147 -0.342542827129364 -0.8183217644691467 0.4615342617034912 9.588523864746094 0.0 0.0 0.0 1.0
0.933964192867279 -0.12727946043014526 0.33393236994743347 -0.0400514155626297 -0.2223069816827774 0.5246939063072205 0.8217517733573914 -0.13791249692440033 -0.27980440855026245 -0.8417221903800964 0.46175017952919006 9.882028579711914 0.0 0.0 0.0 1.0
0.9307796955108643 -0.10119066387414932 0.35129696130752563 0.058154117316007614 -0.2513258755207062 0.5207220911979675 0.8158944845199585 -0.17264574766159058 -0.26548901200294495 -0.8477080464363098 0.4592457413673401 9.998786926269531 0.0 0.0 0.0 1.0
0.9272811412811279 -0.11174570769071579 0.35729894042015076 -0.18628931045532227 -0.250827431678772 0.5230631232261658 0.8145493268966675 -0.18648071587085724 -0.27791228890419006 -0.8449366092681885 0.45699766278266907 10.014141082763672 0.0 0.0 0.0 1.0
0.9423530101776123 -0.11446132510900497 0.31443509459495544 0.06815854460000992 -0.21429842710494995 0.5152568221092224 0.829811155796051 -0.25677356123924255 -0.25699612498283386 -0.8493579626083374 0.4610249400138855 10.05611801147461 0.0 0.0 0.0 1.0
0.8993340730667114 0.0688767358660698 0.43180346488952637 -0.035902027040719986 -0.40447285771369934 0.5062329173088074 0.7616626024246216 -0.15290163457393646 -0.16613230109214783 -0.8596419095993042 0.4831312894821167 9.891500473022461 0.0 0.0 0.0 1.0
0.8765507340431213 0.14238619804382324 0.4597662091255188 -0.1377265900373459 -0.46775588393211365 0.4771021902561188 0.7440281510353088 -0.20489501953125 -0.11341612786054611 -0.8672367930412292 0.48480626940727234 10.039579391479492 0.0 0.0 0.0 1.0
0.8431645035743713 0.2132006287574768 0.49357783794403076 -0.11981181800365448 -0.5317127108573914 0.46676763892173767 0.706689178943634 -0.033004455268383026 -0.07971959561109543 -0.858296811580658 0.5069233775138855 10.085962295532227 0.0 0.0 0.0 1.0
0.8069932460784912 0.2950670123100281 0.5115636587142944 -0.04733448103070259 -0.5903648138046265 0.42537978291511536 0.6859456300735474 0.14472320675849915 -0.01520890649408102 -0.855562686920166 0.5174757838249207 10.38291072845459 0.0 0.0 0.0 1.0
0.7953401207923889 0.29481345415115356 0.5296405553817749 -0.20727989077568054 -0.6056793332099915 0.4214245080947876 0.6749473214149475 0.12484745681285858 -0.024219950661063194 -0.8576050400733948 0.513738214969635 10.418193817138672 0.0 0.0 0.0 1.0
0.6544220447540283 0.4870782792568207 0.5783481597900391 -0.4790365695953369 -0.749915599822998 0.3202384114265442 0.5788556933403015 0.1344413161277771 0.09673875570297241 -0.8125281929969788 0.5748386979103088 10.157807350158691 0.0 0.0 0.0 1.0
0.6713382005691528 0.4630606174468994 0.5786880850791931 -0.5890623927116394 -0.7360368967056274 0.32498055696487427 0.593832790851593 -0.1369391679763794 0.0869181901216507 -0.8245983719825745 0.5590015649795532 10.056013107299805 0.0 0.0 0.0 1.0
0.6982125043869019 0.46603038907051086 0.543428897857666 -0.4176078140735626 -0.7095062136650085 0.34931680560112 0.6120283603668213 -0.004574138671159744 0.09539497643709183 -0.8128920197486877 0.5745487809181213 9.868556022644043 0.0 0.0 0.0 1.0
0.6563025712966919 0.5047770142555237 0.5607736706733704 -0.5649661421775818 -0.745915412902832 0.32230299711227417 0.5828644633293152 -0.17558598518371582 0.11347755044698715 -0.8008251786231995 0.5880492329597473 9.76619815826416 0.0 0.0 0.0 1.0
0.5581756830215454 0.5758906006813049 0.5973189473152161 -0.7078368067741394 -0.8147677779197693 0.24436746537685394 0.5257737636566162 -0.2762364149093628 0.15682286024093628 -0.7801503539085388 0.6056170463562012 9.882865905761719 0.0 0.0 0.0 1.0
0.3673882484436035 0.7028676867485046 0.6091000437736511 -0.2747747004032135 -0.903872013092041 0.1154857650399208 0.411920428276062 -0.25175297260284424 0.21918319165706635 -0.7018831968307495 0.6777305603027344 9.989532470703125 0.0 0.0 0.0 1.0
0.29523611068725586 0.7308533787727356 0.6153770685195923 -0.3345370888710022 -0.9246113300323486 0.05630261078476906 0.3767278790473938 -0.1267281472682953 0.24068549275398254 -0.6802083253860474 0.6923778653144836 10.208145141601562 0.0 0.0 0.0 1.0
0.2893671691417694 0.7375436425209045 0.6101606488227844 -0.3931626081466675 -0.9237991571426392 0.04821421578526497 0.3798295557498932 -0.11069653183221817 0.2507224380970001 -0.6735761165618896 0.6952937841415405 10.141460418701172 0.0 0.0 0.0 1.0
0.2910486161708832 0.7401654720306396 0.6061730980873108 -0.6626272201538086 -0.9245840907096863 0.05480112507939339 0.3770160973072052 -0.10966822504997253 0.2458353191614151 -0.6701880097389221 0.7002949714660645 10.053431510925293 0.0 0.0 0.0 1.0
0.3101693093776703 0.7343153953552246 0.6038011908531189 -0.4250699579715729 -0.911756694316864 0.04989083111286163 0.4076893925666809 -0.26128894090652466 0.26924845576286316 -0.676972508430481 0.6849915981292725 10.054089546203613 0.0 0.0 0.0 1.0
0.049459394067525864 0.8098119497299194 0.5846010446548462 -0.4529605507850647 -0.9284844994544983 -0.17841802537441254 0.32570475339889526 -0.614412784576416 0.36806297302246094 -0.5589021444320679 0.7430734038352966 9.877678871154785 0.0 0.0 0.0 1.0
-0.04066969081759453 0.8291370868682861 0.5575640797615051 -0.48234978318214417 -0.9289942383766174 -0.23681959509849548 0.284404993057251 -0.5324431657791138 0.3678528070449829 -0.5064071416854858 0.7798949480056763 9.487255096435547 0.0 0.0 0.0 1.0
-0.14796552062034607 0.8247077465057373 0.5458601713180542 -0.22891145944595337 -0.9111373424530029 -0.32832321524620056 0.2490633875131607 -0.43520140647888184 0.38462305068969727 -0.4605008065700531 0.8000025749206543 9.921905517578125 0.0 0.0 0.0 1.0
-0.2267545461654663 0.8167839646339417 0.530515193939209 -0.28361961245536804 -0.892915666103363 -0.3918706774711609 0.2216731607913971 -0.3237285912036896 0.3889524042606354 -0.4234399199485779 0.8181776404380798 10.155280113220215 0.0 0.0 0.0 1.0
-0.22215010225772858 0.8280385136604309 0.5147830247879028 -0.39136233925819397 -0.8943402171134949 -0.3833397328853607 0.2306647151708603 -0.22195696830749512 0.38833606243133545 -0.4091489911079407 0.8257070779800415 10.029814720153809 0.0 0.0 0.0 1.0
-0.5125627517700195 0.7518119215965271 0.4147990643978119 -0.7443206310272217 -0.7776281833648682 -0.6112890839576721 0.1470378339290619 -0.122712142765522 0.3641069233417511 -0.2471933215856552 0.8979541063308716 10.124998092651367 0.0 0.0 0.0 1.0
-0.47636282444000244 0.762345016002655 0.43807366490364075 -0.4446104168891907 -0.7965632677078247 -0.5851209163665771 0.15205414593219757 -0.35846009850502014 0.3722437918186188 -0.2765204608440399 0.8859859108924866 9.888568878173828 0.0 0.0 0.0 1.0
-0.5230618715286255 0.7527347207069397 0.39974579215049744 -0.6458569169044495 -0.7837754487991333 -0.60907381772995 0.12134703248739243 -0.3780176043510437 0.3348168134689331 -0.2498389184474945 0.9085583090782166 9.658243179321289 0.0 0.0 0.0 1.0
-0.606024444103241 0.7043427228927612 0.36964261531829834 -0.23733989894390106 -0.7262797951698303 -0.6794846653938293 0.10401061922311783 -0.40556254982948303 0.324425607919693 -0.2054309993982315 0.9233342409133911 9.632922172546387 0.0 0.0 0.0 1.0
-0.690502405166626 0.648263692855835 0.3208746910095215 -0.29363304376602173 -0.6622836589813232 -0.7449814081192017 0.07989395409822464 -0.34734490513801575 0.2908380329608917 -0.15734310448169708 0.9437459111213684 9.807095527648926 0.0 0.0 0.0 1.0
-0.8199600577354431 0.5212972164154053 0.2364628165960312 -0.11140330880880356 -0.529184103012085 -0.8478224873542786 0.034076008945703506 -0.6166762709617615 0.21824222803115845 -0.09719140082597733 0.971042811870575 9.949137687683105 0.0 0.0 0.0 1.0
-0.8223183155059814 0.5221624970436096 0.22613918781280518 -0.007423101458698511 -0.5268468260765076 -0.8488131761550903 0.04414360225200653 -0.43460971117019653 0.21500004827976227 -0.08284062147140503 0.9730942249298096 9.949677467346191 0.0 0.0 0.0 1.0
-0.804695188999176 0.5472869873046875 0.2300926297903061 -0.12281608581542969 -0.5532147288322449 -0.8318796753883362 0.04392878711223602 -0.4785488247871399 0.21545103192329407 -0.09194134175777435 0.972176730632782 9.929397583007812 0.0 0.0 0.0 1.0
-0.7941736578941345 0.5558416247367859 0.2456182986497879 -0.2390378713607788 -0.5661330223083496 -0.8236369490623474 0.03340040147304535 -0.5799286961555481 0.2208656370639801 -0.11252691596746445 0.9687910079956055 9.914067268371582 0.0 0.0 0.0 1.0
-0.8017935156822205 0.5504258871078491 0.23271968960762024 -0.05762947350740433 -0.5585142374038696 -0.8287211060523987 0.03582197055220604 -0.6107367873191833 0.21257705986499786 -0.10125543922185898 0.9718838930130005 9.906967163085938 0.0 0.0 0.0 1.0
-0.9203395843505859 0.378722220659256 0.09769625216722488 -0.20718708634376526 -0.37864887714385986 -0.925324022769928 0.02001320570707321 -0.6368101239204407 0.09798012673854828 -0.01857363060116768 0.995015025138855 9.927787780761719 0.0 0.0 0.0 1.0
-0.9496744275093079 0.3118738532066345 0.02920982800424099 -0.2850100100040436 -0.3111000657081604 -0.949958860874176 0.028194474056363106 -0.5466620922088623 0.036541253328323364 0.017688391730189323 0.9991756081581116 9.87248706817627 0.0 0.0 0.0 1.0
-0.9758390188217163 0.21754887700080872 -0.020266033709049225 -0.3040288984775543 -0.21809281408786774 -0.9754582047462463 0.030278902500867844 -0.40995872020721436 -0.013181527145206928 0.033967211842536926 0.9993360042572021 9.991442680358887 0.0 0.0 0.0 1.0
-0.9832684993743896 0.17806050181388855 -0.03843773156404495 -0.1898018717765808 -0.1796233206987381 -0.9828400611877441 0.04196292906999588 -0.2187265157699585 -0.030306201428174973 0.04816513881087303 0.9983795285224915 10.174422264099121 0.0 0.0 0.0 1.0
-0.9839354753494263 0.1738148331642151 -0.040734998881816864 -0.3507324755191803 -0.1755344569683075 -0.9835202097892761 0.04330882430076599 -0.2643735706806183 -0.03253597766160965 0.04976348578929901 0.9982309341430664 10.141735076904297 0.0 0.0 0.0 1.0
-0.9869896769523621 -0.027344677597284317 -0.15844114124774933 -0.18041720986366272 0.015719430521130562 -0.9971219301223755 0.07416673004627228 -0.27508601546287537 -0.16001319885253906 0.07071119546890259 0.9845789670944214 10.35977840423584 0.0 0.0 0.0 1.0
-0.991797685623169 -0.016774717718362808 -0.126711905002594 -0.141725093126297 0.00823304895311594 -0.9976761341094971 0.0676354467868805 -0.38197776675224304 -0.12755201756954193 0.06603745371103287 0.9896309971809387 10.371278762817383 0.0 0.0 0.0 1.0
-0.9946774840354919 -0.0020682974718511105 -0.10301680862903595 -0.013496153987944126 -0.005497281905263662 -0.9973093271255493 0.0731021985411644 -0.33233290910720825 -0.10289081931114197 0.07327941805124283 0.9919897317886353 10.147205352783203 0.0 0.0 0.0 1.0
-0.990019679069519 -0.03825371712446213 -0.13563817739486694 -0.22922109067440033 0.025754688307642937 -0.9953576326370239 0.09273554384708405 -0.15304918587207794 -0.13855597376823425 0.08831669390201569 0.9864088296890259 10.023330688476562 0.0 0.0 0.0 1.0
-0.977363646030426 -0.1303553283214569 -0.16663683950901031 -0.23585516214370728 0.11249735206365585 -0.9872645139694214 0.1124863550066948 -0.10316824913024902 -0.17917782068252563 0.09119386970996857 0.9795809984207153 10.078174591064453 0.0 0.0 0.0 1.0
-0.9364941120147705 -0.2989043593406677 -0.1833983212709427 -0.27945297956466675 0.27499523758888245 -0.9504692554473877 0.14486490190029144 0.6273441910743713 -0.21761521697044373 0.0852314680814743 0.9723061323165894 10.537274360656738 0.0 0.0 0.0 1.0
-0.9380478858947754 -0.2893250584602356 -0.19067548215389252 -0.28320208191871643 0.2648589611053467 -0.9535025954246521 0.14381414651870728 0.5957470536231995 -0.22341860830783844 0.08440245687961578 0.9710614681243896 10.523870468139648 0.0 0.0 0.0 1.0
-0.8986621499061584 -0.3682155907154083 -0.23837703466415405 -0.6474707722663879 0.33548831939697266 -0.9270754456520081 0.1672685146331787 0.5188310146331787 -0.28258436918258667 0.07034517079591751 0.9566596150398254 10.489503860473633 0.0 0.0 0.0 1.0
-0.8522127270698547 -0.45046544075012207 -0.2661096155643463 -0.5371994376182556 0.4110633432865143 -0.8911406993865967 0.1920812427997589 0.6664174795150757 -0.323667049407959 0.054306186735630035 0.9446113109588623 10.618284225463867 0.0 0.0 0.0 1.0
-0.8075793385505676 -0.5173986554145813 -0.283044695854187 -0.6591582894325256 0.47288087010383606 -0.8548757433891296 0.2134740948677063 0.8468050360679626 -0.35241925716400146 0.038550835102796555 0.9350478649139404 10.657271385192871 0.0 0.0 0.0 1.0
-0.7824958562850952 -0.5420066118240356 -0.30647850036621094 -0.8639538884162903 0.49473151564598083 -0.8400729298591614 0.2225269228219986 0.7624139189720154 -0.37807536125183105 0.022501809522509575 0.9255013465881348 10.622718811035156 0.0 0.0 0.0 1.0
-0.7877508997917175 -0.5376870036125183 -0.3005681335926056 -0.7912014722824097 0.49261513352394104 -0.8428409099578857 0.21667829155921936 0.7684998512268066 -0.3698362112045288 0.022624099627137184 0.9288214445114136 10.655250549316406 0.0 0.0 0.0 1.0