-0.9758423566818237 -0.20728996396064758 -0.06901119649410248 0.8250232338905334 0.19773271679878235 -0.9723125100135803 0.12454000860452652 1.3136308193206787 -0.092916339635849 0.10788564383983612 0.9898117184638977 12.107494354248047 0.0 0.0 0.0 1.0
-0.9774848818778992 -0.2004069834947586 -0.06603332608938217 0.7752467393875122 0.19175852835178375 -0.9742850065231323 0.11831072717905045 1.2954785823822021 -0.08804557472467422 0.10298449546098709 0.9907785654067993 12.441043853759766 0.0 0.0 0.0 1.0
-0.9794752597808838 -0.1936807930469513 -0.05582058057188988 0.7223950624465942 0.18615716695785522 -0.9754164814949036 0.11793315410614014 1.2789727449417114 -0.07728970050811768 0.10512121021747589 0.9914513826370239 12.251649856567383 0.0 0.0 0.0 1.0
-0.9848840832710266 -0.16929908096790314 -0.03662129491567612 0.5720264315605164 0.16448724269866943 -0.9803826808929443 0.10859886556863785 1.2618974447250366 -0.05428857356309891 0.10093355923891068 0.9934108853340149 12.535414695739746 0.0 0.0 0.0 1.0
-0.9898868799209595 -0.14134059846401215 -0.012116117402911186 0.44877752661705017 0.1393745243549347 -0.9849115014076233 0.10258703678846359 1.2560628652572632 -0.02643301710486412 0.09986088424921036 0.9946502447128296 12.514206886291504 0.0 0.0 0.0 1.0
-0.9897173643112183 0.04253397136926651 0.13656644523143768 0.21695126593112946 -0.029851136729121208 -0.9951613545417786 0.09360992908477783 1.5861011743545532 0.1398872435092926 0.08857070654630661 0.9861981272697449 12.506946563720703 0.0 0.0 0.0 1.0
-0.9843012690544128 0.07559222728013992 0.1594891995191574 0.287336528301239 -0.06041281297802925 -0.9933538436889648 0.09797164052724838 1.6130470037460327 0.16583509743213654 0.08679842203855515 0.9823262095451355 12.25808334350586 0.0 0.0 0.0 1.0
-0.976807177066803 0.1095084547996521 0.1839989870786667 0.287404865026474 -0.09160501509904861 -0.9904378056526184 0.10315752774477005 1.6674957275390625 0.193536177277565 0.0839097872376442 0.9774982929229736 12.048469543457031 0.0 0.0 0.0 1.0
-0.9676901698112488 0.1441761702299118 0.2068548947572708 0.3080315589904785 -0.12365720421075821 -0.9863229393959045 0.10897685587406158 1.6865257024765015 0.21973758935928345 0.07987673580646515 0.9722834229469299 11.935635566711426 0.0 0.0 0.0 1.0
-0.9570614099502563 0.17698416113853455 0.22958685457706451 0.31396228075027466 -0.1537599414587021 -0.9813319444656372 0.11552274972200394 1.6863408088684082 0.24574661254882812 0.07526110857725143 0.9664079546928406 12.124106407165527 0.0 0.0 0.0 1.0
-0.8673216104507446 0.34169572591781616 0.3619353771209717 -0.13291151821613312 -0.30986663699150085 -0.9397168159484863 0.14462023973464966 1.4734076261520386 0.3895328640937805 0.013280568644404411 0.9209167957305908 12.823756217956543 0.0 0.0 0.0 1.0
-0.8456001281738281 0.36716267466545105 0.3874945640563965 -0.1571236401796341 -0.3350801467895508 -0.9301522374153137 0.15012696385383606 1.3897281885147095 0.4155499339103699 -0.002894350793212652 0.9095657467842102 12.97266674041748 0.0 0.0 0.0 1.0
-0.8221108317375183 0.3931446671485901 0.41179001331329346 -0.08405853062868118 -0.3606058657169342 -0.9192840456962585 0.15773482620716095 1.3669277429580688 0.4405646026134491 -0.018818380311131477 0.8975236415863037 13.064671516418457 0.0 0.0 0.0 1.0
-0.7970637083053589 0.4195135831832886 0.43439364433288574 -0.06890774518251419 -0.38585805892944336 -0.9071243405342102 0.16804464161396027 1.4093679189682007 0.4645460546016693 -0.03367201238870621 0.8849085569381714 13.006450653076172 0.0 0.0 0.0 1.0
-0.7713027596473694 0.4443587362766266 0.4556724727153778 -0.06365489959716797 -0.4112977385520935 -0.8943558931350708 0.17595922946929932 1.454542875289917 0.4857223927974701 -0.05169922858476639 0.8725829124450684 13.230209350585938 0.0 0.0 0.0 1.0
-0.6033420562744141 0.5834873914718628 0.5436182618141174 -0.2936132848262787 -0.5465587973594666 -0.798941433429718 0.2509303689002991 1.4493980407714844 0.5807338356971741 -0.14572249352931976 0.8009451627731323 13.21657943725586 0.0 0.0 0.0 1.0
-0.5603904128074646 0.611426830291748 0.5586768984794617 -0.23325896263122559 -0.5746317505836487 -0.772807776927948 0.2693816125392914 1.278795838356018 0.5964569449424744 -0.17007462680339813 0.7844193577766418 12.99524211883545 0.0 0.0 0.0 1.0
-0.5258134007453918 0.6297818422317505 0.5717474222183228 -0.18689286708831787 -0.5929727554321289 -0.75331050157547 0.284440815448761 1.1984652280807495 0.6098390221595764 -0.18946786224842072 0.769544243812561 13.099310874938965 0.0 0.0 0.0 1.0
-0.4888172745704651 0.6475417613983154 0.5845915675163269 -0.2455679327249527 -0.6105267405509949 -0.7325824499130249 0.3009651303291321 1.1826306581497192 0.623149037361145 -0.2097918540239334 0.7534405589103699 13.000319480895996 0.0 0.0 0.0 1.0
-0.45006704330444336 0.6641750335693359 0.5969180464744568 -0.2543328106403351 -0.6273804903030396 -0.7108594179153442 0.3179192841053009 1.1546639204025269 0.6354788541793823 -0.23140974342823029 0.7366248369216919 13.033280372619629 0.0 0.0 0.0 1.0
-0.19030311703681946 0.7331178784370422 0.6529340744018555 -0.2930283844470978 -0.6990455389022827 -0.5681638717651367 0.43419480323791504 1.345617413520813 0.6892895102500916 -0.3738020360469818 0.6206061840057373 13.574190139770508 0.0 0.0 0.0 1.0
-0.14638914167881012 0.7384019494056702 0.6582801938056946 -0.3405221104621887 -0.706009030342102 -0.5441029667854309 0.45332464575767517 1.4449175596237183 0.692907989025116 -0.39838993549346924 0.6009691953659058 13.563593864440918 0.0 0.0 0.0 1.0
-0.10452116280794144 0.7436041831970215 0.6604000329971313 -0.2997235953807831 -0.7115064859390259 -0.5198665261268616 0.4727550446987152 1.5509657859802246 0.6948624849319458 -0.42046597599983215 0.583416223526001 13.441383361816406 0.0 0.0 0.0 1.0
-0.06357881426811218 0.7458789944648743 0.6630401611328125 -0.21569502353668213 -0.7158782482147217 -0.49698543548583984 0.4904322624206543 1.5918365716934204 0.6953244209289551 -0.4434749484062195 0.5655562877655029 13.340985298156738 0.0 0.0 0.0 1.0
-0.022865410894155502 0.7483220100402832 0.6629414558410645 -0.1425902098417282 -0.7182781100273132 -0.4735342264175415 0.5097469091415405 1.5239416360855103 0.6953802704811096 -0.46452078223228455 0.5483308434486389 13.205169677734375 0.0 0.0 0.0 1.0
0.1951938271522522 0.737608015537262 0.6464006304740906 -0.6224270462989807 -0.7145118117332458 -0.34453338384628296 0.6089085340499878 0.7326756715774536 0.6718424558639526 -0.580716073513031 0.4597788453102112 12.550195693969727 0.0 0.0 0.0 1.0
0.23374605178833008 0.7327562570571899 0.639086127281189 -0.6109095811843872 -0.7075896263122559 -0.3226010203361511 0.6286855340003967 0.6560962200164795 0.666843056678772 -0.5991634726524353 0.4430840015411377 12.38766098022461 0.0 0.0 0.0 1.0
0.2726769745349884 0.7265148758888245 0.6307324171066284 -0.5811921954154968 -0.7001622319221497 -0.2997822165489197 0.6479995846748352 0.6709853410720825 0.6598637104034424 -0.6183095574378967 0.4269345700740814 12.308363914489746 0.0 0.0 0.0 1.0
0.31102073192596436 0.7186663746833801 0.6219201683998108 -0.4675137996673584 -0.6913139820098877 -0.27797695994377136 0.6669436097145081 0.7050888538360596 0.6521894335746765 -0.6373754143714905 0.41036754846572876 12.207322120666504 0.0 0.0 0.0 1.0
0.35250598192214966 0.7084987759590149 0.6113665103912354 -0.3749694526195526 -0.6802551746368408 -0.2546394169330597 0.6873221397399902 0.7240195870399475 0.6426448822021484 -0.6581704020500183 0.39219802618026733 12.361865043640137 0.0 0.0 0.0 1.0
0.5929138660430908 0.6086545586585999 0.5272502303123474 -0.8162476420402527 -0.5859362483024597 -0.123052679002285 0.8009598851203918 0.7071532607078552 0.5523874163627625 -0.783835232257843 0.28367313742637634 12.85754680633545 0.0 0.0 0.0 1.0
0.6262956261634827 0.5889870524406433 0.5107328295707703 -0.9248626828193665 -0.5681403279304504 -0.10377050936222076 0.8163627982139587 0.7196984887123108 0.5338261127471924 -0.8014523983001709 0.26963627338409424 12.729968070983887 0.0 0.0 0.0 1.0
0.6592433452606201 0.5669112205505371 0.4939735531806946 -0.9674906134605408 -0.5489718914031982 -0.08605099469423294 0.8313995003700256 0.6623939275741577 0.5138366222381592 -0.8192721605300903 0.2544897794723511 12.660478591918945 0.0 0.0 0.0 1.0
0.6903684735298157 0.5447888970375061 0.4760214686393738 -0.9624825119972229 -0.5290031433105469 -0.06870220601558685 0.8458343148231506 0.5662466883659363 0.4935048818588257 -0.8357541561126709 0.24076522886753082 12.514484405517578 0.0 0.0 0.0 1.0
0.7195000648498535 0.5220117568969727 0.45806482434272766 -0.9798584580421448 -0.5087860822677612 -0.0527428574860096 0.8592758178710938 0.46971338987350464 0.4727117121219635 -0.8513060212135315 0.22764381766319275 12.420090675354004 0.0 0.0 0.0 1.0
0.8751342296600342 0.35673874616622925 0.32692137360572815 -0.5789701342582703 -0.3602975010871887 0.029421823099255562 0.9323733448982239 0.12008456885814667 0.32299506664276123 -0.9337407946586609 0.15428012609481812 11.949602127075195 0.0 0.0 0.0 1.0
0.897625744342804 0.32293373346328735 0.29996976256370544 -0.4983730614185333 -0.3293585479259491 0.03917745128273964 0.9433917999267578 0.10683266073465347 0.2929009795188904 -0.9456103444099426 0.1415276825428009 11.890178680419922 0.0 0.0 0.0 1.0
0.9174434542655945 0.28780174255371094 0.2747138440608978 -0.44097134470939636 -0.2993955910205841 0.044660452753305435 0.9530832767486572 0.17176537215709686 0.2620301842689514 -0.9566481113433838 0.12714001536369324 11.893884658813477 0.0 0.0 0.0 1.0
0.9350753426551819 0.2514098286628723 0.2498544454574585 -0.3939714729785919 -0.2699393033981323 0.048275627195835114 0.9616664052009583 0.2699546217918396 0.22971050441265106 -0.9666760563850403 0.11300674080848694 11.991639137268066 0.0 0.0 0.0 1.0
0.9517764449119568 0.2111290842294693 0.22258956730365753 -0.299912691116333 -0.23803915083408356 0.050495538860559464 0.969942033290863 0.31934356689453125 0.1935431957244873 -0.9761530160903931 0.098317451775074 11.769251823425293 0.0 0.0 0.0 1.0
0.9974017143249512 0.0005148180644027889 0.07203847169876099 -0.02992461994290352 -0.07203151285648346 0.02275632694363594 0.9971427321434021 -0.015915237367153168 -0.0011259840102866292 -0.9997408986091614 0.022734282538294792 11.062000274658203 0.0 0.0 0.0 1.0
0.9985370635986328 -0.028860023245215416 0.04572568088769913 0.015609556809067726 -0.045256633311510086 0.016702018678188324 0.9988357424736023 0.07147547602653503 -0.02959013544023037 -0.9994438886642456 0.015371477231383324 10.875455856323242 0.0 0.0 0.0 1.0
0.9981347322463989 -0.05806482955813408 0.018855415284633636 0.04173023998737335 -0.01823364943265915 0.01121943537145853 0.9997708201408386 0.1508399099111557 -0.05826307088136673 -0.9982497692108154 0.010139773599803448 10.717475891113281 0.0 0.0 0.0 1.0
0.9962224960327148 -0.08638716489076614 -0.00883476808667183 0.10986004024744034 0.009314543567597866 0.005152273457497358 0.9999433159828186 0.15211711823940277 -0.08633674681186676 -0.9962483048439026 0.0059374673292040825 10.6368408203125 0.0 0.0 0.0 1.0
0.992624819278717 -0.11510197818279266 -0.03804558888077736 0.1890856772661209 0.03843536972999573 0.001168097835034132 0.999260425567627 0.09856980293989182 -0.11497241258621216 -0.993353009223938 0.005583470221608877 10.523303985595703 0.0 0.0 0.0 1.0
0.9317115545272827 -0.29095304012298584 -0.21739351749420166 -0.09158642590045929 0.21422991156578064 -0.04309658706188202 0.9758320450782776 0.0504889041185379 -0.29329022765159607 -0.9557662010192871 0.022177258506417274 10.65747356414795 0.0 0.0 0.0 1.0
0.9128409624099731 -0.32216769456863403 -0.2508572041988373 -0.05665307119488716 0.24693764746189117 -0.05369928851723671 0.9675423502922058 0.18326452374458313 -0.3251817226409912 -0.9451583623886108 0.03053641878068447 10.843273162841797 0.0 0.0 0.0 1.0
0.8921014666557312 -0.3527180850505829 -0.28239139914512634 0.022744329646229744 0.2775726914405823 -0.06533170491456985 0.9584806561470032 0.31499767303466797 -0.3565225601196289 -0.9334461688995361 0.03962239995598793 11.042571067810059 0.0 0.0 0.0 1.0
0.8701306581497192 -0.38030847907066345 -0.3134295642375946 0.07054063677787781 0.30739060044288635 -0.078287273645401 0.9483575820922852 0.4722417891025543 -0.3852059841156006 -0.9215403199195862 0.04878309369087219 11.198319435119629 0.0 0.0 0.0 1.0
0.8479999899864197 -0.40486079454421997 -0.34202882647514343 0.024144740775227547 0.3341926634311676 -0.09241459518671036 0.9379631280899048 0.6421612501144409 -0.4113529324531555 -0.9096962809562683 0.0569339320063591 11.286191940307617 0.0 0.0 0.0 1.0
0.7249362468719482 -0.5041567087173462 -0.4693543612957001 -0.19810901582241058 0.45325133204460144 -0.16395339369773865 0.8761749267578125 1.5162384510040283 -0.5186817049980164 -0.8479064106941223 0.10965393483638763 12.337506294250488 0.0 0.0 0.0 1.0
0.7016562819480896 -0.5169031023979187 -0.49039745330810547 -0.06937633454799652 0.47270750999450684 -0.17727643251419067 0.863203763961792 1.5070499181747437 -0.5331286191940308 -0.8374868631362915 0.1199568659067154 12.411835670471191 0.0 0.0 0.0 1.0
0.6776160597801208 -0.5319926142692566 -0.5077601671218872 0.035743486136198044 0.48960503935813904 -0.1888478696346283 0.8512481451034546 1.4806767702102661 -0.5487471222877502 -0.8254213333129883 0.13249991834163666 12.367697715759277 0.0 0.0 0.0 1.0
0.6521702408790588 -0.5466318726539612 -0.5252309441566467 0.03944050520658493 0.5071333050727844 -0.2003854662179947 0.8382490277290344 1.4855375289916992 -0.5634623169898987 -0.8130431771278381 0.14652980864048004 12.314409255981445 0.0 0.0 0.0 1.0
0.6258705854415894 -0.5595332384109497 -0.5433310270309448 0.06913342326879501 0.5247882008552551 -0.21322552859783173 0.8240947723388672 1.5138999223709106 -0.5769605040550232 -0.8009103536605835 0.1601848602294922 12.418462753295898 0.0 0.0 0.0 1.0
0.4513303339481354 -0.6312287449836731 -0.6307544708251953 -0.1202925443649292 0.6071597337722778 -0.3007783591747284 0.735451877117157 1.6261820793151855 -0.6539556384086609 -0.7149004340171814 0.2475062906742096 13.271556854248047 0.0 0.0 0.0 1.0
0.4117717742919922 -0.6406040191650391 -0.6481284499168396 -0.049851659685373306 0.6222326755523682 -0.3219728469848633 0.7135545015335083 1.6396700143814087 -0.6657856702804565 -0.697108268737793 0.2660253942012787 13.477832794189453 0.0 0.0 0.0 1.0
0.3712717294692993 -0.6510957479476929 -0.6619906425476074 0.09865465760231018 0.634996771812439 -0.3421238362789154 0.6926257014274597 1.6720951795578003 -0.6774484515190125 -0.6775143146514893 0.2864227890968323 13.58936595916748 0.0 0.0 0.0 1.0
0.3310927748680115 -0.6595916748046875 -0.6747713088989258 0.16911490261554718 0.6446719765663147 -0.3640666902065277 0.6722005009651184 1.7567614316940308 -0.6890396475791931 -0.6575669050216675 0.3046804368495941 14.120613098144531 0.0 0.0 0.0 1.0
0.2889827489852905 -0.6654449105262756 -0.6882383823394775 0.27902108430862427 0.6546803116798401 -0.38716062903404236 0.6492305994033813 1.8214328289031982 -0.6984859704971313 -0.6381925344467163 0.3237709403038025 14.267491340637207 0.0 0.0 0.0 1.0
0.09716889262199402 -0.6795573830604553 -0.7271588444709778 0.2340324968099594 0.6738461852073669 -0.4927680492401123 0.5505551695823669 1.7139685153961182 -0.7324544787406921 -0.5434900522232056 0.4100354313850403 15.251172065734863 0.0 0.0 0.0 1.0
0.0726579949259758 -0.6811654567718506 -0.7285152673721313 0.16056011617183685 0.6719033122062683 -0.5063834190368652 0.5404828786849976 1.732184648513794 -0.7370663285255432 -0.5287622213363647 0.42088451981544495 15.676082611083984 0.0 0.0 0.0 1.0
0.04463016986846924 -0.6829113960266113 -0.72913658618927 0.14124161005020142 0.6720945835113525 -0.5194690823554993 0.5276748538017273 1.7704405784606934 -0.7391191124916077 -0.5135989785194397 0.4357970356941223 15.136741638183594 0.0 0.0 0.0 1.0
0.01646382175385952 -0.6855487823486328 -0.7278404831886292 0.13634103536605835 0.6700466275215149 -0.5327386856079102 0.5169400572776794 1.7507336139678955 -0.7421364188194275 -0.4961978793144226 0.4505787193775177 15.243612289428711 0.0 0.0 0.0 1.0
-0.014853463508188725 -0.686836838722229 -0.7266598343849182 0.10093077272176743 0.6703188419342041 -0.546085774898529 0.5024569630622864 1.7249304056167603 -0.741924524307251 -0.47963055968284607 0.4685109257698059 15.39299488067627 0.0 0.0 0.0 1.0
-0.2552497088909149 -0.667892575263977 -0.6991187930107117 0.5906262397766113 0.6598696708679199 -0.6488317251205444 0.37893185019493103 1.7124607563018799 -0.7066962718963623 -0.3646050691604614 0.6063361763954163 14.613347053527832 0.0 0.0 0.0 1.0
-0.29400449991226196 -0.6606350541114807 -0.6907406449317932 0.6004146337509155 0.6539086103439331 -0.666109561920166 0.3587500751018524 1.678025722503662 -0.6971118450164795 -0.3462071120738983 0.627834141254425 14.411863327026367 0.0 0.0 0.0 1.0
-0.32886549830436707 -0.6518992781639099 -0.6832823753356934 0.5834916234016418 0.6465264558792114 -0.6828039288520813 0.34026798605918884 1.6428402662277222 -0.6883683800697327 -0.3298577666282654 0.646020770072937 14.297172546386719 0.0 0.0 0.0 1.0
-0.3602827489376068 -0.6430318355560303 -0.6758005619049072 0.5605790615081787 0.6383212208747864 -0.6982291340827942 0.32407113909721375 1.5990896224975586 -0.6802516579627991 -0.31462058424949646 0.6620208024978638 14.131739616394043 0.0 0.0 0.0 1.0
-0.38771069049835205 -0.6351085305213928 -0.6680700182914734 0.48314619064331055 0.6297996640205383 -0.7117304801940918 0.31111419200897217 1.5541318655014038 -0.6730771064758301 -0.3001279830932617 0.6759366989135742 13.895047187805176 0.0 0.0 0.0 1.0
-0.5369547605514526 -0.5886576771736145 -0.6042861342430115 0.237942174077034 0.5727290511131287 -0.7803044319152832 0.2512098550796509 1.0042070150375366 -0.6194037795066833 -0.21120388805866241 0.7561295628547668 12.282273292541504 0.0 0.0 0.0 1.0
-0.5628752112388611 -0.5803003311157227 -0.588577151298523 0.31475943326950073 0.5624434351921082 -0.7907159924507141 0.24171392619609833 1.0345103740692139 -0.6056640148162842 -0.19498655200004578 0.7714605331420898 11.97891902923584 0.0 0.0 0.0 1.0
-0.5899093151092529 -0.5698109269142151 -0.5721210837364197 0.4340437054634094 0.5507354140281677 -0.8020825386047363 0.23098506033420563 1.0550692081451416 -0.5905061364173889 -0.17882712185382843 0.7869709730148315 11.714887619018555 0.0 0.0 0.0 1.0
-0.6175565123558044 -0.5574126839637756 -0.5549009442329407 0.45010384917259216 0.537625253200531 -0.814119279384613 0.219474196434021 1.060551404953003 -0.574093222618103 -0.16279102861881256 0.80244380235672 11.531579971313477 0.0 0.0 0.0 1.0
-0.6458457112312317 -0.5427737236022949 -0.5369170904159546 0.37474122643470764 0.522678017616272 -0.8269537687301636 0.2072562426328659 1.0668054819107056 -0.5564988851547241 -0.14677922427654266 0.8177804350852966 11.40886116027832 0.0 0.0 0.0 1.0
-0.8001500368118286 -0.42043229937553406 -0.42778101563453674 0.21985338628292084 0.4088907241821289 -0.9041472673416138 0.12379880249500275 1.0529967546463013 -0.4388260543346405 -0.07585807144641876 0.8953643441200256 11.508438110351562 0.0 0.0 0.0 1.0
-0.8198254108428955 -0.3994821012020111 -0.41024425625801086 0.12482011318206787 0.3894340395927429 -0.9142196774482727 0.11199785023927689 1.058804988861084 -0.419794499874115 -0.06794439256191254 0.9050724506378174 11.560948371887207 0.0 0.0 0.0 1.0
-0.837643027305603 -0.37955453991889954 -0.39280080795288086 0.03821577876806259 0.370459645986557 -0.9232214689254761 0.10208722949028015 1.0444309711456299 -0.40138980746269226 -0.06000418961048126 0.9139396548271179 11.498451232910156 0.0 0.0 0.0 1.0
-0.8536449670791626 -0.36111029982566833 -0.375352680683136 0.00287887011654675 0.35262593626976013 -0.9310545325279236 0.09376794099807739 1.006771445274353 -0.3833343982696533 -0.05231456086039543 0.922126829624176 11.429439544677734 0.0 0.0 0.0 1.0
-0.8685382008552551 -0.3436727821826935 -0.3571140766143799 0.008651584386825562 0.3352327346801758 -0.9380688071250916 0.08744065463542938 1.0065666437149048 -0.3650485575199127 -0.04377077892422676 0.9299589395523071 11.38916301727295 0.0 0.0 0.0 1.0
-0.9507279396057129 -0.22335287928581238 -0.2150113880634308 0.48688745498657227 0.21377377212047577 -0.974574089050293 0.06712780147790909 1.2828600406646729 -0.2245377153158188 0.017856476828455925 0.9743017554283142 11.326070785522461 0.0 0.0 0.0 1.0
-0.9631075859069824 -0.1955077052116394 -0.1849338710308075 0.5505296587944031 0.18719148635864258 -0.980391263961792 0.06158151850104332 1.3002458810806274 -0.19334721565246582 0.02469157986342907 0.9808196425437927 11.291298866271973 0.0 0.0 0.0 1.0
-0.9743039011955261 -0.16406100988388062 -0.15432393550872803 0.5401692390441895 0.15731360018253326 -0.9860132932662964 0.05504707619547844 1.3242712020874023 -0.1611965447664261 0.029355324804782867 0.9864856600761414 11.311225891113281 0.0 0.0 0.0 1.0
-0.9836788177490234 -0.13077202439308167 -0.12359070032835007 0.49953651428222656 0.12599898874759674 -0.9909766316413879 0.04571135714650154 1.3080440759658813 -0.12845326960086823 0.029392989352345467 0.9912799000740051 11.461199760437012 0.0 0.0 0.0 1.0
-0.9910789728164673 -0.09747275710105896 -0.09089317917823792 0.40483352541923523 0.09400427341461182 -0.9946980476379395 0.04170071706175804 1.2336151599884033 -0.09447595477104187 0.0327843576669693 0.9949871897697449 11.355925559997559 0.0 0.0 0.0 1.0
-0.994047224521637 0.08289869874715805 0.07069574296474457 0.11308984458446503 -0.08303871750831604 -0.9965458512306213 0.0009611874120309949 1.221801996231079 0.07053123414516449 -0.0049150181002914906 0.9974974393844604 12.926462173461914 0.0 0.0 0.0 1.0
-0.9895622730255127 0.10789471864700317 0.09552592784166336 0.09801295399665833 -0.10858006775379181 -0.9940857291221619 -0.0019905029330402613 1.1949926614761353 0.09474620223045349 -0.0123419389128685 0.9954249262809753 13.208026885986328 0.0 0.0 0.0 1.0
-0.9841349720954895 0.1312682330608368 0.11936083436012268 0.056348156183958054 -0.13230283558368683 -0.9912090301513672 -0.000750655890442431 1.1129742860794067 0.11821300536394119 -0.01653052493929863 0.992850661277771 13.24248218536377 0.0 0.0 0.0 1.0
-0.9773326516151428 0.15364573895931244 0.14564993977546692 0.031068840995430946 -0.15548868477344513 -0.9878368377685547 -0.0012856018729507923 1.0263891220092773 0.1436808556318283 -0.02390337735414505 0.9893353581428528 13.184111595153809 0.0 0.0 0.0 1.0
-0.969460129737854 0.17681723833084106 0.16994927823543549 0.05691329017281532 -0.17892691493034363 -0.9838579893112183 0.002945287385955453 0.9139066934585571 0.16772672533988953 -0.02755315974354744 0.98544842004776 13.012215614318848 0.0 0.0 0.0 1.0
-0.8824509978294373 0.3263978958129883 0.33873987197875977 0.325463205575943 -0.3351860046386719 -0.9415368437767029 0.0340392142534256 1.2705538272857666 0.3300463855266571 -0.08350292593240738 0.940264105796814 13.394699096679688 0.0 0.0 0.0 1.0
-0.8608790636062622 0.35412532091140747 0.3653525710105896 0.4666275680065155 -0.364003449678421 -0.930354654788971 0.04406481236219406 1.3618696928024292 0.35551193356513977 -0.09505512565374374 0.9298256635665894 13.61952018737793 0.0 0.0 0.0 1.0
-0.8382983803749084 0.38103166222572327 0.38996249437332153 0.6308492422103882 -0.39198848605155945 -0.9183449149131775 0.05465955287218094 1.4210008382797241 0.37894707918167114 -0.10703979432582855 0.9192070364952087 13.724562644958496 0.0 0.0 0.0 1.0
-0.8143582940101624 0.40502744913101196 0.4156601130962372 0.7419180274009705 -0.41706177592277527 -0.9064659476280212 0.06617394834756851 1.480059266090393 0.40358400344848633 -0.1194666400551796 0.9071094989776611 13.509974479675293 0.0 0.0 0.0 1.0
-0.7911006808280945 0.42714595794677734 0.4378424882888794 0.8235726952552795 -0.43954265117645264 -0.8947644233703613 0.07873271405696869 1.5553827285766602 0.42539623379707336 -0.1301649510860443 0.8955976366996765 13.372124671936035 0.0 0.0 0.0 1.0
-0.665238082408905 0.5270734429359436 0.5288212299346924 0.6038292646408081 -0.5413230657577515 -0.8282897472381592 0.1445871889591217 1.3303241729736328 0.5142252445220947 -0.19007821381092072 0.8363268971443176 13.14014720916748 0.0 0.0 0.0 1.0
-0.642795741558075 0.5411921739578247 0.5421481728553772 0.6095190048217773 -0.5552839040756226 -0.8167238831520081 0.1569136381149292 1.2296960353851318 0.5277057886123657 -0.20018276572227478 0.8255019187927246 12.888920783996582 0.0 0.0 0.0 1.0
-0.6198596358299255 0.5532771348953247 0.5564696192741394 0.5995612144470215 -0.5669317245483398 -0.8060508966445923 0.16991302371025085 1.2463427782058716 0.5425518155097961 -0.21015803515911102 0.8133087754249573 12.651111602783203 0.0 0.0 0.0 1.0
-0.5935978889465332 0.5692654252052307 0.5688395500183105 0.5635865926742554 -0.57942795753479 -0.7928540706634521 0.18880055844783783 1.2633942365646362 0.5584843754768372 -0.21752990782260895 0.800484836101532 12.417610168457031 0.0 0.0 0.0 1.0
-0.5658747553825378 0.5813117027282715 0.5846900939941406 0.6103180646896362 -0.59183669090271 -0.7801229357719421 0.2028239220380783 1.2099367380142212 0.5740340352058411 -0.23126813769340515 0.7854934334754944 12.452032089233398 0.0 0.0 0.0 1.0
-0.4064601957798004 0.6418159604072571 0.6502787470817566 0.23815181851387024 -0.6582766175270081 -0.6992771625518799 0.27871736884117126 1.3818715810775757 0.6336103081703186 -0.3147757947444916 0.706720769405365 12.672749519348145 0.0 0.0 0.0 1.0
-0.39191317558288574 0.6486226916313171 0.6524512767791748 0.12392255663871765 -0.6678584218025208 -0.6883342862129211 0.2831272482872009 1.4525096416473389 0.6327472925186157 -0.3247837722301483 0.702955424785614 12.73914623260498 0.0 0.0 0.0 1.0