-0.9899518489837646 -0.004419294185936451 -0.14133583009243011 -0.5403675436973572 -0.002731588901951909 -0.9987273216247559 0.05036098137497902 2.686410427093506 -0.1413785219192505 0.05024101957678795 0.9886798858642578 12.481138229370117 0.0 0.0 0.0 1.0
-0.9898818135261536 -0.0046400632709264755 -0.1418185830116272 -0.5280299782752991 -0.00255079404450953 -0.9987217783927917 0.050480809062719345 2.7014217376708984 -0.14187154173851013 0.050331782549619675 0.9886046648025513 12.47353458404541 0.0 0.0 0.0 1.0
-0.9897497296333313 -0.005113623570650816 -0.1427212506532669 -0.5353174805641174 -0.0021222741343080997 -0.998721718788147 0.05050129070878029 2.7086730003356934 -0.1427970677614212 0.05028653144836426 0.9884737133979797 12.469942092895508 0.0 0.0 0.0 1.0
-0.989344596862793 -0.0067014191299676895 -0.14543870091438293 -0.5702030062675476 -0.0007214954821392894 -0.9987021684646606 0.05092544108629227 2.7165822982788086 -0.14559121429920197 0.05048774182796478 0.9880557656288147 12.429633140563965 0.0 0.0 0.0 1.0
-0.9887001514434814 -0.00892367959022522 -0.1496410071849823 -0.6374560594558716 0.0011829488212242723 -0.9986599683761597 0.05173809453845024 2.69722056388855 -0.14990217983722687 0.05097644403576851 0.9873858094215393 12.422865867614746 0.0 0.0 0.0 1.0
-0.975399374961853 -0.03996066376566887 -0.21679294109344482 -0.7985026836395264 0.028226669877767563 -0.997977614402771 0.056955594569444656 2.199073076248169 -0.21863047778606415 0.04943510890007019 0.974554717540741 12.325230598449707 0.0 0.0 0.0 1.0
-0.9705819487571716 -0.0480148009955883 -0.23593482375144958 -0.8012673258781433 0.03527810797095299 -0.9976980686187744 0.057914212346076965 2.1682987213134766 -0.23817245662212372 0.047887157648801804 0.9700415730476379 12.098588943481445 0.0 0.0 0.0 1.0
-0.9646852016448975 -0.0566730834543705 -0.2572365999221802 -0.7205371260643005 0.04287799447774887 -0.9973409175872803 0.05892869085073471 2.1306960582733154 -0.25989222526550293 0.045817844569683075 0.9645500183105469 11.938385963439941 0.0 0.0 0.0 1.0
-0.9578973650932312 -0.06542568653821945 -0.27955707907676697 -0.608992874622345 0.05052701011300087 -0.9969079494476318 0.06017983332276344 2.1297855377197266 -0.28262996673583984 0.04352091997861862 0.9582412242889404 11.853411674499512 0.0 0.0 0.0 1.0
-0.9499761462211609 -0.07424437254667282 -0.3033694922924042 -0.4223795533180237 0.0583212673664093 -0.9964184761047363 0.061227817088365555 2.10679292678833 -0.3068287968635559 0.04047207534313202 0.9509038329124451 11.77469253540039 0.0 0.0 0.0 1.0
-0.8712013363838196 -0.12903809547424316 -0.4736638367176056 -0.4788306653499603 0.10762358456850052 -0.9915682077407837 0.07217832654714584 1.6744275093078613 -0.4789837598800659 0.011904451996088028 0.8777430653572083 10.918868064880371 0.0 0.0 0.0 1.0
-0.8545400500297546 -0.13865084946155548 -0.5005369186401367 -0.4617249667644501 0.11645426601171494 -0.990321695804596 0.07550712674856186 1.5596201419830322 -0.5061616897583008 0.006234206724911928 0.8624160885810852 10.687460899353027 0.0 0.0 0.0 1.0
-0.836679220199585 -0.1485547423362732 -0.5271615982055664 -0.5098363757133484 0.12544487416744232 -0.9889040589332581 0.07957575470209122 1.4675852060317993 -0.5331336259841919 0.0004496633482631296 0.8460309505462646 10.4209623336792 0.0 0.0 0.0 1.0
-0.8175748586654663 -0.15855814516544342 -0.553561806678772 -0.4698076844215393 0.13461220264434814 -0.9873323440551758 0.0839906632900238 1.3665192127227783 -0.5598668456077576 -0.005847517400979996 0.8285619616508484 10.227206230163574 0.0 0.0 0.0 1.0
-0.7977649569511414 -0.16773974895477295 -0.5791670083999634 -0.37405863404273987 0.14316128194332123 -0.9857524037361145 0.08830064535140991 1.3113274574279785 -0.585726797580719 -0.01247112825512886 0.810412585735321 10.080543518066406 0.0 0.0 0.0 1.0
-0.6440809369087219 -0.23038475215435028 -0.729439914226532 -0.38522782921791077 0.20136526226997375 -0.9710008502006531 0.12887732684612274 0.9788580536842346 -0.7379781603813171 -0.0638764351606369 0.6717946529388428 9.56623649597168 0.0 0.0 0.0 1.0
-0.6161268949508667 -0.24000968039035797 -0.7501886487007141 -0.3391669690608978 0.20999062061309814 -0.9680236577987671 0.13723771274089813 0.9188796877861023 -0.7591387033462524 -0.0729767382144928 0.6468251347541809 9.55029010772705 0.0 0.0 0.0 1.0
-0.5870915651321411 -0.24919545650482178 -0.7702111005783081 -0.13470400869846344 0.21846187114715576 -0.9649121165275574 0.14566732943058014 0.8291806578636169 -0.7794857025146484 -0.08274170011281967 0.6209314465522766 9.561320304870605 0.0 0.0 0.0 1.0
-0.5572140216827393 -0.2582942247390747 -0.7891746759414673 0.07186674326658249 0.2270553708076477 -0.9615647196769714 0.15439948439598083 0.8224761486053467 -0.7987229824066162 -0.09315278381109238 0.5944444537162781 9.555627822875977 0.0 0.0 0.0 1.0
-0.5263500809669495 -0.26660364866256714 -0.8073896765708923 0.2722875773906708 0.23486022651195526 -0.958214282989502 0.16329750418663025 0.9096954464912415 -0.817188024520874 -0.1036720722913742 0.566970705986023 9.450066566467285 0.0 0.0 0.0 1.0
-0.3094927966594696 -0.30975401401519775 -0.8990365266799927 0.24715067446231842 0.2733759880065918 -0.9345265030860901 0.22787220776081085 0.97037672996521 -0.9107577800750732 -0.17525017261505127 0.37390854954719543 8.827384948730469 0.0 0.0 0.0 1.0
-0.2720212936401367 -0.31461435556411743 -0.9094076156616211 0.17896601557731628 0.27750539779663086 -0.9305421113967896 0.2389187514781952 0.9131645560264587 -0.9214093685150146 -0.1873745322227478 0.3404344320297241 8.712437629699707 0.0 0.0 0.0 1.0
-0.2352565973997116 -0.3186449110507965 -0.9182155132293701 0.11832674592733383 0.2810070812702179 -0.9266831278800964 0.24958638846874237 0.8742439150810242 -0.9304242730140686 -0.19930821657180786 0.3075498044490814 8.605842590332031 0.0 0.0 0.0 1.0
-0.19719015061855316 -0.32220691442489624 -0.9259042739868164 0.10531343519687653 0.2840021550655365 -0.9227252006530762 0.26061657071113586 0.8551335334777832 -0.9383276700973511 -0.21156778931617737 0.273459792137146 8.449681282043457 0.0 0.0 0.0 1.0
-0.1591789722442627 -0.325284868478775 -0.9321222305297852 0.05145833641290665 0.2866067588329315 -0.9187243580818176 0.27166542410850525 0.8293402194976807 -0.9447320103645325 -0.22390909492969513 0.239470437169075 8.307185173034668 0.0 0.0 0.0 1.0
0.08349624276161194 -0.33409011363983154 -0.9388355612754822 0.6978102326393127 0.29178228974342346 -0.8926376104354858 0.3436002731323242 0.5175278782844543 -0.9528334140777588 -0.30262491106987 0.022949688136577606 8.703824996948242 0.0 0.0 0.0 1.0
0.1211211085319519 -0.3340400457382202 -0.9347442984580994 0.7953088879585266 0.2909089922904968 -0.8883848190307617 0.35516807436943054 0.596542477607727 -0.9490530490875244 -0.3149438798427582 -0.010426908731460571 8.792799949645996 0.0 0.0 0.0 1.0
0.15836352109909058 -0.3334648013114929 -0.9293665885925293 0.8622215390205383 0.2896711528301239 -0.8841369152069092 0.3665958344936371 0.6331684589385986 -0.9439341425895691 -0.3272660970687866 -0.04341989383101463 8.881983757019043 0.0 0.0 0.0 1.0
0.19596423208713531 -0.33279669284820557 -0.9224122762680054 0.8431938290596008 0.28770944476127625 -0.8797401189804077 0.37852421402931213 0.6788257956504822 -0.9374547004699707 -0.33956393599510193 -0.07664883881807327 8.928860664367676 0.0 0.0 0.0 1.0
0.2331773042678833 -0.3313710689544678 -0.9142327904701233 0.7404081225395203 0.2856936752796173 -0.8753149509429932 0.3901318609714508 0.6697406768798828 -0.9295200109481812 -0.35216042399406433 -0.10943296551704407 9.016801834106445 0.0 0.0 0.0 1.0
0.44284772872924805 -0.3157983422279358 -0.8391408324241638 0.5196142196655273 0.26941806077957153 -0.845794141292572 0.4604847729206085 0.827250599861145 -0.855160653591156 -0.4300043284893036 -0.289476215839386 8.871317863464355 0.0 0.0 0.0 1.0
0.473530650138855 -0.31185126304626465 -0.8237217664718628 0.5131482481956482 0.26559898257255554 -0.841128945350647 0.4711255729198456 0.8652376532554626 -0.8397772908210754 -0.4418720602989197 -0.31547296047210693 8.854630470275879 0.0 0.0 0.0 1.0
0.50389564037323 -0.3073525130748749 -0.8072320818901062 0.48057126998901367 0.26139596104621887 -0.8364692330360413 0.4816547930240631 0.8732852339744568 -0.823262631893158 -0.4537109434604645 -0.34115248918533325 8.886268615722656 0.0 0.0 0.0 1.0
0.533055305480957 -0.30283084511756897 -0.7900288105010986 0.4826115369796753 0.25647589564323425 -0.83198082447052 0.4919634461402893 0.8744353652000427 -0.8062705397605896 -0.4648670554161072 -0.3658229410648346 8.914156913757324 0.0 0.0 0.0 1.0
0.5620013475418091 -0.2978755235671997 -0.7716376185417175 0.3919377028942108 0.25172388553619385 -0.8270568251609802 0.5026053190231323 0.8229746222496033 -0.7879019975662231 -0.476704478263855 -0.38982468843460083 9.026448249816895 0.0 0.0 0.0 1.0
0.7236462831497192 -0.25453633069992065 -0.6415195465087891 -0.013749522157013416 0.21421639621257782 -0.8007662892341614 0.5593609809875488 0.7360717058181763 -0.6560848951339722 -0.5422034859657288 -0.5249456763267517 8.979703903198242 0.0 0.0 0.0 1.0
0.7477598786354065 -0.24363185465335846 -0.6176558136940002 0.08471955358982086 0.2094631791114807 -0.7961865067481995 0.5676374435424805 0.6929579377174377 -0.6300637722015381 -0.5538326501846313 -0.5443243980407715 8.991899490356445 0.0 0.0 0.0 1.0
0.7772326469421387 -0.22348013520240784 -0.5881888270378113 0.26525041460990906 0.21044842898845673 -0.7886347770690918 0.577725350856781 0.6690692901611328 -0.5929763317108154 -0.5728104114532471 -0.5659216642379761 9.131324768066406 0.0 0.0 0.0 1.0
0.7993407249450684 -0.21211913228034973 -0.5621920228004456 0.35196787118911743 0.2044813185930252 -0.7837487459182739 0.5864514708518982 0.6968779563903809 -0.5650148987770081 -0.5837323069572449 -0.5831078886985779 9.180505752563477 0.0 0.0 0.0 1.0
0.8207275867462158 -0.20377518236637115 -0.5337433218955994 0.4663037657737732 0.19258496165275574 -0.7808746695518494 0.5942606925964355 0.7354621887207031 -0.5378822088241577 -0.5905171036720276 -0.6016413569450378 9.239129066467285 0.0 0.0 0.0 1.0
0.9266161918640137 -0.12842927873134613 -0.3533954322338104 0.8580712676048279 0.13459338247776031 -0.764294445514679 0.6306651830673218 0.935661256313324 -0.3510940372943878 -0.6319493055343628 -0.6909219026565552 9.427011489868164 0.0 0.0 0.0 1.0
0.93938809633255 -0.11745297163724899 -0.3221099078655243 0.7567005157470703 0.1225956603884697 -0.7623074650764465 0.6354979276657104 1.0191470384597778 -0.32018792629241943 -0.6364684700965881 -0.7017033696174622 9.355551719665527 0.0 0.0 0.0 1.0
0.9543437957763672 -0.10105787217617035 -0.28109654784202576 0.6660854816436768 0.10844863206148148 -0.7596051692962646 0.6412791013717651 1.0722167491912842 -0.27832868695259094 -0.6424852609634399 -0.7139648795127869 9.338894844055176 0.0 0.0 0.0 1.0
0.963935911655426 -0.08700599521398544 -0.251510351896286 0.5128223299980164 0.09997167438268661 -0.757460355758667 0.6451817154884338 1.069517970085144 -0.2466438114643097 -0.6470577716827393 -0.7214451432228088 9.389832496643066 0.0 0.0 0.0 1.0
0.9722234010696411 -0.07387075573205948 -0.22209177911281586 0.4520275890827179 0.0906548947095871 -0.755972683429718 0.6482954621315002 1.1048039197921753 -0.21578538417816162 -0.6504217386245728 -0.7282775640487671 9.415629386901855 0.0 0.0 0.0 1.0
0.9990597367286682 -0.019909854978322983 -0.03851359710097313 0.04696331173181534 0.010533351451158524 -0.7502402663230896 0.6610813736915588 0.9526407718658447 -0.04205648601055145 -0.6608654260635376 -0.7493250966072083 9.484548568725586 0.0 0.0 0.0 1.0
0.9998404383659363 -0.017022645100951195 -0.005415705032646656 0.15319591760635376 -0.009185800328850746 -0.749963641166687 0.6614152789115906 0.9396241903305054 -0.015320619568228722 -0.6612600088119507 -0.7500003576278687 9.459168434143066 0.0 0.0 0.0 1.0
0.9995749592781067 -0.01201113685965538 0.026563575491309166 0.278286337852478 -0.02658410370349884 -0.7495310306549072 0.6614351868629456 0.9354457259178162 0.011965636163949966 -0.6618602275848389 -0.7495317459106445 9.465299606323242 0.0 0.0 0.0 1.0
0.9985003471374512 -0.000743663462344557 0.054740287363529205 0.3492140471935272 -0.03679550439119339 -0.7494892477989197 0.6609931588172913 0.9259617924690247 0.04053569957613945 -0.6620160937309265 -0.748392641544342 9.498067855834961 0.0 0.0 0.0 1.0
0.9956306219100952 0.016052067279815674 0.09198907762765884 0.42258235812187195 -0.048899948596954346 -0.7496119737625122 0.660068690776825 0.9676566123962402 0.0795515775680542 -0.6616828441619873 -0.7455517053604126 9.495392799377441 0.0 0.0 0.0 1.0
0.9628864526748657 0.08419156074523926 0.2564399540424347 0.5217084884643555 -0.10738388448953629 -0.7521761059761047 0.6501536965370178 0.944031298160553 0.2476254552602768 -0.6535617113113403 -0.7152193784713745 9.820219993591309 0.0 0.0 0.0 1.0
0.9542938470840454 0.09546416252851486 0.28321343660354614 0.5559649467468262 -0.1167648509144783 -0.7532123923301697 0.6473307609558105 0.8852946758270264 0.2751167416572571 -0.650813102722168 -0.7076390385627747 9.856985092163086 0.0 0.0 0.0 1.0
0.945080578327179 0.10629698634147644 0.30906909704208374 0.5943913459777832 -0.12582449615001678 -0.7544230818748474 0.6442158222198486 0.8712537884712219 0.3016470670700073 -0.6477242708206177 -0.6996158361434937 9.913774490356445 0.0 0.0 0.0 1.0
0.9349181652069092 0.11746659874916077 0.3348575830459595 0.5503554344177246 -0.13472150266170502 -0.7554872035980225 0.6411623954772949 0.8861880898475647 0.3282957971096039 -0.6445468664169312 -0.6904934644699097 10.030677795410156 0.0 0.0 0.0 1.0
0.9240676760673523 0.12872573733329773 0.3599008321762085 0.4957886040210724 -0.14298763871192932 -0.756800651550293 0.637814462184906 0.9173346757888794 0.35447633266448975 -0.6408451199531555 -0.6809288263320923 10.11970043182373 0.0 0.0 0.0 1.0
0.8366796374320984 0.1956857442855835 0.5115410685539246 -0.04280729964375496 -0.1945171058177948 -0.7669326066970825 0.611536979675293 1.4054497480392456 0.5119866132736206 -0.6111640334129333 -0.6036126613616943 10.15347957611084 0.0 0.0 0.0 1.0
0.8202545046806335 0.2048574984073639 0.5340561270713806 -0.002635273151099682 -0.20274005830287933 -0.7689275145530701 0.6063389778137207 1.4697372913360596 0.5348635315895081 -0.6056268215179443 -0.5891834497451782 10.04149341583252 0.0 0.0 0.0 1.0
0.8028737902641296 0.21408650279045105 0.5563817024230957 -0.022725384682416916 -0.21083366870880127 -0.771009624004364 0.6009104251861572 1.3746851682662964 0.5576224327087402 -0.5997592806816101 -0.5738867521286011 9.96484375 0.0 0.0 0.0 1.0
0.7844053506851196 0.22283673286437988 0.5788367986679077 -0.0923410952091217 -0.2193109691143036 -0.7733036279678345 0.5948984622955322 1.2675122022628784 0.5801818370819092 -0.593586802482605 -0.557712972164154 9.98017406463623 0.0 0.0 0.0 1.0
0.7651200890541077 0.23049816489219666 0.6012169718742371 -0.1626482903957367 -0.22800621390342712 -0.776238739490509 0.5877640247344971 1.2903965711593628 0.602166473865509 -0.5867912769317627 -0.5413608551025391 9.934310913085938 0.0 0.0 0.0 1.0
0.62376469373703 0.2735052704811096 0.7321970462799072 -0.2117765098810196 -0.2788895070552826 -0.7972334623336792 0.5353872179985046 1.0852769613265991 0.7301632165908813 -0.5381577014923096 -0.42100831866264343 9.91853141784668 0.0 0.0 0.0 1.0
0.5990151762962341 0.2789061367511749 0.7505945563316345 -0.08061248064041138 -0.28582221269607544 -0.8011529445648193 0.525794267654419 1.0205185413360596 0.7479882836341858 -0.529495358467102 -0.4001851975917816 10.004514694213867 0.0 0.0 0.0 1.0
0.5738417506217957 0.28389042615890503 0.768187403678894 0.03391018137335777 -0.2920942008495331 -0.805360734462738 0.5158246755599976 1.0483943223953247 0.765105664730072 -0.5203848481178284 -0.37922683358192444 10.051913261413574 0.0 0.0 0.0 1.0
0.5474963188171387 0.28880560398101807 0.785391092300415 0.07865895330905914 -0.2985776364803314 -0.8093582987785339 0.5057573914527893 1.0512675046920776 0.7817283272743225 -0.5114005208015442 -0.3568897545337677 10.133301734924316 0.0 0.0 0.0 1.0
0.5213069915771484 0.2933835983276367 0.8013520240783691 0.1369548738002777 -0.304328590631485 -0.813387930393219 0.4957662522792816 1.091104507446289 0.7972598075866699 -0.5023207664489746 -0.3347397744655609 10.19776725769043 0.0 0.0 0.0 1.0
0.3511485457420349 0.3171217143535614 0.8809815645217896 0.03711099550127983 -0.3310781717300415 -0.8380615711212158 0.43363580107688904 1.350433349609375 0.8758321404457092 -0.4439443349838257 -0.1892920434474945 10.566307067871094 0.0 0.0 0.0 1.0
0.32481303811073303 0.32069218158721924 0.8897488713264465 0.016020305454730988 -0.33394867181777954 -0.8412734866142273 0.42513200640678406 1.4114658832550049 0.8848586082458496 -0.435218870639801 -0.16616186499595642 10.566246032714844 0.0 0.0 0.0 1.0
0.2980748116970062 0.32372936606407166 0.8979703187942505 -0.0046078236773610115 -0.3366308808326721 -0.844641387462616 0.41624584794044495 1.4106887578964233 0.8932138681411743 -0.4263569414615631 -0.14278902113437653 10.582112312316895 0.0 0.0 0.0 1.0
0.2717665135860443 0.3266569972038269 0.9052282571792603 -0.05597879737615585 -0.33869531750679016 -0.8479856848716736 0.4076833724975586 1.4186244010925293 0.9007932543754578 -0.41739124059677124 -0.11981692910194397 10.549363136291504 0.0 0.0 0.0 1.0
0.2457917034626007 0.3298586308956146 0.9114711880683899 -0.1136389821767807 -0.34069186449050903 -0.8509249091148376 0.3998197317123413 1.461765170097351 0.9074775576591492 -0.40880319476127625 -0.09677014499902725 10.508671760559082 0.0 0.0 0.0 1.0
0.08666260540485382 0.34662556648254395 0.9339916110038757 -0.23254944384098053 -0.34969455003738403 -0.867280125617981 0.3543146550655365 1.3308037519454956 0.9328469038009644 -0.35731759667396545 0.046052318066358566 10.591105461120605 0.0 0.0 0.0 1.0
0.06191229075193405 0.3488863408565521 0.9351177215576172 -0.2816134989261627 -0.3509509861469269 -0.8694745898246765 0.3476310968399048 1.3349823951721191 0.9343448281288147 -0.3497031331062317 0.06861084699630737 10.547871589660645 0.0 0.0 0.0 1.0
0.037454888224601746 0.3512127995491028 0.9355462193489075 -0.265566349029541 -0.35215380787849426 -0.871505856513977 0.3412700295448303 1.419443130493164 0.9351924061775208 -0.3422383964061737 0.0910387709736824 10.510027885437012 0.0 0.0 0.0 1.0
0.012876752763986588 0.35347363352775574 0.9353558421134949 -0.25023481249809265 -0.35318687558174133 -0.8735291361808777 0.3349713683128357 1.512957215309143 0.9354641437530518 -0.33466875553131104 0.11359403282403946 10.48666000366211 0.0 0.0 0.0 1.0
-0.012088103219866753 0.3555794656276703 0.9345678687095642 -0.24340395629405975 -0.3540222942829132 -0.8756190538406372 0.3285718560218811 1.5373650789260864 0.9351588487625122 -0.32688605785369873 0.13646762073040009 10.484435081481934 0.0 0.0 0.0 1.0
-0.17014938592910767 0.36173734068870544 0.9166216850280762 -0.3487740159034729 -0.3566179573535919 -0.8897403478622437 0.2849310636520386 1.682116985321045 0.9186254739761353 -0.2784029245376587 0.28039079904556274 10.849642753601074 0.0 0.0 0.0 1.0
-0.19496306777000427 0.3617318272590637 0.9116685390472412 -0.3688449263572693 -0.3562285602092743 -0.8921465277671814 0.2778053283691406 1.646885871887207 0.9138329029083252 -0.2706005871295929 0.30279481410980225 10.839993476867676 0.0 0.0 0.0 1.0
-0.21989820897579193 0.3613028824329376 0.9061484336853027 -0.3437187075614929 -0.3555074632167816 -0.894687294960022 0.2704608142375946 1.56344473361969 0.9084377884864807 -0.2626686990261078 0.32518598437309265 10.825545310974121 0.0 0.0 0.0 1.0
-0.24492350220680237 0.3603613078594208 0.9000845551490784 -0.3542724847793579 -0.35454627871513367 -0.897350549697876 0.2627905607223511 1.4969666004180908 0.9023909568786621 -0.2547580301761627 0.3475470244884491 10.791175842285156 0.0 0.0 0.0 1.0
-0.26962774991989136 0.35931479930877686 0.8934168815612793 -0.35149073600769043 -0.35336482524871826 -0.8999727964401245 0.2553081214427948 1.4902615547180176 0.8957868814468384 -0.2468639463186264 0.36962684988975525 10.73129653930664 0.0 0.0 0.0 1.0
-0.42186906933784485 0.3466598391532898 0.8377669453620911 -0.23227927088737488 -0.33788245916366577 -0.9175676703453064 0.20953524112701416 1.6387958526611328 0.8413453102111816 -0.19467031955718994 0.5042237043380737 10.840717315673828 0.0 0.0 0.0 1.0
-0.444378137588501 0.34397220611572266 0.8271706104278564 -0.3325512111186981 -0.3346068263053894 -0.9202510714530945 0.20291924476623535 1.5233311653137207 0.8310031890869141 -0.18660405278205872 0.5240349173545837 10.79100513458252 0.0 0.0 0.0 1.0
-0.466892272233963 0.3412989675998688 0.8157981634140015 -0.3473471403121948 -0.3314036726951599 -0.9228197336196899 0.19640597701072693 1.4611611366271973 0.8198677897453308 -0.17865806818008423 0.5439651608467102 10.698800086975098 0.0 0.0 0.0 1.0
-0.489078551530838 0.3376818597316742 0.804222047328949 -0.3299224078655243 -0.32751765847206116 -0.92564857006073 0.18949106335639954 1.5047303438186646 0.8084147572517395 -0.1707209050655365 0.5633116364479065 10.533860206604004 0.0 0.0 0.0 1.0
-0.5114087462425232 0.3338017463684082 0.7918570041656494 -0.3586456775665283 -0.3228800892829895 -0.9285958409309387 0.18291586637496948 1.562328577041626 0.7963727712631226 -0.16213007271289825 0.5826699733734131 10.426111221313477 0.0 0.0 0.0 1.0
-0.6394018530845642 0.30591273307800293 0.7053954005241394 -0.4804757237434387 -0.29273515939712524 -0.9452024698257446 0.1445629745721817 1.4106496572494507 0.710965096950531 -0.11406019330024719 0.693915605545044 10.540298461914062 0.0 0.0 0.0 1.0
-0.6668015718460083 0.2983335852622986 0.6829148530960083 -0.545947790145874 -0.2848413586616516 -0.9488239884376526 0.1363762766122818 1.4060126543045044 0.6886516213417053 -0.10358648002147675 0.7176550626754761 10.520084381103516 0.0 0.0 0.0 1.0
-0.6866452693939209 0.2923200726509094 0.6656330227851868 -0.4570862650871277 -0.27867117524147034 -0.9514938592910767 0.1303909569978714 1.4458953142166138 0.6714615821838379 -0.09596040099859238 0.7347999215126038 10.506661415100098 0.0 0.0 0.0 1.0
-0.7064142823219299 0.285767525434494 0.6475459337234497 -0.3429911136627197 -0.27185773849487305 -0.9542443156242371 0.12454380840063095 1.4835662841796875 0.6535075902938843 -0.08806085586547852 0.7517799139022827 10.494056701660156 0.0 0.0 0.0 1.0
-0.7261738777160645 0.27870896458625793 0.6284845471382141 -0.23432905972003937 -0.2644570767879486 -0.9570460319519043 0.11885013431310654 1.4723339080810547 0.6346132159233093 -0.0799013152718544 0.7686883807182312 10.579312324523926 0.0 0.0 0.0 1.0
-0.8286682367324829 0.23345737159252167 0.508730411529541 -0.08734995871782303 -0.2201317548751831 -0.9715577960014343 0.08727830648422241 1.4248517751693726 0.514636754989624 -0.03966294601559639 0.856490433216095 10.770157814025879 0.0 0.0 0.0 1.0
-0.842800498008728 0.2257152497768402 0.48861023783683777 -0.050807904452085495 -0.21291720867156982 -0.973581850528717 0.08249019086360931 1.4986968040466309 0.49432137608528137 -0.03451075777411461 0.8685939311981201 10.738548278808594 0.0 0.0 0.0 1.0
-0.8597570061683655 0.2158924639225006 0.4628264904022217 -0.021359195932745934 -0.20361560583114624 -0.9760154485702515 0.07703625410795212 1.6264967918395996 0.4683573544025421 -0.028006238862872124 0.8830951452255249 10.745562553405762 0.0 0.0 0.0 1.0
-0.8712348341941833 0.2087852954864502 0.44425052404403687 -0.0007530235452577472 -0.196905255317688 -0.9776768684387207 0.07332312315702438 1.6846965551376343 0.44964224100112915 -0.02359359711408615 0.8928970694541931 10.77096176147461 0.0 0.0 0.0 1.0
-0.8816377520561218 0.20261096954345703 0.426220178604126 -0.02085496298968792 -0.19092151522636414 -0.9790706038475037 0.07049600780010223 1.7124927043914795 0.4315829277038574 -0.01922266185283661 0.9018684029579163 10.795053482055664 0.0 0.0 0.0 1.0
-0.9279059767723083 0.1684708297252655 0.3325778543949127 -0.23188193142414093 -0.15863829851150513 -0.985706627368927 0.05671270936727524 1.6593055725097656 0.3373786509037018 -0.00013552370364777744 0.9413689970970154 10.50722885131836 0.0 0.0 0.0 1.0
-0.9329735636711121 0.1643793135881424 0.32021835446357727 -0.20014631748199463 -0.15487580001354218 -0.986395537853241 0.05511236563324928 1.6648472547531128 0.32492128014564514 0.0018243073718622327 0.9457393288612366 10.470464706420898 0.0 0.0 0.0 1.0
-0.9371531009674072 0.16092205047607422 0.3095934987068176 -0.16990144550800323 -0.1515410840511322 -0.9869591593742371 0.05428501218557358 1.6748135089874268 0.3142918050289154 0.003957232926040888 0.9493181705474854 10.47155475616455 0.0 0.0 0.0 1.0
-0.9417665600776672 0.1573091596364975 0.29720282554626465 -0.1316922903060913 -0.14832720160484314 -0.9875338673591614 0.05268630385398865 1.6510639190673828 0.3017859160900116 0.0055349343456327915 0.9533596634864807 10.469002723693848 0.0 0.0 0.0 1.0
-0.944990336894989 0.15483218431472778 0.28813233971595764 -0.06719698756933212 -0.14585867524147034 -0.9879117012023926 0.05249490961432457 1.6017478704452515 0.2927772104740143 0.0075805820524692535 0.9561506509780884 10.455549240112305 0.0 0.0 0.0 1.0
-0.9574194550514221 0.1448197215795517 0.24975042045116425 -0.056109532713890076 -0.13639722764492035 -0.9893507361412048 0.05080325901508331 1.464888334274292 0.2544480562210083 0.014574764296412468 0.9669765830039978 10.237582206726074 0.0 0.0 0.0 1.0
-0.9587039351463318 0.14351695775985718 0.2455396056175232 -0.08068670332431793 -0.13509692251682281 -0.9895246028900146 0.05089046433568001 1.4109675884246826 0.25027114152908325 0.015617241151630878 0.9680498242378235 10.173286437988281 0.0 0.0 0.0 1.0