-0.9999049305915833 0.004088085610419512 -0.013168452307581902 0.6279231905937195 -0.004251192789524794 -0.999914288520813 0.01238210778683424 1.5801970958709717 -0.013116705231368542 0.012436912395060062 0.9998366236686707 9.234338760375977 0.0 0.0 0.0 1.0
-0.9999151229858398 0.0035762705374509096 -0.012528755702078342 0.6208625435829163 -0.0037240588571876287 -0.9999235272407532 0.011792534030973911 1.5691035985946655 -0.01248562429100275 0.01183819118887186 0.9998520016670227 9.23343563079834 0.0 0.0 0.0 1.0
-0.999927818775177 0.002341016661375761 -0.01178484782576561 0.610283613204956 -0.002468716586008668 -0.9999382495880127 0.010833089239895344 1.550302505493164 -0.011758759617805481 0.010861401446163654 0.9998718500137329 9.240797996520996 0.0 0.0 0.0 1.0
-0.9999423027038574 0.0005904881400056183 -0.010726863518357277 0.6015231013298035 -0.0006864704191684723 -0.9999597668647766 0.00894636195152998 1.5267022848129272 -0.010721149854362011 0.008953209966421127 0.9999024271965027 9.252786636352539 0.0 0.0 0.0 1.0
-0.9999576807022095 -0.00089175597531721 -0.009159340523183346 0.621539831161499 0.0008199677686206996 -0.999968945980072 0.007838472723960876 1.5157543420791626 -0.009166046045720577 0.007830630987882614 0.9999273419380188 9.293952941894531 0.0 0.0 0.0 1.0
-0.9999503493309021 0.001185523229651153 0.009892777539789677 0.9923067688941956 -0.0012095783604308963 -0.9999963045120239 -0.0024259542115032673 1.2018688917160034 0.009889865294098854 -0.0024377997033298016 0.9999481439590454 9.879695892333984 0.0 0.0 0.0 1.0
-0.9999457001686096 -0.004982838872820139 0.009153401479125023 1.0547949075698853 0.004975943826138973 -0.9999873042106628 -0.0007758968858979642 1.200779914855957 0.009157151915133 -0.0007303079473786056 0.999957799911499 9.992501258850098 0.0 0.0 0.0 1.0
-0.9998832941055298 -0.014764122664928436 0.0039275893941521645 1.0971890687942505 0.01476166769862175 -0.9998908042907715 -0.0006533102714456618 1.1755659580230713 0.0039368062280118465 -0.0005952562787570059 0.9999920725822449 10.097835540771484 0.0 0.0 0.0 1.0
-0.9995071887969971 -0.030582353472709656 -0.007079624105244875 1.1335008144378662 0.030585909262299538 -0.9995320439338684 -0.00039467914029955864 1.1659706830978394 -0.007064240984618664 -0.0006110213580541313 0.9999748468399048 10.22315788269043 0.0 0.0 0.0 1.0
-0.9975588321685791 -0.06198835000395775 -0.0321526974439621 1.142462968826294 0.06202893331646919 -0.9980742931365967 -0.00026533580967225134 1.1527233123779297 -0.03207433596253395 -0.002259085653349757 0.9994829297065735 10.38825511932373 0.0 0.0 0.0 1.0
-0.9399919509887695 -0.272152841091156 -0.2057863026857376 0.7257089018821716 0.2719857692718506 -0.9618439674377441 0.029662571847438812 1.5534682273864746 -0.20600707828998566 -0.028088370338082314 0.9781472682952881 10.860993385314941 0.0 0.0 0.0 1.0
-0.9292582869529724 -0.2967461049556732 -0.2200472503900528 0.7226111888885498 0.2962152659893036 -0.9544351696968079 0.03619418665766716 1.541025161743164 -0.22076132893562317 -0.031547609716653824 0.9748175144195557 10.768718719482422 0.0 0.0 0.0 1.0
-0.915279746055603 -0.3271844983100891 -0.23497505486011505 0.7909414172172546 0.3253602087497711 -0.9443893432617188 0.04763894900679588 1.514132022857666 -0.23749467730522156 -0.03284856677055359 0.9708333015441895 10.620474815368652 0.0 0.0 0.0 1.0
-0.9048452377319336 -0.347985178232193 -0.24527813494205475 0.8874930739402771 0.3450847864151001 -0.9368897080421448 0.056162312626838684 1.4496718645095825 -0.2493422031402588 -0.03382354974746704 0.9678245782852173 10.552848815917969 0.0 0.0 0.0 1.0
-0.8937522768974304 -0.36731773614883423 -0.2574579119682312 0.9557740092277527 0.36318445205688477 -0.9294296503067017 0.06524977087974548 1.3470820188522339 -0.26325640082359314 -0.035187579691410065 0.9640839695930481 10.527262687683105 0.0 0.0 0.0 1.0
-0.7488896250724792 -0.5063445568084717 -0.42752718925476074 0.5853261947631836 0.5003200173377991 -0.8550479412078857 0.13628239929676056 1.2486988306045532 -0.434562087059021 -0.11183992028236389 0.8936708569526672 10.815306663513184 0.0 0.0 0.0 1.0
-0.7002525925636292 -0.5380690097808838 -0.4691780209541321 0.5185049772262573 0.5356969237327576 -0.830458402633667 0.1528647541999817 1.2470752000808716 -0.4718846380710602 -0.14429327845573425 0.8697726130485535 11.078104019165039 0.0 0.0 0.0 1.0
-0.6618262529373169 -0.5596432089805603 -0.49878400564193726 0.4175916314125061 0.5614756941795349 -0.8109084367752075 0.16484099626541138 1.2312531471252441 -0.4967203140258789 -0.170959010720253 0.8509065508842468 11.23764705657959 0.0 0.0 0.0 1.0
-0.6265996694564819 -0.5764279961585999 -0.5245032906532288 0.3254663944244385 0.5833480358123779 -0.7931870818138123 0.17481215298175812 1.188468337059021 -0.5167958736419678 -0.1964307278394699 0.8332688808441162 11.335843086242676 0.0 0.0 0.0 1.0
-0.587878406047821 -0.5905873775482178 -0.5528160333633423 0.27611857652664185 0.602928102016449 -0.7754946947097778 0.1873117983341217 1.0789583921432495 -0.5393298864364624 -0.2231917679309845 0.811978280544281 11.343484878540039 0.0 0.0 0.0 1.0
-0.3618696630001068 -0.6488099694252014 -0.6693997383117676 0.24984608590602875 0.6568695902824402 -0.6869866251945496 0.31075984239578247 0.9413706064224243 -0.6614927649497986 -0.3272537887096405 0.6747831702232361 11.55315113067627 0.0 0.0 0.0 1.0
-0.2914370596408844 -0.6691491603851318 -0.6835962533950806 0.050100792199373245 0.6807988882064819 -0.6471010446548462 0.3431808054447174 1.0292681455612183 -0.6719949841499329 -0.36537599563598633 0.6441452503204346 11.742876052856445 0.0 0.0 0.0 1.0
-0.18345586955547333 -0.6868824362754822 -0.7032328844070435 -0.4631391763687134 0.7089813351631165 -0.5879948139190674 0.3893681466579437 1.0508443117141724 -0.6809474229812622 -0.42714712023735046 0.594857931137085 12.018659591674805 0.0 0.0 0.0 1.0
-0.11078176647424698 -0.6939443945884705 -0.7114552855491638 -0.8648386001586914 0.7219002842903137 -0.5482000708580017 0.42229920625686646 1.0152268409729004 -0.6830719709396362 -0.4668167233467102 0.5616892576217651 12.097662925720215 0.0 0.0 0.0 1.0
-0.04882689192891121 -0.6971239447593689 -0.7152860164642334 -1.198229432106018 0.7298589944839478 -0.5137871503829956 0.4509197473526001 0.9862461686134338 -0.6818517446517944 -0.5000409483909607 0.5338888168334961 12.083898544311523 0.0 0.0 0.0 1.0
0.24765117466449738 -0.7136778831481934 -0.6552348732948303 -1.6160352230072021 0.735795795917511 -0.30143243074417114 0.6064181923866272 1.054984450340271 -0.6302962899208069 -0.6322992444038391 0.45047110319137573 11.021177291870117 0.0 0.0 0.0 1.0
0.30739372968673706 -0.6994983553886414 -0.6451442837715149 -1.657901406288147 0.7231464982032776 -0.26895731687545776 0.6361769437789917 0.962580680847168 -0.618520975112915 -0.6620906591415405 0.4231640100479126 10.99851131439209 0.0 0.0 0.0 1.0
0.3614538311958313 -0.6835052371025085 -0.6341700553894043 -1.7979050874710083 0.7047802805900574 -0.24501295387744904 0.6657727956771851 0.8732566237449646 -0.6104390621185303 -0.6875966787338257 0.3931601643562317 11.004055976867676 0.0 0.0 0.0 1.0
0.420463889837265 -0.661807119846344 -0.6206620931625366 -2.006969690322876 0.6793707013130188 -0.22377271950244904 0.6988427639007568 0.7742134928703308 -0.6013863682746887 -0.7154977917671204 0.3555240333080292 11.030984878540039 0.0 0.0 0.0 1.0
0.4941886365413666 -0.6302552223205566 -0.5987954139709473 -2.275648832321167 0.6440287232398987 -0.19725081324577332 0.7391340136528015 0.6915714144706726 -0.5839559435844421 -0.7509130835533142 0.30842337012290955 11.048680305480957 0.0 0.0 0.0 1.0
0.7073549628257751 -0.5163475871086121 -0.48273611068725586 -1.822130799293518 0.5423601269721985 -0.04150785505771637 0.8391201496124268 0.8139209747314453 -0.45331501960754395 -0.8553725481033325 0.25068557262420654 10.38823413848877 0.0 0.0 0.0 1.0
0.7299445271492004 -0.49961549043655396 -0.46643897891044617 -1.6415342092514038 0.527355968952179 -0.02247333899140358 0.8493471741676331 0.7389419078826904 -0.4348294734954834 -0.8659557104110718 0.24707092344760895 10.279878616333008 0.0 0.0 0.0 1.0
0.7628084421157837 -0.47478190064430237 -0.4389822781085968 -1.4738050699234009 0.49896034598350525 0.0003754759090952575 0.8666247129440308 0.7306526899337769 -0.4112929105758667 -0.8801034092903137 0.23718376457691193 10.186549186706543 0.0 0.0 0.0 1.0
0.7898178100585938 -0.45304054021835327 -0.4134514033794403 -1.4042056798934937 0.4711366295814514 0.01652628183364868 0.8819054365158081 0.8367509245872498 -0.39270609617233276 -0.8913367390632629 0.22649674117565155 10.160294532775879 0.0 0.0 0.0 1.0
0.818124532699585 -0.4273873567581177 -0.3847236633300781 -1.4040740728378296 0.43855440616607666 0.030990200117230415 0.8981701731681824 0.945620596408844 -0.3719439208507538 -0.9035372734069824 0.212786465883255 10.151653289794922 0.0 0.0 0.0 1.0
0.9369070529937744 -0.249134361743927 -0.24522897601127625 -1.5904442071914673 0.2676883041858673 0.06012870371341705 0.9616275429725647 1.1535656452178955 -0.22482916712760925 -0.9666005373001099 0.12302535772323608 10.26297664642334 0.0 0.0 0.0 1.0
0.9437490701675415 -0.22455152869224548 -0.24272260069847107 -1.466713786125183 0.2617632746696472 0.05885249003767967 0.9633360505104065 1.1025084257125854 -0.20203375816345215 -0.9726834297180176 0.11432132869958878 10.229267120361328 0.0 0.0 0.0 1.0
0.9480863809585571 -0.2062348574399948 -0.24207302927970886 -1.3887954950332642 0.2594433128833771 0.0614040270447731 0.963804304599762 1.0713399648666382 -0.18390578031539917 -0.9765740036964417 0.11172257363796234 10.175558090209961 0.0 0.0 0.0 1.0
0.9521324634552002 -0.18842117488384247 -0.24070976674556732 -1.3306248188018799 0.25712597370147705 0.06779791414737701 0.9639967083930969 1.041623830795288 -0.16531777381896973 -0.9797453284263611 0.11300057172775269 10.084932327270508 0.0 0.0 0.0 1.0
0.9569717645645142 -0.16633573174476624 -0.237775981426239 -1.2375521659851074 0.25336796045303345 0.07952063530683517 0.9640960097312927 0.9961938261985779 -0.1414555162191391 -0.9828575253486633 0.11824315041303635 9.932129859924316 0.0 0.0 0.0 1.0
0.9730529189109802 -0.07236962020397186 -0.21893072128295898 -0.8881920576095581 0.22832700610160828 0.16995245218276978 0.9586359858512878 0.7448925971984863 -0.03216831386089325 -0.9827913045883179 0.1818966567516327 9.44589900970459 0.0 0.0 0.0 1.0
0.9755043387413025 -0.0543842539191246 -0.21315161883831024 -0.9194881319999695 0.21956320106983185 0.1810818463563919 0.9586455821990967 0.7395319938659668 -0.013537334278225899 -0.9819632172584534 0.18858690559864044 9.333956718444824 0.0 0.0 0.0 1.0
0.979128897190094 -0.026712745428085327 -0.2014770209789276 -0.9572340846061707 0.20281648635864258 0.19239868223667145 0.9601292610168457 0.7190443277359009 0.013116223737597466 -0.9809532165527344 0.1938008964061737 9.168081283569336 0.0 0.0 0.0 1.0
0.9821178913116455 -0.003881456796079874 -0.18822692334651947 -0.978186845779419 0.1852867752313614 0.19711387157440186 0.962712287902832 0.67041015625 0.033365409821271896 -0.9803729057312012 0.19430823624134064 9.10269832611084 0.0 0.0 0.0 1.0
0.9853713512420654 0.02011539414525032 -0.16922980546951294 -1.0036389827728271 0.1616767793893814 0.2036588191986084 0.9656001925468445 0.6364322900772095 0.05388857051730156 -0.9788352847099304 0.19742736220359802 8.974556922912598 0.0 0.0 0.0 1.0
0.975898027420044 0.21438074111938477 0.04079125076532364 -1.5685654878616333 -0.08490104973316193 0.20078566670417786 0.975949227809906 0.42837920784950256 0.20103442668914795 -0.9558901786804199 0.21414747834205627 8.374136924743652 0.0 0.0 0.0 1.0
0.9717282056808472 0.2308766394853592 0.0493992380797863 -1.5527429580688477 -0.09623009711503983 0.19622813165187836 0.9758249521255493 0.3567920923233032 0.21560165286064148 -0.9529902935028076 0.21289768815040588 8.292105674743652 0.0 0.0 0.0 1.0
0.9699346423149109 0.23793400824069977 0.05112922936677933 -1.5030081272125244 -0.09937980026006699 0.19546182453632355 0.9756630063056946 0.30561941862106323 0.22214959561824799 -0.9514105916023254 0.21323104202747345 8.2147855758667 0.0 0.0 0.0 1.0
0.9692050814628601 0.24069009721279144 0.05205604434013367 -1.4488248825073242 -0.10032155364751816 0.19286686182022095 0.976082980632782 0.21902869641780853 0.22489361464977264 -0.9512469172477722 0.21107393503189087 8.161052703857422 0.0 0.0 0.0 1.0
0.9689264893531799 0.2413700371980667 0.05405557155609131 -1.386306643486023 -0.10131609439849854 0.1879212111234665 0.9769445657730103 0.14521238207817078 0.2256469577550888 -0.9520641565322876 0.20653651654720306 8.137957572937012 0.0 0.0 0.0 1.0
0.921237587928772 0.33695951104164124 0.19436979293823242 -0.9912886619567871 -0.24523936212062836 0.11522180587053299 0.9625911116600037 0.20846755802631378 0.3019585907459259 -0.9344422221183777 0.18878239393234253 8.334173202514648 0.0 0.0 0.0 1.0
0.902923047542572 0.3633043169975281 0.22965183854103088 -0.985527753829956 -0.2802090346813202 0.09242862462997437 0.955478847026825 0.1444176733493805 0.32590317726135254 -0.9270743727684021 0.18525707721710205 8.445384979248047 0.0 0.0 0.0 1.0
0.8785791993141174 0.39409658312797546 0.26978978514671326 -0.9448055624961853 -0.31975650787353516 0.06577668339014053 0.9452138543128967 0.10281241685152054 0.35475966334342957 -0.91671222448349 0.1838049739599228 8.572054862976074 0.0 0.0 0.0 1.0
0.8618997931480408 0.413755863904953 0.2931464910507202 -0.8548493981361389 -0.34329479932785034 0.05064575746655464 0.9378612041473389 0.126797616481781 0.3731989562511444 -0.9089780449867249 0.18569180369377136 8.592997550964355 0.0 0.0 0.0 1.0
0.8468653559684753 0.43068066239356995 0.31198278069496155 -0.7148240208625793 -0.36308518052101135 0.039600372314453125 0.930914044380188 0.18652942776679993 0.3885720372200012 -0.9016351699829102 0.1899099498987198 8.548818588256836 0.0 0.0 0.0 1.0
0.7302500009536743 0.5207029581069946 0.4422706961631775 -0.3922196328639984 -0.5084978342056274 -0.01806909777224064 0.8608736395835876 0.2287205159664154 0.4562509059906006 -0.853546679019928 0.2515814006328583 8.735888481140137 0.0 0.0 0.0 1.0
0.6853920817375183 0.5424468517303467 0.48578712344169617 -0.5098342895507812 -0.5518344044685364 -0.0483364537358284 0.8325517177581787 0.24168360233306885 0.47509628534317017 -0.8386983871459961 0.2662114202976227 8.889117240905762 0.0 0.0 0.0 1.0
0.6464003324508667 0.5589042901992798 0.5194156765937805 -0.572440505027771 -0.5837925672531128 -0.07603779435157776 0.8083344101905823 0.27065905928611755 0.4912768006324768 -0.8257386088371277 0.2771333158016205 8.99808120727539 0.0 0.0 0.0 1.0
0.605649471282959 0.5743362307548523 0.5507509708404541 -0.614228367805481 -0.611968994140625 -0.10620123147964478 0.7837188839912415 0.31030502915382385 0.5086085796356201 -0.8117014169692993 0.28715524077415466 9.127233505249023 0.0 0.0 0.0 1.0
0.5550824403762817 0.591213047504425 0.5851073861122131 -0.6362746357917786 -0.6401382088661194 -0.14554016292095184 0.7543481588363647 0.3938521146774292 0.5311371088027954 -0.793274998664856 0.29767125844955444 9.268796920776367 0.0 0.0 0.0 1.0
0.4329761564731598 0.5977715253829956 0.6746857166290283 0.023508282378315926 -0.6837846040725708 -0.2698890268802643 0.6779369711875916 0.41640278697013855 0.5873416662216187 -0.7548702359199524 0.2918914556503296 9.092852592468262 0.0 0.0 0.0 1.0
0.4132487177848816 0.590764045715332 0.692981481552124 0.05827413499355316 -0.6937173008918762 -0.2887401282787323 0.6598374247550964 0.46645689010620117 0.5898997783660889 -0.7534102201461792 0.29050177335739136 9.065122604370117 0.0 0.0 0.0 1.0
0.36792275309562683 0.5802823901176453 0.7265708446502686 -0.10700555890798569 -0.717505156993866 -0.31984370946884155 0.6187781095504761 0.6169402003288269 0.5914551615715027 -0.7489808797836304 0.29867780208587646 9.182656288146973 0.0 0.0 0.0 1.0
0.32099461555480957 0.5735300779342651 0.7536748051643372 -0.3821216821670532 -0.7359408736228943 -0.3498365879058838 0.5796597003936768 0.7195324897766113 0.5961152911186218 -0.7407277226448059 0.3097885847091675 9.339485168457031 0.0 0.0 0.0 1.0
0.2807554006576538 0.5676864385604858 0.773891806602478 -0.583794116973877 -0.7455328702926636 -0.3788127303123474 0.5483444333076477 0.8418914079666138 0.6044477820396423 -0.730912446975708 0.3168751895427704 9.52022933959961 0.0 0.0 0.0 1.0
0.22200508415699005 0.5485800504684448 0.8060854077339172 -0.20481649041175842 -0.7777538895606995 -0.3989681601524353 0.48571935296058655 1.5981632471084595 0.588058352470398 -0.7347682118415833 0.3380872905254364 9.277779579162598 0.0 0.0 0.0 1.0
0.20270521938800812 0.5580112934112549 0.8046949505805969 -0.13815511763095856 -0.7857561111450195 -0.39770954847335815 0.47372397780418396 1.6653600931167603 0.5843782424926758 -0.728320300579071 0.3578430116176605 9.244497299194336 0.0 0.0 0.0 1.0
0.17925678193569183 0.5647011399269104 0.8055927157402039 -0.14085125923156738 -0.7913010120391846 -0.403791218996048 0.4591245949268341 1.6063482761383057 0.584559440612793 -0.7197675108909607 0.37446627020835876 9.2409029006958 0.0 0.0 0.0 1.0
0.14872854948043823 0.5691599249839783 0.808663547039032 -0.17875364422798157 -0.7953066229820251 -0.4171392619609833 0.43986618518829346 1.4574857950210571 0.5876795649528503 -0.7085561156272888 0.39061614871025085 9.24292278289795 0.0 0.0 0.0 1.0
0.0985272228717804 0.5726001262664795 0.8138927817344666 -0.2748282551765442 -0.7962784767150879 -0.44517210125923157 0.4095880091190338 1.1882983446121216 0.5968525409698486 -0.6884409189224243 0.412087619304657 9.247583389282227 0.0 0.0 0.0 1.0
-0.22227232158184052 0.6081708669662476 0.7620519399642944 -0.8477467894554138 -0.7140381336212158 -0.6337493062019348 0.2975085377693176 0.7531564831733704 0.6638859510421753 -0.4780062437057495 0.5751221179962158 8.91674518585205 0.0 0.0 0.0 1.0
-0.2748977243900299 0.609987735748291 0.7432000041007996 -0.8915055394172668 -0.6944631338119507 -0.6605551242828369 0.28528550267219543 0.724824070930481 0.6649452447891235 -0.43770068883895874 0.6051990985870361 8.942028999328613 0.0 0.0 0.0 1.0
-0.34540310502052307 0.6055668592453003 0.7169278264045715 -0.9844837188720703 -0.6661887168884277 -0.6962842345237732 0.2671719491481781 0.6646275520324707 0.660975992679596 -0.38532719016075134 0.6439205408096313 9.010481834411621 0.0 0.0 0.0 1.0
-0.4003140330314636 0.5957478880882263 0.6962996125221252 -1.100034475326538 -0.6432502269744873 -0.7238594889640808 0.24951280653476715 0.5886613726615906 0.6526697874069214 -0.3480113744735718 0.6729860901832581 9.106983184814453 0.0 0.0 0.0 1.0
-0.4566478729248047 0.5790321230888367 0.6754217147827148 -1.2419021129608154 -0.6167151927947998 -0.7532125115394592 0.2287646383047104 0.427988201379776 0.6411981582641602 -0.31207793951034546 0.7010508179664612 9.265448570251465 0.0 0.0 0.0 1.0
-0.7487372159957886 0.448472261428833 0.48812419176101685 -2.0004241466522217 -0.380097895860672 -0.8937674164772034 0.2381289005279541 0.14620141685009003 0.5430637001991272 -0.007239008788019419 0.8396602869033813 9.865119934082031 0.0 0.0 0.0 1.0
-0.7752067446708679 0.43960195779800415 0.45365700125694275 -1.827731728553772 -0.34493619203567505 -0.8961993455886841 0.2790084481239319 0.24281816184520721 0.5292197465896606 0.05980651080608368 0.8463743925094604 9.796674728393555 0.0 0.0 0.0 1.0
-0.7847852110862732 0.4344346821308136 0.4420166015625 -1.6377142667770386 -0.3302296996116638 -0.8966359496116638 0.29494452476501465 0.1342557668685913 0.524462103843689 0.08550109714269638 0.8471298813819885 9.821764945983887 0.0 0.0 0.0 1.0
-0.7861204147338867 0.4306407570838928 0.4433544874191284 -1.4417022466659546 -0.32343408465385437 -0.8978855013847351 0.2986502945423126 -0.053900863975286484 0.5266925692558289 0.09137915074825287 0.8451300263404846 9.94373893737793 0.0 0.0 0.0 1.0
-0.7873066663742065 0.42767834663391113 0.4441164433956146 -1.1939982175827026 -0.3198644816875458 -0.899114727973938 0.29879656434059143 -0.2654711902141571 0.5271004438400269 0.09318744391202927 0.8446781635284424 9.871670722961426 0.0 0.0 0.0 1.0
-0.9198318719863892 0.23973308503627777 0.3105437159538269 -1.2926546335220337 -0.169800266623497 -0.9568687677383423 0.2357330024242401 -0.7237269878387451 0.3536625802516937 0.16410431265830994 0.9208651185035706 8.783428192138672 0.0 0.0 0.0 1.0
-0.9440063238143921 0.195216566324234 0.2659747004508972 -1.4514009952545166 -0.1379055380821228 -0.9658325910568237 0.21942993998527527 -0.6406005024909973 0.29972338676452637 0.17046387493610382 0.9386734962463379 8.707989692687988 0.0 0.0 0.0 1.0
-0.9652960300445557 0.14859256148338318 0.21476462483406067 -1.6377770900726318 -0.1051359549164772 -0.9738789796829224 0.2012614905834198 -0.5311641693115234 0.23906071484088898 0.17169742286205292 0.9557039141654968 8.561562538146973 0.0 0.0 0.0 1.0
-0.9732939600944519 0.12826578319072723 0.1903858482837677 -1.717779517173767 -0.09142883121967316 -0.9773170948028564 0.19102895259857178 -0.4469589591026306 0.210569828748703 0.16852055490016937 0.9629440307617188 8.380316734313965 0.0 0.0 0.0 1.0
-0.9772265553474426 0.12039180845022202 0.17473989725112915 -1.7576295137405396 -0.08771451562643051 -0.9790093898773193 0.18397490680217743 -0.3789130449295044 0.1932210773229599 0.16445793211460114 0.9672741293907166 8.169523239135742 0.0 0.0 0.0 1.0
-0.9902154803276062 0.09204878658056259 0.10488242655992508 -1.9601808786392212 -0.08319607377052307 -0.992826521396637 0.08587168902158737 0.18600839376449585 0.11203444004058838 0.07630566507577896 0.9907702803611755 7.588523864746094 0.0 0.0 0.0 1.0
-0.99497389793396 0.060876574367284775 0.07950432598590851 -2.07208251953125 -0.05851365625858307 -0.9977824687957764 0.031721752136945724 0.00530779967084527 0.08125913143157959 0.02691022679209709 0.996329665184021 7.750362873077393 0.0 0.0 0.0 1.0
-0.9971325993537903 0.04088257625699043 0.06368039548397064 -2.206394910812378 -0.04187275469303131 -0.9990206956863403 -0.014292378909885883 -0.19127300381660461 0.06303372979164124 -0.016917869448661804 0.997868001461029 7.969005107879639 0.0 0.0 0.0 1.0
-0.998258113861084 0.028502345085144043 0.05165666714310646 -2.341688632965088 -0.031284842640161514 -0.9980570673942566 -0.05388226360082626 -0.4256632328033447 0.05002053454518318 -0.05540447682142258 0.9972102642059326 8.095037460327148 0.0 0.0 0.0 1.0
-0.9989112019538879 0.022789325565099716 0.04070688411593437 -2.5157041549682617 -0.02672787569463253 -0.9947294592857361 -0.09898967295885086 -0.6618578433990479 0.038236428052186966 -0.09996990114450455 0.9942554831504822 8.201251029968262 0.0 0.0 0.0 1.0
-0.9972154498100281 0.06334220618009567 0.0393594428896904 -2.5185468196868896 -0.06992976367473602 -0.9776132702827454 -0.19844940304756165 0.06496943533420563 0.0259080920368433 -0.2006492018699646 0.9793205261230469 8.403579711914062 0.0 0.0 0.0 1.0
-0.9973960518836975 0.06261718273162842 0.03578072786331177 -2.4210727214813232 -0.06890960037708282 -0.9738065004348755 -0.21668489277362823 0.06464602053165436 0.02127530612051487 -0.2185862809419632 0.9755856394767761 8.45050048828125 0.0 0.0 0.0 1.0
-0.9977179169654846 0.062493909150362015 0.02556367591023445 -2.282649517059326 -0.0669475644826889 -0.9648206233978271 -0.254242479801178 -0.061886854469776154 0.008775753900408745 -0.2553737163543701 0.9668025970458984 8.464802742004395 0.0 0.0 0.0 1.0
-0.9978306293487549 0.06502248346805573 0.010300211608409882 -2.1844332218170166 -0.06519618630409241 -0.954291045665741 -0.29168134927749634 -0.19442951679229736 -0.009136445820331573 -0.29172012209892273 0.9564600586891174 8.479085922241211 0.0 0.0 0.0 1.0
-0.9977702498435974 0.06606965512037277 -0.009453914128243923 -2.0915560722351074 -0.05943390354514122 -0.9439986944198608 -0.3245520293712616 -0.24410386383533478 -0.030367523431777954 -0.32326647639274597 0.9458205699920654 8.515864372253418 0.0 0.0 0.0 1.0
-0.9978101253509521 0.06475832313299179 0.01346706971526146 0.5184583067893982 -0.06517188251018524 -0.9277796745300293 -0.36739280819892883 0.666580319404602 -0.011297269724309444 -0.36746594309806824 0.9299683570861816 8.970341682434082 0.0 0.0 0.0 1.0
-0.9966391324996948 0.07539283484220505 0.03203747048974037 0.999428391456604 -0.08189369738101959 -0.9264212250709534 -0.3674739897251129 0.6916840672492981 0.0019752865191549063 -0.3688625991344452 0.9294818043708801 9.024247169494629 0.0 0.0 0.0 1.0
-0.9957517385482788 0.08200426399707794 0.04187861457467079 1.2368876934051514 -0.0916680246591568 -0.9257628917694092 -0.3668241798877716 0.6754173040390015 0.008688521571457386 -0.3691047430038452 0.9293472170829773 9.069113731384277 0.0 0.0 0.0 1.0
-0.9951456785202026 0.08633898198604584 0.04723042622208595 1.33984375 -0.09765556454658508 -0.9257644414901733 -0.3652719557285309 0.655633270740509 0.01218703854829073 -0.36811113357543945 0.9297019243240356 9.097249984741211 0.0 0.0 0.0 1.0
-0.9950090646743774 0.08703050762414932 0.04881290718913078 1.3211071491241455 -0.09885437786579132 -0.9263840913772583 -0.3633735477924347 0.652446985244751 0.013594914227724075 -0.3663853406906128 0.9303638935089111 9.109807014465332 0.0 0.0 0.0 1.0
-0.997782289981842 0.06074584275484085 0.027211371809244156 0.6982493996620178 -0.06635700166225433 -0.9398585557937622 -0.33505621552467346 0.749341607093811 0.005221568513661623 -0.33611881732940674 0.9418051242828369 9.152271270751953 0.0 0.0 0.0 1.0
-0.9979604482650757 0.05845823511481285 0.02564258500933647 0.6051152944564819 -0.06365698575973511 -0.9413336515426636 -0.3314192593097687 0.6776314973831177 0.004764041863381863 -0.3323756754398346 0.9431350231170654 9.168365478515625 0.0 0.0 0.0 1.0