-0.9924784898757935 -0.12128864228725433 0.01659681834280491 0.49008363485336304 0.12085268646478653 -0.9923519492149353 -0.025144997984170914 0.8379592299461365 0.019519686698913574 -0.022950099781155586 0.9995460510253906 10.444662094116211 0.0 0.0 0.0 1.0
-0.9932125210762024 -0.11504215747117996 0.017153428867459297 0.46443822979927063 0.11463652551174164 -0.9931410551071167 -0.023007411509752274 0.8499736785888672 0.019682597368955612 -0.020884837955236435 0.999588131904602 10.396950721740723 0.0 0.0 0.0 1.0
-0.993967592716217 -0.10817504674196243 0.018070075660943985 0.4311012625694275 0.10779467970132828 -0.993954598903656 -0.020845001563429832 0.8611485362052917 0.020215746015310287 -0.018771398812532425 0.9996194243431091 10.357098579406738 0.0 0.0 0.0 1.0
-0.994726300239563 -0.10081063210964203 0.018887780606746674 0.3978535532951355 0.10045891255140305 -0.9947649240493774 -0.01872902177274227 0.8697524070739746 0.020676985383033752 -0.016732804477214813 0.9996461868286133 10.3365478515625 0.0 0.0 0.0 1.0
-0.9956724047660828 -0.09071940183639526 0.02016172558069229 0.3664495646953583 0.09040229022502899 -0.9957748651504517 -0.016121167689561844 0.8766301870346069 0.02153904177248478 -0.014228735119104385 0.9996667504310608 10.312867164611816 0.0 0.0 0.0 1.0
-0.9965962767601013 -0.07962313294410706 0.02135430835187435 0.3312985897064209 0.07934799790382385 -0.9967564344406128 -0.013437383808195591 0.876897394657135 0.0223549697548151 -0.011697225272655487 0.9996816515922546 10.27940845489502 0.0 0.0 0.0 1.0
-0.9974111318588257 -0.06822296231985092 0.022729378193616867 0.29283788800239563 0.06799682974815369 -0.9976294636726379 -0.010578312911093235 0.8754079937934875 0.023397181183099747 -0.009005401283502579 0.9996857047080994 10.239870071411133 0.0 0.0 0.0 1.0
-0.9981619119644165 -0.05552429333329201 0.024286774918437004 0.2619893252849579 0.055347371846437454 -0.998435914516449 -0.007897763513028622 0.8739553689956665 0.024687305092811584 -0.006539037451148033 0.9996738433837891 10.237714767456055 0.0 0.0 0.0 1.0
-0.9987435340881348 -0.04248887673020363 0.026570456102490425 0.24034573137760162 0.04236840829253197 -0.9990891218185425 -0.005080835893750191 0.8672219514846802 0.026762133464217186 -0.003948703873902559 0.9996340274810791 10.222689628601074 0.0 0.0 0.0 1.0
-0.9991649985313416 -0.029182158410549164 0.028596241027116776 0.2330275923013687 0.02912071719765663 -0.9995726346969604 -0.0025627559516578913 0.8594638109207153 0.028658805415034294 -0.0017278729937970638 0.9995877742767334 10.248538970947266 0.0 0.0 0.0 1.0
-0.999403715133667 -0.015116807073354721 0.03104379214346409 0.2322831004858017 0.015125892125070095 -0.999885618686676 5.782292646472342e-05 0.8546634912490845 0.031039366498589516 0.0005273534916341305 0.9995180368423462 10.267783164978027 0.0 0.0 0.0 1.0
-0.9994325041770935 -0.0006695154006592929 0.03367842733860016 0.23095197975635529 0.0007681133574806154 -0.9999954700469971 0.002914775162935257 0.8525187969207764 0.03367632254958153 0.002938989782705903 0.9994284510612488 10.281307220458984 0.0 0.0 0.0 1.0
-0.9987329244613647 0.030089017003774643 0.04033873230218887 0.22197435796260834 -0.02978658862411976 -0.9995236396789551 0.008077544160187244 0.8470070362091064 0.04056256264448166 0.006865755654871464 0.9991534352302551 10.348379135131836 0.0 0.0 0.0 1.0
-0.9979488849639893 0.04607587680220604 0.04444120079278946 0.20731504261493683 -0.04564240202307701 -0.998900294303894 0.010720254853367805 0.8360605835914612 0.0448862761259079 0.00866986345499754 0.9989544749259949 10.358060836791992 0.0 0.0 0.0 1.0
-0.9968771934509277 0.062419310212135315 0.048370953649282455 0.1896277517080307 -0.06183988228440285 -0.9979963302612305 0.013385601341724396 0.8326945304870605 0.049109552055597305 0.010352546349167824 0.9987397193908691 10.359658241271973 0.0 0.0 0.0 1.0
-0.9954594969749451 0.07930643111467361 0.0526391975581646 0.1775500327348709 -0.0785573348402977 -0.9967787265777588 0.016153709962964058 0.8376614451408386 0.05375072360038757 0.011945169419050217 0.9984829425811768 10.364842414855957 0.0 0.0 0.0 1.0
-0.9915032982826233 0.11446776986122131 0.06179238483309746 0.16036967933177948 -0.11330431699752808 -0.993316113948822 0.022026605904102325 0.8582205176353455 0.06390070915222168 0.014838108792901039 0.9978459477424622 10.379902839660645 0.0 0.0 0.0 1.0
-0.9888838529586792 0.13305146992206573 0.06637802720069885 0.1504652351140976 -0.13165457546710968 -0.9909800291061401 0.025012312456965446 0.8712233901023865 0.06910722702741623 0.015995299443602562 0.9974809885025024 10.371679306030273 0.0 0.0 0.0 1.0
-0.9859033226966858 0.1514190137386322 0.07118269801139832 0.13425728678703308 -0.1497832089662552 -0.9883275628089905 0.02781350538134575 0.8858174085617065 0.07456331700086594 0.01675945334136486 0.9970754384994507 10.380926132202148 0.0 0.0 0.0 1.0
-0.9824762344360352 0.17018353939056396 0.07601330429315567 0.11374963074922562 -0.16829080879688263 -0.9852593541145325 0.03069460019469261 0.8980323076248169 0.08011654019355774 0.017364373430609703 0.9966342449188232 10.386190414428711 0.0 0.0 0.0 1.0
-0.9786226749420166 0.18902400135993958 0.08104079961776733 0.09428734332323074 -0.1868746280670166 -0.981815755367279 0.03340275213122368 0.9109713435173035 0.0858810544013977 0.017544221132993698 0.9961509108543396 10.393775939941406 0.0 0.0 0.0 1.0
-0.9694930911064148 0.22736836969852448 0.09157919883728027 0.054729703813791275 -0.2247283011674881 -0.9736679196357727 0.038313742727041245 0.9287611246109009 0.09787905961275101 0.016564471647143364 0.9950604438781738 10.45130729675293 0.0 0.0 0.0 1.0
-0.9639263153076172 0.2477211207151413 0.09736663848161697 0.03449180722236633 -0.24480053782463074 -0.9687033295631409 0.04106731340289116 0.9325724244117737 0.10449263453483582 0.01575045846402645 0.9944009184837341 10.487466812133789 0.0 0.0 0.0 1.0
-0.9580011963844299 0.26751771569252014 0.10328595340251923 0.018371252343058586 -0.2643793821334839 -0.9634497761726379 0.04322115704417229 0.9327079653739929 0.11107325553894043 0.014099245890974998 0.9937121868133545 10.527580261230469 0.0 0.0 0.0 1.0
-0.9517416954040527 0.28688597679138184 0.10901451110839844 0.005980102811008692 -0.2834845781326294 -0.9578801393508911 0.045849621295928955 0.9354386329650879 0.11757644265890121 0.012733066454529762 0.9929822087287903 10.576936721801758 0.0 0.0 0.0 1.0
-0.937921941280365 0.32591748237609863 0.11866001784801483 -0.011496277526021004 -0.32198119163513184 -0.9453443288803101 0.05150018259882927 0.9552803039550781 0.12895938754081726 0.010096856392920017 0.9915984869003296 10.640628814697266 0.0 0.0 0.0 1.0
-0.930402398109436 0.3452930748462677 0.12297985702753067 -0.02373013272881508 -0.3411056399345398 -0.9384558200836182 0.0542917400598526 0.9686298966407776 0.1341577172279358 0.00856404472142458 0.9909229874610901 10.670380592346191 0.0 0.0 0.0 1.0
-0.9225482940673828 0.3643703758716583 0.12703879177570343 -0.042082369327545166 -0.35996925830841064 -0.931229829788208 0.05686077103018761 0.9819375872612 0.13902069628238678 0.006726747378706932 0.9902666211128235 10.698304176330566 0.0 0.0 0.0 1.0
-0.9141968488693237 0.38334721326828003 0.131487637758255 -0.06342559307813644 -0.3787247836589813 -0.923592746257782 0.059531666338443756 0.9911700487136841 0.14426231384277344 0.004626038018614054 0.9895286560058594 10.735674858093262 0.0 0.0 0.0 1.0
-0.905369222164154 0.40232929587364197 0.13578544557094574 -0.0899471864104271 -0.39751681685447693 -0.9154922962188721 0.062082335352897644 0.9973487854003906 0.14928807318210602 0.0022304391022771597 0.9887912273406982 10.765294075012207 0.0 0.0 0.0 1.0
-0.8864514231681824 0.44012194871902466 0.1431661695241928 -0.14824888110160828 -0.43493449687957764 -0.8979344964027405 0.06742104887962341 1.00010347366333 0.1582273244857788 -0.0025024209171533585 0.9873995184898376 10.814180374145508 0.0 0.0 0.0 1.0
-0.8764275908470154 0.4585069715976715 0.14712603390216827 -0.16982746124267578 -0.4531497657299042 -0.888675332069397 0.070081926882267 0.9900848269462585 0.1628803312778473 -0.0052483961917459965 0.9866318702697754 10.867973327636719 0.0 0.0 0.0 1.0
-0.8659430146217346 0.4766980707645416 0.15133288502693176 -0.18742524087429047 -0.47117406129837036 -0.8790284991264343 0.07282806187868118 0.9701562523841858 0.16774292290210724 -0.00823917891830206 0.985796332359314 10.916589736938477 0.0 0.0 0.0 1.0
-0.85526043176651 0.49437129497528076 0.1553274542093277 -0.20560653507709503 -0.48872384428977966 -0.8691755533218384 0.07538458704948425 0.9422561526298523 0.17227481305599213 -0.011438779532909393 0.9849824905395508 10.940713882446289 0.0 0.0 0.0 1.0
-0.8328961133956909 0.5287691354751587 0.16336220502853394 -0.23358142375946045 -0.5227492451667786 -0.8485844135284424 0.08147182315587997 0.8720970749855042 0.18170641362667084 -0.017539910972118378 0.9831963777542114 10.987672805786133 0.0 0.0 0.0 1.0
-0.8213955760002136 0.5455090999603271 0.1665208637714386 -0.2475924789905548 -0.5392507314682007 -0.8378631472587585 0.08481699973344803 0.8371533751487732 0.18579013645648956 -0.020128196105360985 0.9823832511901855 10.964827537536621 0.0 0.0 0.0 1.0
-0.8096767067909241 0.5618588328361511 0.16952385008335114 -0.2610906958580017 -0.5553172826766968 -0.8269256353378296 0.08841236680746078 0.803328812122345 0.18985888361930847 -0.02255408652126789 0.9815523028373718 10.95083236694336 0.0 0.0 0.0 1.0
-0.797420859336853 0.5781958699226379 0.17265431582927704 -0.272844523191452 -0.5714331269264221 -0.8155002593994141 0.09177959710359573 0.7683315873146057 0.19386622309684753 -0.02547343634068966 0.9806972146034241 10.95134449005127 0.0 0.0 0.0 1.0
-0.7846088409423828 0.5943517684936523 0.17645110189914703 -0.2753426134586334 -0.5873619318008423 -0.8036882877349854 0.09534738957881927 0.7296060919761658 0.19848155975341797 -0.028830258175730705 0.9796804785728455 10.962601661682129 0.0 0.0 0.0 1.0
-0.757785975933075 0.6261237263679504 0.18365593254566193 -0.27171874046325684 -0.6184176206588745 -0.7789461016654968 0.10393580794334412 0.6487468481063843 0.2081347554922104 -0.03481496497988701 0.9774803519248962 10.977855682373047 0.0 0.0 0.0 1.0
-0.7432301640510559 0.6421993970870972 0.18758684396743774 -0.25886115431785583 -0.6341278553009033 -0.7655791640281677 0.10849142074584961 0.6083092093467712 0.21328571438789368 -0.038319945335388184 0.9762380719184875 10.994184494018555 0.0 0.0 0.0 1.0
-0.7279924154281616 0.6581024527549744 0.19216695427894592 -0.2359747290611267 -0.6495400667190552 -0.7517585754394531 0.11382763087749481 0.5719149112701416 0.21937339007854462 -0.04195448011159897 0.9747384786605835 11.016597747802734 0.0 0.0 0.0 1.0
-0.7123637795448303 0.6738433837890625 0.19614523649215698 -0.2197572886943817 -0.6646816730499268 -0.7374918460845947 0.1195993572473526 0.5428979992866516 0.22524674236774445 -0.04517590254545212 0.9732538461685181 11.03348445892334 0.0 0.0 0.0 1.0
-0.6779107451438904 0.7057933211326599 0.2056521773338318 -0.14568553864955902 -0.6951625347137451 -0.7064462304115295 0.13297633826732635 0.4910745918750763 0.23913602530956268 -0.05281560868024826 0.9695485830307007 11.053361892700195 0.0 0.0 0.0 1.0
-0.6592105031013489 0.7217862010002136 0.2108701467514038 -0.11000677198171616 -0.7104297280311584 -0.6897177696228027 0.13992512226104736 0.46282729506492615 0.24643690884113312 -0.05756830424070358 0.9674475193023682 11.116767883300781 0.0 0.0 0.0 1.0
-0.6402839422225952 0.737408459186554 0.21509356796741486 -0.07549432665109634 -0.7251391410827637 -0.6726346015930176 0.1474311202764511 0.4403926432132721 0.25339633226394653 -0.06157497689127922 0.9654008746147156 11.114775657653809 0.0 0.0 0.0 1.0
-0.6201375722885132 0.7531158328056335 0.21964970231056213 -0.04049532487988472 -0.7398831844329834 -0.6545514464378357 0.15535515546798706 0.4168325960636139 0.2607724666595459 -0.06617356091737747 0.9631296992301941 11.11828899383545 0.0 0.0 0.0 1.0
-0.578713595867157 0.7826257944107056 0.2293195128440857 0.019240187481045723 -0.7678956985473633 -0.617618978023529 0.16995006799697876 0.3711284399032593 0.27463939785957336 -0.07774104923009872 0.9583994746208191 11.204049110412598 0.0 0.0 0.0 1.0
-0.5569730401039124 0.7969961166381836 0.2336197793483734 0.031834617257118225 -0.7813667058944702 -0.5981881618499756 0.17786794900894165 0.35426637530326843 0.2815086543560028 -0.08347506076097488 0.955920934677124 11.250664710998535 0.0 0.0 0.0 1.0
-0.535027027130127 0.8108145594596863 0.23733074963092804 0.03701459988951683 -0.7944095730781555 -0.5784338712692261 0.18527725338935852 0.340829074382782 0.2875056266784668 -0.08940950036048889 0.9535965919494629 11.265381813049316 0.0 0.0 0.0 1.0
-0.5116865038871765 0.824690580368042 0.2409614622592926 0.028599083423614502 -0.8072371482849121 -0.5574920177459717 0.19383208453655243 0.3346591293811798 0.2941855788230896 -0.09533178061246872 0.9509819746017456 11.274909019470215 0.0 0.0 0.0 1.0
-0.48842331767082214 0.8376484513282776 0.24451524019241333 0.0072002350352704525 -0.8192794322967529 -0.5366590619087219 0.20193620026111603 0.3305017054080963 0.3003728687763214 -0.1016959547996521 0.9483850002288818 11.27238941192627 0.0 0.0 0.0 1.0
-0.4407784938812256 0.8621786832809448 0.2497243881225586 -0.06404461711645126 -0.8419240117073059 -0.4935789704322815 0.21804536879062653 0.34297558665275574 0.31125277280807495 -0.11413925141096115 0.9434478878974915 11.278681755065918 0.0 0.0 0.0 1.0
-0.41602739691734314 0.8737848401069641 0.25183582305908203 -0.10645606368780136 -0.8525915741920471 -0.47111350297927856 0.22614090144634247 0.36431175470352173 0.3162417709827423 -0.12063229084014893 0.9409776926040649 11.284771919250488 0.0 0.0 0.0 1.0
-0.3910875618457794 0.8845245838165283 0.25429660081863403 -0.1512182652950287 -0.862625002861023 -0.44860321283340454 0.23373766243457794 0.39279162883758545 0.3208249807357788 -0.12795069813728333 0.9384561777114868 11.317939758300781 0.0 0.0 0.0 1.0
-0.36486807465553284 0.8952298164367676 0.25580233335494995 -0.19197902083396912 -0.8725590705871582 -0.4246358573436737 0.24150587618350983 0.43296071887016296 0.32482612133026123 -0.1350848525762558 0.9360769391059875 11.348257064819336 0.0 0.0 0.0 1.0
-0.31248512864112854 0.9141453504562378 0.25824669003486633 -0.26331624388694763 -0.8900001049041748 -0.3767746388912201 0.25678926706314087 0.5205334424972534 0.33204349875450134 -0.14959675073623657 0.9313259124755859 11.426016807556152 0.0 0.0 0.0 1.0
-0.28583478927612305 0.9227359890937805 0.2585667073726654 -0.29221832752227783 -0.8981102705001831 -0.35205572843551636 0.2635425925254822 0.5698786377906799 0.3342101275920868 -0.15689176321029663 0.9293484687805176 11.451016426086426 0.0 0.0 0.0 1.0
-0.2588562071323395 0.9305706024169922 0.25890493392944336 -0.2958349287509918 -0.9054805040359497 -0.3271038830280304 0.2703850269317627 0.6209471225738525 0.33630117774009705 -0.1644425392150879 0.9272864460945129 11.492250442504883 0.0 0.0 0.0 1.0
-0.23199255764484406 0.9374827146530151 0.2594332695007324 -0.29517433047294617 -0.9118378162384033 -0.3024689853191376 0.2776045501232147 0.6659054160118103 0.3387199938297272 -0.172158882021904 0.9250027537345886 11.545415878295898 0.0 0.0 0.0 1.0
-0.20506231486797333 0.9437695741653442 0.2593230605125427 -0.2928371727466583 -0.9177236557006836 -0.27749788761138916 0.2842150330543518 0.7088525295257568 0.3401951193809509 -0.17970512807369232 0.9230239987373352 11.568482398986816 0.0 0.0 0.0 1.0
-0.15035495162010193 0.9546040296554565 0.25714683532714844 -0.2773151397705078 -0.9276501536369324 -0.22616243362426758 0.29717954993247986 0.7807648181915283 0.3418457806110382 -0.19385987520217896 0.9195432662963867 11.592371940612793 0.0 0.0 0.0 1.0
-0.12320920825004578 0.9588866829872131 0.2556478977203369 -0.26423224806785583 -0.931342601776123 -0.2006807029247284 0.30385565757751465 0.8127204775810242 0.34266674518585205 -0.2006579488515854 0.9177777171134949 11.61060905456543 0.0 0.0 0.0 1.0
-0.09638745337724686 0.9623164534568787 0.25427645444869995 -0.2555406391620636 -0.9343657493591309 -0.17552267014980316 0.31008464097976685 0.8368382453918457 0.34303081035614014 -0.20769894123077393 0.9160736799240112 11.627031326293945 0.0 0.0 0.0 1.0
-0.06978186964988708 0.9650037288665771 0.25278109312057495 -0.24549131095409393 -0.9368443489074707 -0.15045122802257538 0.3157326281070709 0.859359860420227 0.34271439909935 -0.21478413045406342 0.9145570397377014 11.637822151184082 0.0 0.0 0.0 1.0
-0.016658557578921318 0.9685330390930176 0.24832700192928314 -0.22527365386486053 -0.9392572045326233 -0.10031101852655411 0.3282279670238495 0.8931680917739868 0.3428095579147339 -0.22777512669563293 0.9113726615905762 11.606006622314453 0.0 0.0 0.0 1.0
0.008871801197528839 0.9693047404289246 0.24570216238498688 -0.21593241393566132 -0.9395017027854919 -0.07606238126754761 0.333992600440979 0.9036475419998169 0.3424293100833893 -0.2338007241487503 0.9099887013435364 11.590744018554688 0.0 0.0 0.0 1.0
0.034106992185115814 0.9695004224777222 0.24270492792129517 -0.21929633617401123 -0.9392120838165283 -0.05192125588655472 0.33938899636268616 0.9156084060668945 0.34163931012153625 -0.2395269274711609 0.9087955951690674 11.585580825805664 0.0 0.0 0.0 1.0
0.058804951608181 0.9691805243492126 0.2392302304506302 -0.2257985770702362 -0.9383620619773865 -0.028102898970246315 0.34450963139533997 0.9211403727531433 0.34061509370803833 -0.2447434365749359 0.9077896475791931 11.54602336883545 0.0 0.0 0.0 1.0
0.08343803882598877 0.9682545065879822 0.23562964797019958 -0.23757904767990112 -0.9369834065437317 -0.004272268153727055 0.3493478000164032 0.9295119047164917 0.33926424384117126 -0.24992996454238892 0.9068819284439087 11.486988067626953 0.0 0.0 0.0 1.0
0.1319589763879776 0.9647216200828552 0.22781355679035187 -0.2642233371734619 -0.9323715567588806 0.04276697337627411 0.358962744474411 0.9563122391700745 0.33655622601509094 -0.2597752511501312 0.9051225185394287 11.472856521606445 0.0 0.0 0.0 1.0
0.15577273070812225 0.9623169898986816 0.22289197146892548 -0.27577561140060425 -0.9290693998336792 0.06609197705984116 0.36395320296287537 0.9735427498817444 0.33550697565078735 -0.26377609372138977 0.9043545722961426 11.444061279296875 0.0 0.0 0.0 1.0
0.17883554100990295 0.9594219326972961 0.21800793707370758 -0.2836717665195465 -0.9252794981002808 0.08867538720369339 0.3687744140625 0.9950776100158691 0.33447831869125366 -0.2676682472229004 0.9035916924476624 11.471292495727539 0.0 0.0 0.0 1.0
0.20225563645362854 0.9560648798942566 0.21220889687538147 -0.28307628631591797 -0.9208647012710571 0.11191215366125107 0.37347540259361267 1.0184451341629028 0.33331796526908875 -0.2709531784057617 0.9030412435531616 11.41727352142334 0.0 0.0 0.0 1.0
0.24749574065208435 0.9479665160179138 0.2002630978822708 -0.2757903039455414 -0.9106183648109436 0.15698866546154022 0.38226795196533203 1.084473729133606 0.3309381902217865 -0.2769729495048523 0.9020897150039673 11.356208801269531 0.0 0.0 0.0 1.0
0.26933273673057556 0.9434059262275696 0.19350753724575043 -0.2749236822128296 -0.904546320438385 0.17884820699691772 0.3870519697666168 1.1244868040084839 0.33053866028785706 -0.2792823016643524 0.9015240669250488 11.325489044189453 0.0 0.0 0.0 1.0
0.29079902172088623 0.9384085536003113 0.18661554157733917 -0.2767273485660553 -0.8980035781860352 0.2003811001777649 0.3917102813720703 1.1606621742248535 0.3301900625228882 -0.28149041533470154 0.9009648561477661 11.30918025970459 0.0 0.0 0.0 1.0
0.31121891736984253 0.9332096576690674 0.1796177476644516 -0.2799038887023926 -0.8908238410949707 0.2206370234489441 0.3971802890300751 1.201772689819336 0.331022173166275 -0.2836177945137024 0.8999918103218079 11.325250625610352 0.0 0.0 0.0 1.0
0.3497646749019623 0.9225733280181885 0.16285909712314606 -0.2552172541618347 -0.8758077025413513 0.2602829337120056 0.4064648449420929 1.2987571954727173 0.33260419964790344 -0.28480029106140137 0.8990346193313599 11.298295021057129 0.0 0.0 0.0 1.0
0.3698994815349579 0.916152834892273 0.15439674258232117 -0.2395370751619339 -0.8678483366966248 0.2813910245895386 0.4094610810279846 1.344778060913086 0.33168306946754456 -0.28545239567756653 0.899168074131012 11.212099075317383 0.0 0.0 0.0 1.0
0.38994863629341125 0.9089432954788208 0.14752008020877838 -0.24741442501544952 -0.8598774671554565 0.30211156606674194 0.41150858998298645 1.3906358480453491 0.3294704258441925 -0.2873164117336273 0.8993878364562988 11.2500638961792 0.0 0.0 0.0 1.0
0.4107332229614258 0.9007646441459656 0.1411428600549698 -0.256815105676651 -0.8513632416725159 0.32350096106529236 0.4129500687122345 1.4365379810333252 0.326310932636261 -0.28977614641189575 0.8997504711151123 11.2617769241333 0.0 0.0 0.0 1.0
0.4322657287120819 0.8916386961936951 0.13463585078716278 -0.2729899287223816 -0.8421352505683899 0.3457810580730438 0.413815975189209 1.4802168607711792 0.32241979241371155 -0.2922600507736206 0.9003496766090393 11.233597755432129 0.0 0.0 0.0 1.0
0.47711920738220215 0.870140790939331 0.12333784252405167 -0.31998780369758606 -0.8212074041366577 0.39143431186676025 0.4152079224586487 1.5588538646697998 0.31301072239875793 -0.29938963055610657 0.9013268947601318 11.18217658996582 0.0 0.0 0.0 1.0
0.5001172423362732 0.8578419089317322 0.11827938258647919 -0.3412129878997803 -0.8092994093894958 0.4144202470779419 0.4162815511226654 1.5992852449417114 0.3080863654613495 -0.3039129972457886 0.9015096426010132 11.179669380187988 0.0 0.0 0.0 1.0
0.5233075618743896 0.844552218914032 0.11349310725927353 -0.35478049516677856 -0.7963709235191345 0.4373084306716919 0.41779741644859314 1.636306643486023 0.3032202422618866 -0.30901914834976196 0.9014236927032471 11.18903636932373 0.0 0.0 0.0 1.0
0.5467309355735779 0.8302246332168579 0.10868484526872635 -0.3670060634613037 -0.7822719216346741 0.46018946170806885 0.41985267400741577 1.6739370822906494 0.2985564172267914 -0.31456753611564636 0.9010612368583679 11.204730033874512 0.0 0.0 0.0 1.0
0.5941119194030762 0.7982574701309204 0.09907618910074234 -0.3688935339450836 -0.7504568099975586 0.5057234168052673 0.42550957202911377 1.7380239963531494 0.28956103324890137 -0.32715269923210144 0.8995140194892883 11.179340362548828 0.0 0.0 0.0 1.0
0.617646336555481 0.7807968258857727 0.09417681396007538 -0.3587110936641693 -0.7326046228408813 0.5276646018028259 0.42995408177375793 1.7619612216949463 0.28601303696632385 -0.33455392718315125 0.8979254961013794 11.234865188598633 0.0 0.0 0.0 1.0
0.6407133936882019 0.7625772356987 0.08923143148422241 -0.34059959650039673 -0.7138386964797974 0.5488693714141846 0.4349445104598999 1.779086947441101 0.28270238637924194 -0.3423716425895691 0.8960251212120056 11.258122444152832 0.0 0.0 0.0 1.0
0.6637173295021057 0.7432371377944946 0.08413026481866837 -0.319044291973114 -0.6939738988876343 0.5699204802513123 0.4399895668029785 1.7890645265579224 0.2790690064430237 -0.35041290521621704 0.8940532803535461 11.28897762298584 0.0 0.0 0.0 1.0
0.6856310367584229 0.7236671447753906 0.07884123921394348 -0.2907947301864624 -0.6737036108970642 0.589780867099762 0.44528862833976746 1.8070151805877686 0.27574169635772705 -0.3584193289279938 0.8919092416763306 11.332650184631348 0.0 0.0 0.0 1.0
0.7275226712226868 0.6826826333999634 0.06822919100522995 -0.23723697662353516 -0.6312052607536316 0.6270392537117004 0.45651039481163025 1.825943112373352 0.2688693404197693 -0.37518829107284546 0.8870980739593506 11.427810668945312 0.0 0.0 0.0 1.0
0.747249960899353 0.6615396738052368 0.06310912221670151 -0.20566603541374207 -0.609442412853241 0.6443321704864502 0.4619697034358978 1.828185796737671 0.2649480700492859 -0.3836682140827179 0.8846474885940552 11.483344078063965 0.0 0.0 0.0 1.0
0.7659016251564026 0.6403136849403381 0.05824971944093704 -0.17709431052207947 -0.5877941250801086 0.6605956554412842 0.467024028301239 1.8307920694351196 0.26056236028671265 -0.3919333219528198 0.8823239207267761 11.544804573059082 0.0 0.0 0.0 1.0
0.7835754156112671 0.6190168857574463 0.05317607522010803 -0.14520640671253204 -0.5659196376800537 0.6757929921150208 0.47226983308792114 1.8219646215438843 0.2564069628715515 -0.40015241503715515 0.8798485994338989 11.583022117614746 0.0 0.0 0.0 1.0
0.816254734992981 0.5760350227355957 0.04372463375329971 -0.0781867727637291 -0.5222447514533997 0.703437089920044 0.48211684823036194 1.7886860370635986 0.2469586580991745 -0.4163651466369629 0.875015139579773 11.64796257019043 0.0 0.0 0.0 1.0
0.8310872912406921 0.5547011494636536 0.04000712186098099 -0.04484407976269722 -0.5011879205703735 0.715844988822937 0.48618578910827637 1.7632873058319092 0.2410489022731781 -0.424113929271698 0.8729391694068909 11.689043045043945 0.0 0.0 0.0 1.0
0.8451650738716125 0.5332978367805481 0.03590834513306618 -0.016273193061351776 -0.47991955280303955 0.7275629043579102 0.49023404717445374 1.7261598110198975 0.23531518876552582 -0.43156179785728455 0.8708508014678955 11.722518920898438 0.0 0.0 0.0 1.0
0.8583595156669617 0.5120569467544556 0.03188573941588402 0.0016652395715937018 -0.4589376449584961 0.7385629415512085 0.4938633441925049 1.6844416856765747 0.22933651506900787 -0.4385458528995514 0.8689547181129456 11.725693702697754 0.0 0.0 0.0 1.0
0.8706997036933899 0.490998774766922 0.02832421474158764 0.01064868550747633 -0.4382958710193634 0.7485362887382507 0.4975842833518982 1.64059317111969 0.2231115698814392 -0.44566085934638977 0.8669530749320984 11.768120765686035 0.0 0.0 0.0 1.0
0.8930302858352661 0.44951361417770386 0.02084409072995186 0.009601175785064697 -0.39772069454193115 0.7667710185050964 0.5038655400276184 1.5461112260818481 0.21051177382469177 -0.4582573175430298 0.8635305762290955 11.76363468170166 0.0 0.0 0.0 1.0
0.9032953977584839 0.4286668002605438 0.01738503761589527 -0.0013145606499165297 -0.37757205963134766 0.7750799059867859 0.5066462755203247 1.4962671995162964 0.20370763540267944 -0.46421533823013306 0.8619787096977234 11.754042625427246 0.0 0.0 0.0 1.0
0.9127051830291748 0.4083750545978546 0.01411066111177206 -0.01098752859979868 -0.3581386208534241 0.7828474044799805 0.5088090896606445 1.443766713142395 0.19673845171928406 -0.4694462716579437 0.8607637286186218 11.73364543914795 0.0 0.0 0.0 1.0
0.9216386675834656 0.3878801167011261 0.01145370863378048 -0.036529652774333954 -0.3388260006904602 0.78999263048172 0.5109878778457642 1.3925420045852661 0.18915368616580963 -0.47482699155807495 0.8595116138458252 11.74063777923584 0.0 0.0 0.0 1.0
0.9374843835830688 0.3479677140712738 0.0064377435483038425 -0.1118156909942627 -0.3016464114189148 0.8031825423240662 0.5137190222740173 1.281133770942688 0.17358694970607758 -0.4835454821586609 0.8579343557357788 11.6838960647583 0.0 0.0 0.0 1.0
0.9444897174835205 0.32852041721343994 0.0036834662314504385 -0.15979136526584625 -0.28329890966415405 0.8086987733840942 0.5155075192451477 1.227539300918579 0.16637592017650604 -0.48793506622314453 0.8568771481513977 11.696806907653809 0.0 0.0 0.0 1.0
0.9510250091552734 0.30911386013031006 -9.693282481748611e-05 -0.213157519698143 -0.2647705376148224 0.8147593140602112 0.5158137679100037 1.1781164407730103 0.15952415764331818 -0.49052610993385315 0.8567007780075073 11.601765632629395 0.0 0.0 0.0 1.0
0.9570519924163818 0.2898963987827301 -0.0033937774132937193 -0.2682001292705536 -0.24648666381835938 0.8197922110557556 0.5168995261192322 1.1358764171600342 0.15262949466705322 -0.49386319518089294 0.8560393452644348 11.578112602233887 0.0 0.0 0.0 1.0
0.9678947925567627 0.25113898515701294 -0.0104337427765131 -0.3574952781200409 -0.20962756872177124 0.8294212818145752 0.5177997946739197 1.0559858083724976 0.1386936753988266 -0.498988538980484 0.8554381728172302 11.536988258361816 0.0 0.0 0.0 1.0
0.9727976322174072 0.23118150234222412 -0.014830018393695354 -0.399234414100647 -0.19033238291740417 0.8341173529624939 0.5177082419395447 1.0159491300582886 0.13205453753471375 -0.5008026957511902 0.8554286956787109 11.48380184173584 0.0 0.0 0.0 1.0
0.9771866798400879 0.2114541232585907 -0.01983373612165451 -0.45009493827819824 -0.17072686553001404 0.8376417756080627 0.5188531279563904 0.9812625646591187 0.12632720172405243 -0.5036302208900452 0.8546332716941833 11.525059700012207 0.0 0.0 0.0 1.0
0.9812859892845154 0.19102990627288818 -0.02419474720954895 -0.4911344051361084 -0.15108953416347504 0.8417614102363586 0.5182757377624512 0.9460700154304504 0.11937236040830612 -0.5049211382865906 0.8548712730407715 11.472302436828613 0.0 0.0 0.0 1.0
0.9849511981010437 0.1703149527311325 -0.029392769560217857 -0.5367022156715393 -0.13061508536338806 0.8448879718780518 0.51875239610672 0.9239377975463867 0.11318488419055939 -0.5071066617965698 0.8544191122055054 11.526808738708496 0.0 0.0 0.0 1.0
0.9909386038780212 0.12784495949745178 -0.04118737205862999 -0.5793418884277344 -0.08823128789663315 0.8507875800132751 0.518049955368042 0.8888549208641052 0.10127177834510803 -0.5097216367721558 0.8543581366539001 11.54885196685791 0.0 0.0 0.0 1.0
0.9933044910430908 0.10552699863910675 -0.04701303318142891 -0.6004158854484558 -0.06619932502508163 0.8534369468688965 0.5169748663902283 0.8736492991447449 0.09467746317386627 -0.51040118932724 0.8547086119651794 11.503986358642578 0.0 0.0 0.0 1.0
0.9951107501983643 0.08315040171146393 -0.05329715088009834 -0.6162391304969788 -0.04382919520139694 0.8553723692893982 0.5161561369895935 0.8595559597015381 0.08850749582052231 -0.5112965106964111 0.8548346757888794 11.497686386108398 0.0 0.0 0.0 1.0
0.9964441061019897 0.05986872315406799 -0.05928654223680496 -0.6366037130355835 -0.020844224840402603 0.8569301962852478 0.5150108337402344 0.8479541540145874 0.08163746446371078 -0.5119436979293823 0.8551309704780579 11.481220245361328 0.0 0.0 0.0 1.0
0.9972918629646301 0.01389595028012991 -0.07222088426351547 -0.6954841613769531 0.025146672502160072 0.8583743572235107 0.5124071836471558 0.8280752897262573 0.06911294162273407 -0.5128356218338013 0.8557003140449524 11.441155433654785 0.0 0.0 0.0 1.0
0.996820330619812 -0.010303285904228687 -0.0790133997797966 -0.7175095081329346 0.04936809837818146 0.858215868473053 0.5109092593193054 0.8195754289627075 0.062546506524086 -0.5131855010986328 0.8559956550598145 11.417694091796875 0.0 0.0 0.0 1.0
0.9956808090209961 -0.03450435400009155 -0.0861925408244133 -0.7359724640846252 0.07380424439907074 0.857391893863678 0.509344756603241 0.8071657419204712 0.05632617324590683 -0.5135061740875244 0.8562352061271667 11.414510726928711 0.0 0.0 0.0 1.0
0.9938823580741882 -0.05904919281601906 -0.09333298355340958 -0.7459161877632141 0.0985308364033699 0.8558421730995178 0.5077655911445618 0.7982827425003052 0.04989515617489815 -0.5138553977012634 0.8564245700836182 11.414216995239258 0.0 0.0 0.0 1.0
0.9915050864219666 -0.0834331065416336 -0.09978272765874863 -0.7630691528320312 0.12275292724370956 0.8538862466812134 0.5057766437530518 0.7908469438552856 0.04300457984209061 -0.5137287378311157 0.8568741679191589 11.391813278198242 0.0 0.0 0.0 1.0
0.9845634698867798 -0.1326424926519394 -0.11419602483510971 -0.769464910030365 0.172381192445755 0.8478893041610718 0.5013666152954102 0.7945079207420349 0.030323069542646408 -0.5133125185966492 0.8576658964157104 11.404422760009766 0.0 0.0 0.0 1.0
0.9800432324409485 -0.15752534568309784 -0.12124795466661453 -0.776707649230957 0.1973564177751541 0.8440312147140503 0.49865999817848206 0.8004025816917419 0.023785462602972984 -0.5126374363899231 0.8582756519317627 11.405694007873535 0.0 0.0 0.0 1.0
0.9748899936676025 -0.1823071837425232 -0.12788107991218567 -0.7819768786430359 0.2220344990491867 0.8397024869918823 0.49558088183403015 0.8084709048271179 0.017034107819199562 -0.511530876159668 0.8590960502624512 11.354876518249512 0.0 0.0 0.0 1.0
0.9690315127372742 -0.20695924758911133 -0.134706512093544 -0.7805967926979065 0.2467137575149536 0.8346155881881714 0.4924927353858948 0.813769519329071 0.010502228513360023 -0.5104749202728271 0.859828531742096 11.356382369995117 0.0 0.0 0.0 1.0
0.9550093412399292 -0.25625601410865784 -0.14929838478565216 -0.7828488349914551 0.29657137393951416 0.8224412798881531 0.4854232668876648 0.8069913387298584 -0.0016034742584452033 -0.5078613758087158 0.8614373207092285 11.331595420837402 0.0 0.0 0.0 1.0
0.9471553564071655 -0.28089338541030884 -0.15490540862083435 -0.7825063467025757 0.32065144181251526 0.8156585097312927 0.4815431833267212 0.7996782064437866 -0.008912377990782261 -0.5057668089866638 0.8626241683959961 11.27818489074707 0.0 0.0 0.0 1.0
0.9386508464813232 -0.30490392446517944 -0.16114653646945953 -0.7751436829566956 0.3445223569869995 0.8080962300300598 0.47779160737991333 0.7840374708175659 -0.01545861829072237 -0.5039980411529541 0.8635664582252502 11.299195289611816 0.0 0.0 0.0 1.0
0.929688036441803 -0.3277996778488159 -0.1680103838443756 -0.7694209218025208 0.36775076389312744 0.8000466227531433 0.4740092158317566 0.7651680707931519 -0.020963920280337334 -0.5024666786193848 0.8643423914909363 11.357494354248047 0.0 0.0 0.0 1.0
0.9197723269462585 -0.35109442472457886 -0.17536108195781708 -0.766814649105072 0.3915862739086151 0.7913596034049988 0.469478577375412 0.7477096915245056 -0.026057638227939606 -0.500482439994812 0.8653544783592224 11.367609024047852 0.0 0.0 0.0 1.0
0.8986946940422058 -0.3961130678653717 -0.18826134502887726 -0.7629579305648804 0.43704771995544434 0.7730682492256165 0.45973336696624756 0.7232058644294739 -0.036567531526088715 -0.4954391121864319 0.8678725957870483 11.347572326660156 0.0 0.0 0.0 1.0
0.8874555826187134 -0.4179854094982147 -0.19419251382350922 -0.7676251530647278 0.45901060104370117 0.7635051608085632 0.45427870750427246 0.7127088308334351 -0.041614893823862076 -0.49228861927986145 0.8694366812705994 11.275360107421875 0.0 0.0 0.0 1.0
0.875630795955658 -0.4398975074291229 -0.199401393532753 -0.7739017605781555 0.4806757867336273 0.7534253597259521 0.4486657977104187 0.70522540807724 -0.04713289067149162 -0.48871299624443054 0.8711705207824707 11.210006713867188 0.0 0.0 0.0 1.0
0.8633430600166321 -0.46136847138404846 -0.20439648628234863 -0.7922473549842834 0.5018575191497803 0.7427256107330322 0.4432806670665741 0.6950995922088623 -0.052705228328704834 -0.48528119921684265 0.872768223285675 11.15924072265625 0.0 0.0 0.0 1.0
0.837110698223114 -0.5030158758163452 -0.2149900496006012 -0.8372249007225037 0.5434926152229309 0.7201244831085205 0.43131956458091736 0.6840375065803528 -0.06214100494980812 -0.4779077172279358 0.8762092590332031 11.048972129821777 0.0 0.0 0.0 1.0
0.8233270645141602 -0.5226019024848938 -0.22140423953533173 -0.8432449698448181 0.5637434720993042 0.7077867984771729 0.42571255564689636 0.6848443746566772 -0.0657711923122406 -0.4753158390522003 0.8773534297943115 11.180362701416016 0.0 0.0 0.0 1.0
0.8087375164031982 -0.5427445769309998 -0.22665390372276306 -0.8437591195106506 0.5840119123458862 0.6952627301216125 0.41897472739219666 0.6844785809516907 -0.06981223821640015 -0.47120916843414307 0.8792543411254883 11.10010051727295 0.0 0.0 0.0 1.0
0.793657124042511 -0.5623826384544373 -0.23202195763587952 -0.8283288478851318 0.6039189100265503 0.6822803020477295 0.41203826665878296 0.6841541528701782 -0.07341914623975754 -0.4671395421028137 0.8811300992965698 11.058982849121094 0.0 0.0 0.0 1.0
0.7779752016067505 -0.5819383859634399 -0.23685914278030396 -0.8081806302070618 0.6235001683235168 0.6685908436775208 0.4052576720714569 0.6899903416633606 -0.07747314870357513 -0.46296215057373047 0.8829858303070068 11.029472351074219 0.0 0.0 0.0 1.0
0.7445681095123291 -0.619913637638092 -0.2476397007703781 -0.7827436923980713 0.6621977686882019 0.6390323042869568 0.3913205564022064 0.6993799209594727 -0.08433518558740616 -0.4553512930870056 0.886308491230011 11.04623794555664 0.0 0.0 0.0 1.0
0.7269701957702637 -0.6382585167884827 -0.25325968861579895 -0.7807918190956116 0.6810920834541321 0.6233192682266235 0.3841700553894043 0.7035854458808899 -0.08733814209699631 -0.45177334547042847 0.887847363948822 11.097405433654785 0.0 0.0 0.0 1.0
0.7083748579025269 -0.6568970084190369 -0.25824669003486633 -0.7665097713470459 0.6999239921569824 0.6064804196357727 0.3772106170654297 0.7047475576400757 -0.09116695821285248 -0.4479596018791199 0.8893935084342957 11.107460021972656 0.0 0.0 0.0 1.0
0.688578188419342 -0.6753957867622375 -0.26400864124298096 -0.7416651248931885 0.7189969420433044 0.5884976387023926 0.36974844336509705 0.7026709318161011 -0.09435810148715973 -0.4444221258163452 0.8908341526985168 11.116656303405762 0.0 0.0 0.0 1.0
0.6476593017578125 -0.7105780839920044 -0.27498409152030945 -0.6956111788749695 0.7552789449691772 0.5511536002159119 0.35465967655181885 0.7011339664459229 -0.1004549041390419 -0.4373883306980133 0.893644392490387 11.154833793640137 0.0 0.0 0.0 1.0
0.626461386680603 -0.7272016406059265 -0.28057780861854553 -0.6751416325569153 0.7726104259490967 0.5317453742027283 0.34687167406082153 0.7108761072158813 -0.10304972529411316 -0.43407905101776123 0.8949615359306335 11.165278434753418 0.0 0.0 0.0 1.0
0.6022545099258423 -0.7456168532371521 -0.285210520029068 -0.6637653708457947 0.7909772396087646 0.5090498924255371 0.3394455313682556 0.7201686501502991 -0.10790993273258209 -0.43002763390541077 0.8963435292243958 11.167815208435059 0.0 0.0 0.0 1.0
0.5776655673980713 -0.7629919052124023 -0.29007914662361145 -0.6585099697113037 0.8085628151893616 0.4861280918121338 0.3315202295780182 0.7276256680488586 -0.11193162947893143 -0.42605501413345337 0.8977463245391846 11.110203742980957 0.0 0.0 0.0 1.0
0.5242358446121216 -0.7966347932815552 -0.3009149134159088 -0.6662817001342773 0.8430516719818115 0.43564316630363464 0.3154028058052063 0.7476488947868347 -0.12016932666301727 -0.4190322756767273 0.8999840617179871 11.15809154510498 0.0 0.0 0.0 1.0
0.4953431487083435 -0.8127838373184204 -0.30662280321121216 -0.678927481174469 0.8596780300140381 0.4079175293445587 0.3075011074542999 0.757646381855011 -0.12485511600971222 -0.41591545939445496 0.900791585445404 11.184967041015625 0.0 0.0 0.0 1.0
0.46534737944602966 -0.8284469246864319 -0.311652809381485 -0.6946667432785034 0.875549852848053 0.37917599081993103 0.2993960678577423 0.7737059593200684 -0.1298624873161316 -0.4121907651424408 0.9017951488494873 11.189255714416504 0.0 0.0 0.0 1.0
0.433184415102005 -0.8436262607574463 -0.31724750995635986 -0.7053463459014893 0.8910956978797913 0.348040372133255 0.2912324070930481 0.7928330302238464 -0.13527636229991913 -0.40885525941848755 0.9025174379348755 11.28242015838623 0.0 0.0 0.0 1.0
0.40094631910324097 -0.8577746748924255 -0.3216592073440552 -0.7121214270591736 0.9052724242210388 0.3171531558036804 0.2826583683490753 0.8073975443840027 -0.14044195413589478 -0.40452003479003906 0.9036811590194702 11.229379653930664 0.0 0.0 0.0 1.0
0.33355438709259033 -0.882826030254364 -0.3306956887245178 -0.7323154211044312 0.9303713440895081 0.25164851546287537 0.2666124403476715 0.8475968837738037 -0.15215331315994263 -0.39659953117370605 0.9052945375442505 11.321477890014648 0.0 0.0 0.0 1.0
0.29956117272377014 -0.8940296769142151 -0.33312758803367615 -0.7399440407752991 0.9408535957336426 0.21888551115989685 0.2586187720298767 0.8829522132873535 -0.15829606354236603 -0.39089643955230713 0.9067206382751465 11.430366516113281 0.0 0.0 0.0 1.0
0.2650505602359772 -0.9038821458816528 -0.3357756435871124 -0.7259340286254883 0.9501537084579468 0.18553821742534637 0.25056639313697815 0.9083537459373474 -0.16418325901031494 -0.38545122742652893 0.9080039858818054 11.302474021911621 0.0 0.0 0.0 1.0
0.2309219390153885 -0.9122678637504578 -0.33829331398010254 -0.7104099988937378 0.957976222038269 0.1523686945438385 0.24303364753723145 0.9469863772392273 -0.170166477560997 -0.38019874691963196 0.9091162085533142 11.341097831726074 0.0 0.0 0.0 1.0
