-0.8946018815040588 -0.3654646873474121 -0.25714394450187683 0.008974977768957615 0.3630998134613037 -0.9299170970916748 0.058418918401002884 3.5532679557800293 -0.2604725956916809 -0.041107241064310074 0.9646057486534119 11.195650100708008 0.0 0.0 0.0 1.0
-0.8951432108879089 -0.3644849956035614 -0.25665026903152466 0.011978283524513245 0.3622950315475464 -0.9302853345870972 0.05754569545388222 3.537839889526367 -0.25973251461982727 -0.04147147759795189 0.9647896885871887 11.236806869506836 0.0 0.0 0.0 1.0
-0.895588755607605 -0.3635540008544922 -0.25641629099845886 0.018644411116838455 0.3615017831325531 -0.9306361079216003 0.056858908385038376 3.521338701248169 -0.2593015432357788 -0.0417727492749691 0.9648926258087158 11.265050888061523 0.0 0.0 0.0 1.0
-0.8979936838150024 -0.3592725396156311 -0.2540287971496582 0.050021786242723465 0.3578130304813385 -0.9322529435157776 0.05361219123005867 3.4555325508117676 -0.2560805082321167 -0.042751412838697433 0.9657096266746521 11.317251205444336 0.0 0.0 0.0 1.0
-0.9021286368370056 -0.35257473587989807 -0.2487066239118576 0.08403227478265762 0.3518624007701874 -0.9347754120826721 0.0488649420440197 3.3882219791412354 -0.24971337616443634 -0.043428048491477966 0.9673454761505127 11.34431266784668 0.0 0.0 0.0 1.0
-0.9086434841156006 -0.342120498418808 -0.2394171506166458 0.1035546213388443 0.3421235978603363 -0.938675045967102 0.042902491986751556 3.368823528289795 -0.23941272497177124 -0.04292718693614006 0.9699684381484985 11.360353469848633 0.0 0.0 0.0 1.0
-0.9180366396903992 -0.3267512321472168 -0.22459380328655243 0.21182526648044586 0.3276575207710266 -0.9441730380058289 0.034320130944252014 3.4237265586853027 -0.22326955199241638 -0.042082712054252625 0.9738479256629944 11.392420768737793 0.0 0.0 0.0 1.0
-0.9257709383964539 -0.31307876110076904 -0.21196667850017548 0.2663615047931671 0.3148873746395111 -0.9487708806991577 0.0260721854865551 3.5342631340026855 -0.20927046239376068 -0.04260876029729843 0.9769290685653687 11.344759941101074 0.0 0.0 0.0 1.0
-0.9395486116409302 -0.287318617105484 -0.18626971542835236 0.4155920147895813 0.28946492075920105 -0.9570519924163818 0.01617274433374405 3.6794371604919434 -0.1829165369272232 -0.03872346878051758 0.9823655486106873 11.077326774597168 0.0 0.0 0.0 1.0
-0.9537160396575928 -0.2558029592037201 -0.1580842137336731 0.7664687633514404 0.25845128297805786 -0.9660162925720215 0.003926440607756376 3.5880930423736572 -0.1537163257598877 -0.03711235523223877 0.9874178171157837 11.156351089477539 0.0 0.0 0.0 1.0
-0.9669314622879028 -0.22207528352737427 -0.12540395557880402 1.0169039964675903 0.22475138306617737 -0.9743878245353699 -0.0074299233965575695 3.451286554336548 -0.12054208666086197 -0.035368937999010086 0.9920779466629028 11.100809097290039 0.0 0.0 0.0 1.0
-0.9779704809188843 -0.18706580996513367 -0.0926290825009346 1.1642851829528809 0.18958653509616852 -0.9816777110099792 -0.019126828759908676 3.3518733978271484 -0.08735392987728119 -0.03626669943332672 0.9955169558525085 10.975132942199707 0.0 0.0 0.0 1.0
-0.9863353371620178 -0.15353910624980927 -0.05973520502448082 1.2431074380874634 0.1554710566997528 -0.9874106645584106 -0.029136091470718384 3.2789788246154785 -0.05450965091586113 -0.03802505508065224 0.9977889657020569 10.755622863769531 0.0 0.0 0.0 1.0
-0.9923098683357239 -0.12054561823606491 -0.028104504570364952 1.2539304494857788 0.12155546247959137 -0.9918752908706665 -0.03751959279179573 3.189920663833618 -0.023353341966867447 -0.040647316724061966 0.9989005923271179 10.514070510864258 0.0 0.0 0.0 1.0
-0.995067834854126 -0.09896071255207062 -0.0068429624661803246 1.1781325340270996 0.09916214644908905 -0.9941774606704712 -0.0421672984957695 3.068969488143921 -0.0026302130427211523 -0.04263788461685181 0.9990871548652649 10.433818817138672 0.0 0.0 0.0 1.0
-0.9974163770675659 -0.06762063503265381 0.024248618632555008 1.0482386350631714 0.06637315452098846 -0.9965905547142029 -0.04900947958230972 2.892268180847168 0.027479995042085648 -0.04727340117096901 0.9985039234161377 10.295794486999512 0.0 0.0 0.0 1.0
-0.9978083372116089 -0.03603420406579971 0.055497847497463226 0.9701072573661804 0.03304852917790413 -0.9980043172836304 -0.053807321935892105 2.7512426376342773 0.05732599273324013 -0.05185527354478836 0.9970079064369202 10.153473854064941 0.0 0.0 0.0 1.0
-0.9961715936660767 -0.0033900297712534666 0.08735335618257523 0.9148591756820679 -0.0015381481498479843 -0.9984133839607239 -0.05628759786486626 2.678887128829956 0.08740557730197906 -0.05620647221803665 0.9945858716964722 9.904229164123535 0.0 0.0 0.0 1.0
-0.9924904704093933 0.030076032504439354 0.11856682598590851 0.931007444858551 -0.03704454004764557 -0.9976859092712402 -0.05701358988881111 2.611381769180298 0.11657770723104477 -0.06097770109772682 0.9913079142570496 9.693296432495117 0.0 0.0 0.0 1.0
-0.9866697192192078 0.0643845722079277 0.1494571417570114 0.9654746651649475 -0.07350992411375046 -0.9957011342048645 -0.0563521534204483 2.5596752166748047 0.1451864391565323 -0.06658755242824554 0.9871610999107361 9.54685115814209 0.0 0.0 0.0 1.0
-0.9785444140434265 0.09927327930927277 0.18054251372814178 0.9162082076072693 -0.11084296554327011 -0.9923071265220642 -0.05514039099216461 2.524731397628784 0.1736796498298645 -0.07396918535232544 0.9820203185081482 9.497828483581543 0.0 0.0 0.0 1.0
-0.9716010689735413 0.12277001142501831 0.20228420197963715 0.877575695514679 -0.1357509195804596 -0.9894011616706848 -0.051545996218919754 2.514599561691284 0.19381192326545715 -0.07754240930080414 0.9779694080352783 9.30810546875 0.0 0.0 0.0 1.0
-0.9596524834632874 0.1579607129096985 0.2326274812221527 0.8066967129707336 -0.17346008121967316 -0.9836890697479248 -0.04761761426925659 2.5403332710266113 0.22131139039993286 -0.0860479399561882 0.9713995456695557 9.211652755737305 0.0 0.0 0.0 1.0
-0.9447329640388489 0.19481249153614044 0.26368099451065063 0.6768555045127869 -0.21204085648059845 -0.9765120148658752 -0.038247909396886826 2.552025556564331 0.2500365078449249 -0.09204520285129547 0.9638513326644897 9.185680389404297 0.0 0.0 0.0 1.0
-0.927569568157196 0.2309553027153015 0.29372501373291016 0.6814636588096619 -0.24997428059577942 -0.9678359031677246 -0.028399690985679626 2.49084734916687 0.27771854400634766 -0.09976638853549957 0.9554679989814758 9.22573471069336 0.0 0.0 0.0 1.0
-0.9079301953315735 0.2662559747695923 0.3236827552318573 0.6774995923042297 -0.2869703471660614 -0.9577869772911072 -0.01709253154695034 2.4122846126556396 0.3054681122303009 -0.1084061786532402 0.9460112452507019 9.224111557006836 0.0 0.0 0.0 1.0
-0.8861232995986938 0.3012142777442932 0.352215051651001 0.6479878425598145 -0.32368004322052 -0.94615238904953 -0.0051838066428899765 2.3206589221954346 0.33168765902519226 -0.11859846860170364 0.9359047412872314 9.170348167419434 0.0 0.0 0.0 1.0
-0.8623870611190796 0.33496755361557007 0.37958571314811707 0.5594081878662109 -0.3592488467693329 -0.9332129955291748 0.007335675414651632 2.178295612335205 0.35669150948524475 -0.1300395429134369 0.9251275062561035 9.200310707092285 0.0 0.0 0.0 1.0
-0.8356683254241943 0.36827537417411804 0.40746986865997314 0.48767733573913574 -0.39403238892555237 -0.9188251495361328 0.022333644330501556 2.038719415664673 0.3826184868812561 -0.14189280569553375 0.9129455089569092 9.021322250366211 0.0 0.0 0.0 1.0
-0.816821277141571 0.39073386788368225 0.42441725730895996 0.5981664657592773 -0.4170294404029846 -0.9082722663879395 0.03358534350991249 1.8514420986175537 0.39860934019088745 -0.14956125617027283 0.9048436284065247 9.157026290893555 0.0 0.0 0.0 1.0
-0.7874447703361511 0.42273905873298645 0.44857820868492126 0.8084331750869751 -0.44941937923431396 -0.8918328881263733 0.05153980478644371 1.5705084800720215 0.4218446612358093 -0.16101498901844025 0.8922562599182129 9.092013359069824 0.0 0.0 0.0 1.0
-0.7558633685112 0.45257899165153503 0.4731203019618988 0.8555124402046204 -0.4811226427555084 -0.8740540742874146 0.06745748966932297 1.36397123336792 0.44406256079673767 -0.17664024233818054 0.8784114718437195 8.898824691772461 0.0 0.0 0.0 1.0
-0.7226793169975281 0.4824597239494324 0.4949416518211365 0.8624874949455261 -0.5113698244094849 -0.8549716472625732 0.0867435559630394 1.1524393558502197 0.465011328458786 -0.19041045010089874 0.8645856380462646 8.706028938293457 0.0 0.0 0.0 1.0
-0.6896290183067322 0.5092905163764954 0.5148155093193054 0.890366792678833 -0.5395495891571045 -0.8355306386947632 0.10380186140537262 1.0774321556091309 0.483009397983551 -0.20618370175361633 0.8509936332702637 8.494179725646973 0.0 0.0 0.0 1.0
-0.6543849110603333 0.5349579453468323 0.5344159007072449 0.9477214813232422 -0.5664066076278687 -0.8150046467781067 0.12227420508861542 1.109415054321289 0.500963032245636 -0.22268231213092804 0.8363304734230042 8.339277267456055 0.0 0.0 0.0 1.0
-0.6171088814735413 0.5591469407081604 0.5536527037620544 0.8625422120094299 -0.5918384790420532 -0.7935028076171875 0.1417059302330017 1.2503973245620728 0.5185593962669373 -0.24022498726844788 0.8206022381782532 8.310090065002441 0.0 0.0 0.0 1.0
-0.5913390517234802 0.5743908286094666 0.5660329461097717 0.7150790095329285 -0.608126699924469 -0.7786034941673279 0.15478546917438507 1.3849996328353882 0.5296226143836975 -0.25268906354904175 0.809721052646637 8.329476356506348 0.0 0.0 0.0 1.0
-0.5529173016548157 0.5971704125404358 0.5810937285423279 0.6517319679260254 -0.6310104131698608 -0.7555394172668457 0.17602868378162384 1.539911150932312 0.5441583395004272 -0.2693468928337097 0.794571578502655 8.372617721557617 0.0 0.0 0.0 1.0
-0.5150163769721985 0.6174750328063965 0.5945441126823425 0.6082225441932678 -0.6522457599639893 -0.7323398590087891 0.19558575749397278 1.6496429443359375 0.5561776757240295 -0.2870589792728424 0.7799124717712402 8.412781715393066 0.0 0.0 0.0 1.0
-0.476173460483551 0.6358717083930969 0.6073927879333496 0.4782106280326843 -0.6718428730964661 -0.7087256908416748 0.21525582671165466 1.7079979181289673 0.5673499703407288 -0.30557340383529663 0.7646822333335876 8.53390884399414 0.0 0.0 0.0 1.0
-0.43760666251182556 0.6517282724380493 0.6194761395454407 0.32582902908325195 -0.6893514394760132 -0.6855130791664124 0.23423577845096588 1.7462223768234253 0.5773170590400696 -0.324533611536026 0.7492549419403076 8.626855850219727 0.0 0.0 0.0 1.0
-0.39767566323280334 0.6669639348983765 0.6300898790359497 0.20254859328269958 -0.7053223252296448 -0.661438524723053 0.2549891769886017 1.8020596504211426 0.5868342518806458 -0.3430134654045105 0.7334625124931335 8.549060821533203 0.0 0.0 0.0 1.0
-0.3583002984523773 0.6814088225364685 0.6382029056549072 0.20551328361034393 -0.7196192145347595 -0.6370748281478882 0.27619531750679016 1.8171448707580566 0.5947849154472351 -0.3603021800518036 0.7186189889907837 8.578811645507812 0.0 0.0 0.0 1.0
-0.3180030882358551 0.6927778720855713 0.647250235080719 0.2637444734573364 -0.7328217029571533 -0.6127548813819885 0.2958105504512787 1.8339860439300537 0.6015366911888123 -0.38025033473968506 0.7025405764579773 8.503443717956543 0.0 0.0 0.0 1.0
-0.2913881540298462 0.6996394991874695 0.6523783206939697 0.276498407125473 -0.7408527731895447 -0.5964800119400024 0.30878594517707825 1.7919585704803467 0.6051694750785828 -0.39333972334861755 0.6921370625495911 8.373368263244629 0.0 0.0 0.0 1.0
-0.2505650818347931 0.7098513245582581 0.6582767367362976 0.28417539596557617 -0.7515318989753723 -0.5712552666664124 0.32995036244392395 1.660764217376709 0.6102597713470459 -0.41204193234443665 0.6766124963760376 8.390889167785645 0.0 0.0 0.0 1.0
-0.21048413217067719 0.7173678874969482 0.6641383171081543 0.3234313428401947 -0.7599313259124756 -0.5474306344985962 0.3504626452922821 1.6467845439910889 0.6149803400039673 -0.4309327006340027 0.6603757739067078 8.391788482666016 0.0 0.0 0.0 1.0
-0.16989386081695557 0.72340989112854 0.6691892147064209 0.3319411277770996 -0.7678607702255249 -0.5228058695793152 0.370221346616745 1.748549461364746 0.6176778674125671 -0.45094579458236694 0.6442995667457581 8.331252098083496 0.0 0.0 0.0 1.0
-0.12832826375961304 0.7285813689231873 0.6728306412696838 0.33159106969833374 -0.7742732763290405 -0.49754196405410767 0.3910919725894928 1.7793004512786865 0.6197037696838379 -0.4707666039466858 0.6279697418212891 8.408637046813965 0.0 0.0 0.0 1.0
-0.08732717484235764 0.7315475940704346 0.6761745810508728 0.3350353240966797 -0.7794404625892639 -0.4728716015815735 0.41093194484710693 1.7192178964614868 0.6203600168228149 -0.4911523163318634 0.6114923357963562 8.498029708862305 0.0 0.0 0.0 1.0
-0.04663083702325821 0.7336270809173584 0.6779505014419556 0.23142695426940918 -0.7825067639350891 -0.44867998361587524 0.4317052960395813 1.7281250953674316 0.6208935379981995 -0.5103700757026672 0.5949904322624207 8.704029083251953 0.0 0.0 0.0 1.0
-0.019372617825865746 0.7341596484184265 0.6787004470825195 0.1556405872106552 -0.784094512462616 -0.4323384761810303 0.44528552889823914 1.8069148063659668 0.6203389763832092 -0.5235390067100525 0.5840260982513428 8.791543006896973 0.0 0.0 0.0 1.0
0.021624596789479256 0.7349213361740112 0.6778075098991394 0.10841824114322662 -0.7850087881088257 -0.40735024213790894 0.4667193293571472 1.8882851600646973 0.6191070675849915 -0.5421774983406067 0.5681109428405762 8.878366470336914 0.0 0.0 0.0 1.0
0.061670657247304916 0.7337740659713745 0.676588773727417 0.1363571435213089 -0.7851296067237854 -0.3828773498535156 0.48680222034454346 1.966396689414978 0.6162533760070801 -0.5612313151359558 0.5524954795837402 8.838754653930664 0.0 0.0 0.0 1.0
0.10232008993625641 0.7312197089195251 0.6744244694709778 0.1337602585554123 -0.7832839488983154 -0.3586987853050232 0.5077415108680725 2.035259962081909 0.6131858229637146 -0.5802180171012878 0.53605055809021 8.749069213867188 0.0 0.0 0.0 1.0
0.1431846171617508 0.7272630333900452 0.6712575554847717 0.1268506497144699 -0.7806448340415955 -0.3339157700538635 0.5282933712005615 1.9480183124542236 0.6083517074584961 -0.5996572375297546 0.5199224948883057 8.627203941345215 0.0 0.0 0.0 1.0
0.18315626680850983 0.7224432229995728 0.6667304635047913 0.12426983565092087 -0.7762883305549622 -0.30983608961105347 0.5489790439605713 1.7077339887619019 0.603183388710022 -0.6181240677833557 0.504075825214386 8.657095909118652 0.0 0.0 0.0 1.0
0.22128808498382568 0.717380702495575 0.6606031656265259 0.26957738399505615 -0.7699612379074097 -0.2871989607810974 0.5698038339614868 1.5096540451049805 0.598490834236145 -0.6347296237945557 0.48880162835121155 8.604352951049805 0.0 0.0 0.0 1.0
0.25964969396591187 0.7100666165351868 0.6545131206512451 0.4545893371105194 -0.7622166275978088 -0.2654723823070526 0.5903814435005188 1.5136021375656128 0.592965304851532 -0.6521731615066528 0.47229474782943726 8.196806907653809 0.0 0.0 0.0 1.0
0.2859017848968506 0.7047795653343201 0.649265706539154 0.6060921549797058 -0.7571451663970947 -0.24915538728237152 0.6038649082183838 1.4689232110977173 0.5873596668243408 -0.664234459400177 0.46238645911216736 8.039578437805176 0.0 0.0 0.0 1.0
0.32786938548088074 0.6945636868476868 0.6403771638870239 0.7293425798416138 -0.7486456036567688 -0.22242318093776703 0.6245459914207458 1.269973635673523 0.5762217044830322 -0.6841850876808167 0.44705629348754883 7.930760383605957 0.0 0.0 0.0 1.0
0.36727240681648254 0.6836050152778625 0.6307100653648376 0.653236985206604 -0.7393329739570618 -0.19687789678573608 0.6439144611358643 1.1591156721115112 0.5643560290336609 -0.7027967572212219 0.43310391902923584 7.896018981933594 0.0 0.0 0.0 1.0
0.40697401762008667 0.669493556022644 0.6214101314544678 0.46843186020851135 -0.7287129163742065 -0.17223168909549713 0.6628074645996094 1.2214686870574951 0.5507718324661255 -0.7225750088691711 0.4177747964859009 7.976562023162842 0.0 0.0 0.0 1.0
0.44617894291877747 0.656065046787262 0.6086896061897278 0.3720451295375824 -0.7167084813117981 -0.145377978682518 0.6820514798164368 1.2958475351333618 0.5359601974487305 -0.7405699491500854 0.40534278750419617 8.07417106628418 0.0 0.0 0.0 1.0
0.4839861989021301 0.6404632329940796 0.5962920784950256 0.3267853856086731 -0.7037369608879089 -0.12013564258813858 0.7002297639846802 1.3038678169250488 0.5201073288917542 -0.75853431224823 0.39257365465164185 8.180963516235352 0.0 0.0 0.0 1.0
0.520931601524353 0.6243410110473633 0.5820897817611694 0.316965252161026 -0.6888075470924377 -0.09529885649681091 0.7186530828475952 1.3520958423614502 0.5041570663452148 -0.7753170132637024 0.38040661811828613 8.329906463623047 0.0 0.0 0.0 1.0
0.5445072054862976 0.6121891736984253 0.5733552575111389 0.39291033148765564 -0.6788219809532166 -0.07986924797296524 0.7299463152885437 1.44572913646698 0.49265870451927185 -0.7866672277450562 0.3720781207084656 8.389235496520996 0.0 0.0 0.0 1.0
0.5785819292068481 0.5919649004936218 0.5610886812210083 0.502842128276825 -0.6635704636573792 -0.05836322158575058 0.7458337545394897 1.6234153509140015 0.4742543697357178 -0.8038477897644043 0.35904252529144287 8.55163860321045 0.0 0.0 0.0 1.0
0.6130850911140442 0.5707745552062988 0.5462079644203186 0.4489031434059143 -0.6461673378944397 -0.035490456968545914 0.7623701095581055 1.7638994455337524 0.4545266032218933 -0.8203395009040833 0.34705719351768494 8.440746307373047 0.0 0.0 0.0 1.0
0.6454967260360718 0.5483177304267883 0.5316781401634216 0.35759633779525757 -0.6284708380699158 -0.014246536418795586 0.7777026295661926 1.7443102598190308 0.43400275707244873 -0.836148738861084 0.3354056179523468 8.521833419799805 0.0 0.0 0.0 1.0
0.6766895055770874 0.5252825021743774 0.5159162878990173 0.25081557035446167 -0.6095132827758789 0.006585803348571062 0.7927484512329102 1.7316780090332031 0.4130191504955292 -0.8509024381637573 0.3246231973171234 8.643536567687988 0.0 0.0 0.0 1.0
0.7067518830299377 0.5010749101638794 0.49942535161972046 0.1914907842874527 -0.5893023014068604 0.026370210573077202 0.807482123374939 1.7053741216659546 0.3914391100406647 -0.8650020360946655 0.31392180919647217 8.734305381774902 0.0 0.0 0.0 1.0
0.7349300980567932 0.4765405058860779 0.482479989528656 0.23424644768238068 -0.5686044096946716 0.045313429087400436 0.8213621377944946 1.6905804872512817 0.3695494830608368 -0.8779839873313904 0.30426523089408875 8.738838195800781 0.0 0.0 0.0 1.0
0.7532604336738586 0.45949968695640564 0.47059404850006104 0.4025474786758423 -0.5540826916694641 0.05780810862779617 0.830452024936676 1.697257161140442 0.3543882966041565 -0.8862946629524231 0.2981453835964203 8.753427505493164 0.0 0.0 0.0 1.0
0.7796065211296082 0.43357300758361816 0.45191600918769836 0.7425010800361633 -0.5311195850372314 0.0753619372844696 0.8439387083053589 1.7015093564987183 0.3318517804145813 -0.8979616165161133 0.2890317738056183 8.61578369140625 0.0 0.0 0.0 1.0
0.8039796352386475 0.40744996070861816 0.43312960863113403 0.9021735191345215 -0.5077998638153076 0.09138750284910202 0.8566140532493591 1.6836204528808594 0.30944472551345825 -0.9086434245109558 0.28037673234939575 8.358572959899902 0.0 0.0 0.0 1.0
0.8273535966873169 0.38018807768821716 0.4134525656700134 0.8940387964248657 -0.4833713471889496 0.10703033953905106 0.8688479065895081 1.6071858406066895 0.2860736548900604 -0.9186955690383911 0.27232396602630615 8.208440780639648 0.0 0.0 0.0 1.0
0.8479882478713989 0.352924644947052 0.395423948764801 0.8122284412384033 -0.4602688252925873 0.12041490525007248 0.8795753717422485 1.618847131729126 0.2628088891506195 -0.9278709292411804 0.26455065608024597 8.031160354614258 0.0 0.0 0.0 1.0
0.8678239583969116 0.3250426650047302 0.3758043348789215 0.744005560874939 -0.43548330664634705 0.13339796662330627 0.8902579545974731 1.7106226682662964 0.23924028873443604 -0.9362437129020691 0.25731658935546875 8.08480167388916 0.0 0.0 0.0 1.0
0.8865401744842529 0.29648008942604065 0.35517045855522156 0.5779089331626892 -0.40940067172050476 0.14515750110149384 0.900733232498169 1.7799004316329956 0.2154938131570816 -0.9439432621002197 0.2500670850276947 7.920169353485107 0.0 0.0 0.0 1.0
0.9042667150497437 0.26786887645721436 0.3324875831604004 0.2824055254459381 -0.3816857635974884 0.1581432968378067 0.9106627702713013 1.7365353107452393 0.19135752320289612 -0.9503877758979797 0.24524545669555664 7.8285040855407715 0.0 0.0 0.0 1.0
0.9149351716041565 0.24855351448059082 0.31798553466796875 0.11253832280635834 -0.3635283410549164 0.16524609923362732 0.916810154914856 1.6815948486328125 0.1753305196762085 -0.9544185996055603 0.24154572188854218 7.853919506072998 0.0 0.0 0.0 1.0
0.9294353723526001 0.21968774497509003 0.29645776748657227 -0.02495616488158703 -0.33645564317703247 0.1747387796640396 0.9253453016281128 1.5849891901016235 0.15148435533046722 -0.9597935676574707 0.23632359504699707 7.849208354949951 0.0 0.0 0.0 1.0
0.942219078540802 0.19144724309444427 0.2749020457267761 -0.09746208041906357 -0.30953484773635864 0.18372929096221924 0.932969331741333 1.489903450012207 0.12810684740543365 -0.9641532301902771 0.23237283527851105 7.784535884857178 0.0 0.0 0.0 1.0
0.9537317752838135 0.16253100335597992 0.252941370010376 -0.16691382229328156 -0.28198814392089844 0.19170890748500824 0.940069317817688 1.4383037090301514 0.10429930686950684 -0.9679005146026611 0.22867070138454437 7.64859676361084 0.0 0.0 0.0 1.0
0.9637945294380188 0.13332197070121765 0.23092283308506012 -0.15725445747375488 -0.2543029487133026 0.19914758205413818 0.9463985562324524 1.3782669305801392 0.08018799126148224 -0.970858097076416 0.22584152221679688 7.63028621673584 0.0 0.0 0.0 1.0
0.9724351167678833 0.10435960441827774 0.20851610600948334 -0.03469154238700867 -0.22622905671596527 0.20564360916614532 0.9521192908287048 1.3339033126831055 0.05648278445005417 -0.9730466604232788 0.22358424961566925 7.619755744934082 0.0 0.0 0.0 1.0
0.9799646139144897 0.07450497150421143 0.18471163511276245 0.2412586659193039 -0.19652049243450165 0.21088525652885437 0.9575526714324951 1.238707184791565 0.032389476895332336 -0.9746673107147217 0.2213018387556076 7.61602783203125 0.0 0.0 0.0 1.0
0.9838966727256775 0.05505482107400894 0.17004796862602234 0.4286072552204132 -0.17796479165554047 0.21333883702754974 0.9606326222419739 1.1779910326004028 0.016609620302915573 -0.9754257798194885 0.21970120072364807 7.522902965545654 0.0 0.0 0.0 1.0
0.9888808727264404 0.0251691285520792 0.1465645283460617 0.5719646215438843 -0.148524209856987 0.21640034019947052 0.964941143989563 1.0908010005950928 -0.007429883815348148 -0.9759802222251892 0.21773238480091095 7.469676494598389 0.0 0.0 0.0 1.0
0.9923412799835205 -0.003897415939718485 0.12346509099006653 0.6427321434020996 -0.11963554471731186 0.21856500208377838 0.9684609770774841 1.039221167564392 -0.030759643763303757 -0.9758145809173584 0.21642479300498962 7.609763145446777 0.0 0.0 0.0 1.0
0.9944902658462524 -0.033632539212703705 0.09928752481937408 0.5274978876113892 -0.0895160362124443 0.22043339908123016 0.9712857604026794 1.0479656457901 -0.05455309525132179 -0.9748220443725586 0.21620821952819824 7.8228888511657715 0.0 0.0 0.0 1.0
0.9950634241104126 -0.06348493695259094 0.07627888768911362 0.3591025769710541 -0.060487303882837296 0.2213800549507141 0.9733098745346069 1.0513572692871094 -0.07867714017629623 -0.9731189608573914 0.2164471596479416 8.037590980529785 0.0 0.0 0.0 1.0
0.9942333698272705 -0.09277129918336868 0.053790897130966187 0.19637493789196014 -0.03211420401930809 0.22100892663002014 0.9747428894042969 1.075110673904419 -0.10231643170118332 -0.9708493947982788 0.21675516664981842 8.176748275756836 0.0 0.0 0.0 1.0
0.9919923543930054 -0.12235560268163681 0.03130868822336197 0.13602690398693085 -0.003562900936231017 0.22068621218204498 0.975338339805603 1.1435189247131348 -0.12624751031398773 -0.9676397442817688 0.218483105301857 8.330865859985352 0.0 0.0 0.0 1.0
0.9896732568740845 -0.1424916833639145 0.01558714359998703 0.16880148649215698 0.016234060749411583 0.21946163475513458 0.9754860401153564 1.163456678390503 -0.14241942763328552 -0.9651594161987305 0.21950852870941162 8.422148704528809 0.0 0.0 0.0 1.0
0.9849434494972229 -0.17269371449947357 -0.007956985384225845 0.24867317080497742 0.04595860466361046 0.21719495952129364 0.9750457406044006 1.1323035955429077 -0.16665604710578918 -0.9607305526733398 0.22186151146888733 8.553855895996094 0.0 0.0 0.0 1.0
0.9787396192550659 -0.20268820226192474 -0.03140398859977722 0.33955371379852295 0.07542776316404343 0.21330532431602478 0.9740695357322693 1.0295746326446533 -0.19073377549648285 -0.9557291865348816 0.22405868768692017 8.751726150512695 0.0 0.0 0.0 1.0
0.9711759090423584 -0.2319699078798294 -0.05483938008546829 0.4021761417388916 0.10475829243659973 0.20871536433696747 0.9723495244979858 0.9584261178970337 -0.21411000192165375 -0.9500672817230225 0.22700010240077972 8.887874603271484 0.0 0.0 0.0 1.0
0.9621871709823608 -0.2610973119735718 -0.07761439681053162 0.40105077624320984 0.1334773749113083 0.20356574654579163 0.9699199795722961 1.000587821006775 -0.23744387924671173 -0.9436043500900269 0.2307189404964447 9.0438871383667 0.0 0.0 0.0 1.0
0.9515382051467896 -0.29078710079193115 -0.10008935630321503 0.3781251311302185 0.16197817027568817 0.19723647832870483 0.966882050037384 1.0818723440170288 -0.2614155411720276 -0.9362375140190125 0.2347792088985443 9.217281341552734 0.0 0.0 0.0 1.0
0.9392887949943542 -0.32035115361213684 -0.12292986363172531 0.35715827345848083 0.19100826978683472 0.19054299592971802 0.9629170298576355 1.112937331199646 -0.28504815697669983 -0.9279377460479736 0.2401646226644516 9.311020851135254 0.0 0.0 0.0 1.0
0.9255999326705933 -0.3496498763561249 -0.14494721591472626 0.4160934090614319 0.2191554307937622 0.1828465312719345 0.9584038853645325 1.1026856899261475 -0.3086027204990387 -0.9188645482063293 0.2458704113960266 9.319816589355469 0.0 0.0 0.0 1.0
0.9158350229263306 -0.36847802996635437 -0.1595938801765442 0.48616042733192444 0.23764953017234802 0.1770026683807373 0.9550878405570984 1.0968061685562134 -0.3236803412437439 -0.9126302599906921 0.24967387318611145 9.302375793457031 0.0 0.0 0.0 1.0
0.9000042080879211 -0.39645159244537354 -0.18115882575511932 0.5743367075920105 0.2648262679576874 0.16723652184009552 0.9496836066246033 1.1679939031600952 -0.3462072014808655 -0.9026948809623718 0.2555043697357178 9.353403091430664 0.0 0.0 0.0 1.0
0.8825177550315857 -0.4244259297847748 -0.2025464028120041 0.6392562389373779 0.2919813096523285 0.15687565505504608 0.9434707164764404 1.2417399883270264 -0.36865881085395813 -0.8917694091796875 0.2623699903488159 9.418418884277344 0.0 0.0 0.0 1.0
0.863679826259613 -0.45182958245277405 -0.22339922189712524 0.610110878944397 0.31906789541244507 0.14698398113250732 0.9362645745277405 1.2478373050689697 -0.39019593596458435 -0.8799123764038086 0.271111398935318 9.492192268371582 0.0 0.0 0.0 1.0
0.843136191368103 -0.478758305311203 -0.24476896226406097 0.4023219347000122 0.34647443890571594 0.13562093675136566 0.9282038807868958 1.2284775972366333 -0.4111894965171814 -0.8674084544181824 0.28022444248199463 9.649208068847656 0.0 0.0 0.0 1.0
0.8218159675598145 -0.5045756697654724 -0.26461654901504517 0.2643495500087738 0.37173429131507874 0.12288537621498108 0.9201700091362 1.2027676105499268 -0.43177786469459534 -0.8545774221420288 0.288557231426239 9.868494033813477 0.0 0.0 0.0 1.0
0.7991147637367249 -0.5295591354370117 -0.2845745384693146 0.16201771795749664 0.39718130230903625 0.1097157821059227 0.9111583232879639 1.213072657585144 -0.45128992199897766 -0.841147780418396 0.29800650477409363 10.147323608398438 0.0 0.0 0.0 1.0
0.7830600738525391 -0.5461269617080688 -0.2975941002368927 0.07800818979740143 0.4141048789024353 0.10081297904253006 0.9046291708946228 1.218393325805664 -0.4640410244464874 -0.8316141366958618 0.30509644746780396 10.223827362060547 0.0 0.0 0.0 1.0
0.7576637268066406 -0.5704804062843323 -0.3170138895511627 -0.09950310736894608 0.43919071555137634 0.08637440949678421 0.8942320346832275 1.1887896060943604 -0.482759952545166 -0.8167567253112793 0.31599244475364685 10.319144248962402 0.0 0.0 0.0 1.0
0.7310807108879089 -0.593855619430542 -0.33594122529029846 -0.27611851692199707 0.46371641755104065 0.0712985023856163 0.8831101655960083 1.1342148780822754 -0.5004878044128418 -0.8014063239097595 0.32750555872917175 10.307624816894531 0.0 0.0 0.0 1.0
0.702931821346283 -0.6165558099746704 -0.3546064794063568 -0.3243211805820465 0.4878808557987213 0.055188246071338654 0.8711639046669006 1.046436071395874 -0.517551064491272 -0.7853745222091675 0.3395993411540985 10.336761474609375 0.0 0.0 0.0 1.0
0.674032986164093 -0.6383283734321594 -0.3717747628688812 -0.26030486822128296 0.5104689002037048 0.03870927542448044 0.8590245246887207 0.8769307136535645 -0.533948540687561 -0.7687903046607971 0.3519380986690521 10.283703804016113 0.0 0.0 0.0 1.0
0.6440233588218689 -0.6589662432670593 -0.38858386874198914 -0.1438831388950348 0.5325981974601746 0.02159089408814907 0.8460927605628967 0.6904710531234741 -0.5491567254066467 -0.7518625855445862 0.36486926674842834 10.05406379699707 0.0 0.0 0.0 1.0
0.6128793358802795 -0.6782740354537964 -0.40536803007125854 0.02649046666920185 0.553831934928894 0.0028206370770931244 0.8326236605644226 0.5162355303764343 -0.5636036396026611 -0.7348036170005798 0.37737855315208435 9.935589790344238 0.0 0.0 0.0 1.0
0.5919797420501709 -0.6907934546470642 -0.4151679575443268 0.17142662405967712 0.5670718550682068 -0.009040389209985733 0.8236187100410461 0.4202471077442169 -0.5727036595344543 -0.7229956388473511 0.3863777816295624 9.848610877990723 0.0 0.0 0.0 1.0
0.5590799450874329 -0.7080544233322144 -0.4313797950744629 0.4024064838886261 0.5870550870895386 -0.029350707307457924 0.8090147376060486 0.26913267374038696 -0.5854877829551697 -0.7055476307868958 0.3992575705051422 9.761926651000977 0.0 0.0 0.0 1.0
0.5256466865539551 -0.7250425815582275 -0.44498178362846375 0.6592776775360107 0.6051375865936279 -0.048962824046611786 0.7946138381958008 0.07982617616653442 -0.5979164242744446 -0.68696129322052 0.41301339864730835 9.530532836914062 0.0 0.0 0.0 1.0
0.4917207658290863 -0.7395737171173096 -0.4596100151538849 0.6162214279174805 0.6228493452072144 -0.0701175332069397 0.7791932821273804 0.0040705460123717785 -0.6084976196289062 -0.6694133281707764 0.42616477608680725 9.492574691772461 0.0 0.0 0.0 1.0
0.4563274681568146 -0.7540544867515564 -0.4724056124687195 0.4018123149871826 0.6396352052688599 -0.09108935296535492 0.7632624506950378 0.036050450056791306 -0.6185725927352905 -0.6504648327827454 0.4407532215118408 9.535656929016113 0.0 0.0 0.0 1.0
0.4197874069213867 -0.7671681046485901 -0.4850068688392639 0.1917092502117157 0.6560018062591553 -0.11284083127975464 0.7462764382362366 0.05682244151830673 -0.6272480487823486 -0.6314428448677063 0.45589450001716614 9.512292861938477 0.0 0.0 0.0 1.0
0.3830585479736328 -0.7788419723510742 -0.4966602027416229 -0.06520766764879227 0.6710622310638428 -0.13484923541545868 0.7290343642234802 0.1271388828754425 -0.6347768306732178 -0.6125527620315552 0.47099629044532776 9.508009910583496 0.0 0.0 0.0 1.0
0.34554436802864075 -0.788727343082428 -0.5084370970726013 -0.2260616272687912 0.6851686835289001 -0.15816046297550201 0.7110057473182678 0.24257339537143707 -0.641204297542572 -0.5940492153167725 0.48575982451438904 9.535338401794434 0.0 0.0 0.0 1.0
0.3198752701282501 -0.7946451902389526 -0.5159639716148376 -0.2866343557834625 0.6940637826919556 -0.17416749894618988 0.6985278725624084 0.3491559624671936 -0.6449459791183472 -0.5815536379814148 0.49582257866859436 9.611307144165039 0.0 0.0 0.0 1.0
0.28089088201522827 -0.802821934223175 -0.5259061455726624 -0.27476218342781067 0.7066261172294617 -0.1978064626455307 0.6793763041496277 0.544097900390625 -0.6494458317756653 -0.5624496340751648 0.5117328763008118 9.663818359375 0.0 0.0 0.0 1.0
0.24164524674415588 -0.8099834322929382 -0.5343542098999023 -0.22132207453250885 0.7174460291862488 -0.22164297103881836 0.6604131460189819 0.6987484097480774 -0.653359591960907 -0.5429560542106628 0.5275604128837585 9.791448593139648 0.0 0.0 0.0 1.0
0.2020168900489807 -0.815449059009552 -0.5424315929412842 -0.19750040769577026 0.7268891930580139 -0.24634554982185364 0.6410506963729858 0.7741719484329224 -0.6563698053359985 -0.523790717124939 0.542975127696991 9.988059043884277 0.0 0.0 0.0 1.0
0.16180382668972015 -0.819257915019989 -0.5501236319541931 -0.3044777512550354 0.7352650165557861 -0.2717300355434418 0.62092524766922 0.7958510518074036 -0.6581830382347107 -0.5049547553062439 0.5584046840667725 10.150859832763672 0.0 0.0 0.0 1.0
0.12263482064008713 -0.8216489553451538 -0.5566450357437134 -0.32368603348731995 0.741083025932312 -0.29724857211112976 0.6020292043685913 0.7572199106216431 -0.6601186394691467 -0.4863499402999878 0.5724570751190186 10.166426658630371 0.0 0.0 0.0 1.0
0.08281968533992767 -0.8229551911354065 -0.5620370507240295 -0.266021728515625 0.7464209794998169 -0.32245126366615295 0.5821347832679749 0.7824217081069946 -0.6603003740310669 -0.46772846579551697 0.5875657200813293 10.152918815612793 0.0 0.0 0.0 1.0
0.05570632964372635 -0.8232418894767761 -0.5649509429931641 -0.22034768760204315 0.7493533492088318 -0.33945584297180176 0.5685413479804993 0.7973374128341675 -0.6598230004310608 -0.4550192356109619 0.5979892611503601 10.080146789550781 0.0 0.0 0.0 1.0
0.015822933986783028 -0.8227589726448059 -0.5681701302528381 -0.221037819981575 0.7517663836479187 -0.3648647964000702 0.5492913126945496 0.7460723519325256 -0.659239649772644 -0.43582263588905334 0.6127493381500244 10.066514015197754 0.0 0.0 0.0 1.0
-0.023457301780581474 -0.8208969235420227 -0.5705944299697876 -0.35786890983581543 0.7532358169555664 -0.3897888660430908 0.5298117399215698 0.6746413111686707 -0.6573321223258972 -0.4173641800880432 0.6274723410606384 9.967785835266113 0.0 0.0 0.0 1.0
-0.06180441007018089 -0.8174093961715698 -0.572732150554657 -0.442369282245636 0.753577470779419 -0.41447654366493225 0.5102255940437317 0.6714086532592773 -0.6544472575187683 -0.4000638723373413 0.6415978074073792 9.918285369873047 0.0 0.0 0.0 1.0
-0.10025377571582794 -0.8129045963287354 -0.5737031102180481 -0.3963926434516907 0.7526283860206604 -0.4390980005264282 0.49065616726875305 0.6924601793289185 -0.6507685780525208 -0.38259512186050415 0.6558363437652588 9.92699909210205 0.0 0.0 0.0 1.0
-0.1403912901878357 -0.8074133396148682 -0.5730392336845398 -0.3413041830062866 0.7512484788894653 -0.4638613164424896 0.46952998638153076 0.6284608840942383 -0.6449155211448669 -0.36457690596580505 0.6716901659965515 9.909866333007812 0.0 0.0 0.0 1.0
-0.1815631240606308 -0.800606906414032 -0.5710196495056152 -0.34262916445732117 0.7487335801124573 -0.4889931082725525 0.44753074645996094 0.518383800983429 -0.6375208497047424 -0.34628650546073914 0.6882243752479553 9.995984077453613 0.0 0.0 0.0 1.0
-0.20876210927963257 -0.7953230142593384 -0.5691043138504028 -0.3189616799354553 0.7465459704399109 -0.5055046081542969 0.432590126991272 0.46693846583366394 -0.6317337155342102 -0.33455410599708557 0.6992753744125366 10.02428150177002 0.0 0.0 0.0 1.0
-0.24973474442958832 -0.7868632078170776 -0.5643393397331238 -0.23947206139564514 0.7423980832099915 -0.5297609567642212 0.4101199805736542 0.444225013256073 -0.6216732859611511 -0.31654322147369385 0.7164654731750488 9.995378494262695 0.0 0.0 0.0 1.0
-0.289695680141449 -0.7766218781471252 -0.5594058036804199 -0.18793751299381256 0.7362948060035706 -0.5542525053024292 0.3881675899028778 0.3821982443332672 -0.6115115284919739 -0.29943710565567017 0.7323872447013855 9.967130661010742 0.0 0.0 0.0 1.0
-0.3283763527870178 -0.7654245495796204 -0.5534385442733765 -0.06495824456214905 0.7287014722824097 -0.578092634677887 0.36715540289878845 0.24810488522052765 -0.6009684801101685 -0.28272634744644165 0.7475979328155518 9.914088249206543 0.0 0.0 0.0 1.0
-0.366028368473053 -0.7531996965408325 -0.5465468168258667 0.13816887140274048 0.7199339866638184 -0.6013304591178894 0.34654977917671204 0.11264762282371521 -0.5896764397621155 -0.2666305601596832 0.7623580694198608 9.83908748626709 0.0 0.0 0.0 1.0
-0.40303361415863037 -0.7400144934654236 -0.5384631156921387 0.19839295744895935 0.7100926041603088 -0.6240323781967163 0.3261167109012604 -0.019164174795150757 -0.5773494839668274 -0.25092265009880066 0.7769848108291626 9.641230583190918 0.0 0.0 0.0 1.0
-0.4388829171657562 -0.7249300479888916 -0.5309032201766968 0.16620849072933197 0.6978173851966858 -0.6472084522247314 0.3068746328353882 -0.17479990422725677 -0.5660676956176758 -0.23579147458076477 0.789917528629303 9.594477653503418 0.0 0.0 0.0 1.0
-0.4738915264606476 -0.7092503905296326 -0.5219106078147888 0.15017184615135193 0.6845256090164185 -0.6695441007614136 0.2883320152759552 -0.28109195828437805 -0.5539417862892151 -0.22062309086322784 0.8027913570404053 9.651576042175293 0.0 0.0 0.0 1.0
-0.49722006916999817 -0.6978696584701538 -0.5155095458030701 0.15806297957897186 0.6750759482383728 -0.6844167113304138 0.2754019498825073 -0.32183149456977844 -0.5450180172920227 -0.21107274293899536 0.8114207983016968 9.667415618896484 0.0 0.0 0.0 1.0
-0.5314063429832458 -0.6801608204841614 -0.5049639344215393 0.2499140352010727 0.6601517200469971 -0.7060533165931702 0.2562974989414215 -0.29552263021469116 -0.5308550000190735 -0.197154700756073 0.824210524559021 9.683349609375 0.0 0.0 0.0 1.0
-0.565119206905365 -0.6621708273887634 -0.4921077787876129 0.42084503173828125 0.6443917751312256 -0.7267477512359619 0.23790110647678375 -0.1288554072380066 -0.5151693820953369 -0.18266771733760834 0.8373965620994568 9.723443031311035 0.0 0.0 0.0 1.0
-0.5979340076446533 -0.6431282162666321 -0.47839421033859253 0.4820888042449951 0.6263222694396973 -0.7473313212394714 0.22184735536575317 0.026972703635692596 -0.5001952648162842 -0.1669788956642151 0.849660336971283 9.795941352844238 0.0 0.0 0.0 1.0
-0.629414975643158 -0.6224411725997925 -0.46519216895103455 0.4754115641117096 0.6073829531669617 -0.7674754858016968 0.20510320365428925 0.12800954282283783 -0.48468825221061707 -0.1534547507762909 0.8611207604408264 9.988333702087402 0.0 0.0 0.0 1.0
-0.6596331000328064 -0.6012560129165649 -0.4509716033935547 0.49637994170188904 0.5879573225975037 -0.7865747809410095 0.18869636952877045 0.21000105142593384 -0.4681777060031891 -0.1406816840171814 0.8723636269569397 10.188322067260742 0.0 0.0 0.0 1.0
-0.6886302828788757 -0.5797463655471802 -0.4355255365371704 0.49690088629722595 0.5675652623176575 -0.8047642707824707 0.17385099828243256 0.34330785274505615 -0.45128488540649414 -0.12747009098529816 0.8832289576530457 10.349455833435059 0.0 0.0 0.0 1.0
-0.7076658606529236 -0.5645146369934082 -0.4248909652233124 0.5038167834281921 0.5534487366676331 -0.8167147636413574 0.16331402957439423 0.4290069341659546 -0.43920788168907166 -0.1195836141705513 0.8903910517692566 10.429360389709473 0.0 0.0 0.0 1.0
-0.73497074842453 -0.5409750938415527 -0.40885692834854126 0.533145546913147 0.531200647354126 -0.8340911269187927 0.14872081577777863 0.5465090870857239 -0.42147818207740784 -0.10787961632013321 0.900398850440979 10.550127029418945 0.0 0.0 0.0 1.0
-0.7611212730407715 -0.5169311165809631 -0.3917609751224518 0.5442864894866943 0.5084774494171143 -0.8505232930183411 0.1343904286623001 0.6410277485847473 -0.4026724398136139 -0.09691422432661057 0.9101991653442383 10.647164344787598 0.0 0.0 0.0 1.0
-0.786032497882843 -0.4921157956123352 -0.3741322159767151 0.5916580557823181 0.4847104549407959 -0.8662539720535278 0.12107779830694199 0.5950961709022522 -0.38367781043052673 -0.08617469668388367 0.9194374680519104 10.698465347290039 0.0 0.0 0.0 1.0
-0.8090739846229553 -0.4671560525894165 -0.3566012680530548 0.6377131342887878 0.4608009159564972 -0.880852460861206 0.10845032334327698 0.4667780101299286 -0.3647763431072235 -0.07657784968614578 0.9279407858848572 10.754504203796387 0.0 0.0 0.0 1.0
