-0.9932577610015869 -0.11202448606491089 0.029824677854776382 -0.5239220857620239 0.11387650668621063 -0.9910198450088501 0.07008423656225204 0.7469965815544128 0.02170569635927677 0.07300804555416107 0.9970951080322266 15.148384094238281 0.0 0.0 0.0 1.0
-0.993033766746521 -0.11430350691080093 0.028612183406949043 -0.527725100517273 0.1160273626446724 -0.9908878803253174 0.06840183585882187 0.7208276391029358 0.020532896742224693 0.07124513387680054 0.9972474575042725 15.179125785827637 0.0 0.0 0.0 1.0
-0.9928854703903198 -0.11593255400657654 0.02716665342450142 -0.5290440917015076 0.11755480617284775 -0.9906900525093079 0.06865879893302917 0.7145344614982605 0.018953943625092506 0.0713638961315155 0.9972702264785767 15.19533634185791 0.0 0.0 0.0 1.0
-0.9925444722175598 -0.11965443938970566 0.02320125699043274 -0.5405120849609375 0.12099957466125488 -0.990211009979248 0.06957894563674927 0.7083002924919128 0.014648710377514362 0.07186754047870636 0.9973065853118896 15.213724136352539 0.0 0.0 0.0 1.0
-0.992084264755249 -0.12479127943515778 0.013996554538607597 -0.5502535700798035 0.1254890412092209 -0.9893306493759155 0.07400885969400406 0.7434951066970825 0.004611560609191656 0.07517944276332855 0.9971593618392944 15.205142974853516 0.0 0.0 0.0 1.0
-0.9789611101150513 -0.19294250011444092 -0.06639508157968521 -0.39939066767692566 0.1871996968984604 -0.9787248373031616 0.0839880034327507 0.6802367568016052 -0.08118736743927002 0.06979185342788696 0.9942523241043091 15.388691902160645 0.0 0.0 0.0 1.0
-0.978269100189209 -0.19302822649478912 -0.07569463551044464 -0.3656447231769562 0.18490876257419586 -0.9773785471916199 0.10266415774822235 0.7439116835594177 -0.0937993973493576 0.08643656969070435 0.9918318390846252 15.04924488067627 0.0 0.0 0.0 1.0
-0.9751555323600769 -0.20781494677066803 -0.07671166211366653 -0.29578614234924316 0.20044347643852234 -0.9752016067504883 0.09383083134889603 0.542788028717041 -0.09430878609418869 0.07612329721450806 0.9926283955574036 14.956097602844238 0.0 0.0 0.0 1.0
-0.975868821144104 -0.2058098167181015 -0.0729542076587677 -0.14671427011489868 0.19933737814426422 -0.9760526418685913 0.08709684759378433 0.386377215385437 -0.08913253247737885 0.07045260071754456 0.993524968624115 14.82459831237793 0.0 0.0 0.0 1.0
-0.9727895855903625 -0.22036132216453552 -0.0715632364153862 -0.06253527849912643 0.21426209807395935 -0.9731547236442566 0.08403369784355164 0.17069222033023834 -0.08815988153219223 0.06641381978988647 0.9938898682594299 14.348081588745117 0.0 0.0 0.0 1.0
-0.9493481516838074 -0.298157662153244 -0.09919705986976624 0.17750892043113708 0.2868119180202484 -0.9511720538139343 0.11406444013118744 0.3889809846878052 -0.12836265563964844 0.07983597368001938 0.9885085821151733 13.090195655822754 0.0 0.0 0.0 1.0
-0.9208487868309021 -0.3657495081424713 -0.13514724373817444 -0.18390469253063202 0.3530356287956238 -0.9292090535163879 0.1092536598443985 0.08527778089046478 -0.16553951799869537 0.05289430916309357 0.9847836494445801 12.990703582763672 0.0 0.0 0.0 1.0
-0.8929131031036377 -0.4143470525741577 -0.17613272368907928 -0.5545108318328857 0.398734450340271 -0.9094396233558655 0.11802694946527481 -0.014660519547760487 -0.20908619463443756 0.03515762463212013 0.9772650003433228 12.870750427246094 0.0 0.0 0.0 1.0
-0.8650859594345093 -0.45145517587661743 -0.21866537630558014 -0.8301770091056824 0.4358545243740082 -0.8922691345214844 0.1178416982293129 -0.12327202409505844 -0.24830861389636993 0.00663690036162734 0.9686582684516907 12.880805969238281 0.0 0.0 0.0 1.0
-0.8362407088279724 -0.48607325553894043 -0.25383904576301575 -0.8633089065551758 0.4675147235393524 -0.8738878965377808 0.1332288533449173 0.03384362533688545 -0.28658586740493774 -0.007262099534273148 0.9580270648002625 12.91578197479248 0.0 0.0 0.0 1.0
-0.7144166231155396 -0.5834974646568298 -0.38618603348731995 -0.17998261749744415 0.557571291923523 -0.8081797957420349 0.1896304041147232 -0.23442669212818146 -0.4227566123008728 -0.07985115051269531 0.9027184844017029 13.353643417358398 0.0 0.0 0.0 1.0
-0.6893972754478455 -0.6046448349952698 -0.39891859889030457 -0.1343126744031906 0.5744231343269348 -0.7918267250061035 0.20748139917850494 -0.1248607411980629 -0.44132697582244873 -0.08611095696687698 0.8932051062583923 13.313392639160156 0.0 0.0 0.0 1.0
-0.6577253341674805 -0.6281478404998779 -0.4157254695892334 -0.2300586849451065 0.5874290466308594 -0.7732068300247192 0.23891064524650574 -0.009664017707109451 -0.4715130031108856 -0.08707163482904434 0.8775500059127808 13.093999862670898 0.0 0.0 0.0 1.0
-0.6086737513542175 -0.6554557085037231 -0.44709521532058716 -0.4480935335159302 0.6161986589431763 -0.7454975843429565 0.2540324628353119 -0.027929050847887993 -0.499815434217453 -0.12087658047676086 0.8576557636260986 13.197879791259766 0.0 0.0 0.0 1.0
-0.5640993118286133 -0.6799074411392212 -0.468527227640152 -0.5114794969558716 0.6463424563407898 -0.7167055010795593 0.26186761260032654 0.018696516752243042 -0.5138418078422546 -0.1551096886396408 0.8437461853027344 13.30958080291748 0.0 0.0 0.0 1.0
-0.4017353951931 -0.7168793082237244 -0.5698181986808777 0.35505932569503784 0.7220925688743591 -0.6306631565093994 0.28433486819267273 -0.6164901852607727 -0.5631970763206482 -0.29723408818244934 0.7710129022598267 14.05172348022461 0.0 0.0 0.0 1.0
-0.38028496503829956 -0.7229583859443665 -0.5768141150474548 0.5692571401596069 0.7395235896110535 -0.6122282147407532 0.2797882556915283 -0.7788585424423218 -0.5554171204566956 -0.3201683759689331 0.7674659490585327 14.175821304321289 0.0 0.0 0.0 1.0
-0.3382769525051117 -0.7269365787506104 -0.5976051688194275 0.6909418702125549 0.7607612609863281 -0.5850390791893005 0.2810188829898834 -1.112709403038025 -0.5539052486419678 -0.3595726191997528 0.7509304285049438 14.220776557922363 0.0 0.0 0.0 1.0
-0.3044780194759369 -0.7266090512275696 -0.6158997416496277 0.712833046913147 0.7752329707145691 -0.5647342801094055 0.28300008177757263 -1.2561030387878418 -0.5534501075744629 -0.39129844307899475 0.7352404594421387 14.349465370178223 0.0 0.0 0.0 1.0
-0.26968562602996826 -0.7321240901947021 -0.6255109906196594 0.6443314552307129 0.7828406095504761 -0.5449506044387817 0.3003154695034027 -1.173880934715271 -0.5607407689094543 -0.408684641122818 0.7201018333435059 14.282118797302246 0.0 0.0 0.0 1.0
-0.03294411674141884 -0.7518354654312134 -0.6585272550582886 0.4615706205368042 0.8096157312393188 -0.40641412138938904 0.4234972298145294 -0.3705589175224304 -0.5860350131988525 -0.5192022919654846 0.622086763381958 13.966901779174805 0.0 0.0 0.0 1.0
0.005937384441494942 -0.7545449137687683 -0.6562215089797974 0.4184654951095581 0.8064701557159424 -0.384388267993927 0.44927895069122314 -0.2341274619102478 -0.5912449955940247 -0.5318906307220459 0.606235682964325 13.838117599487305 0.0 0.0 0.0 1.0
0.0372876413166523 -0.764367401599884 -0.6437018513679504 0.5342544317245483 0.8116936683654785 -0.35256436467170715 0.46567344665527344 0.06798096746206284 -0.5828919410705566 -0.5398526191711426 0.6072859168052673 13.500714302062988 0.0 0.0 0.0 1.0
0.07164841890335083 -0.7666819095611572 -0.6380167603492737 0.5421430468559265 0.8098086714744568 -0.3287223279476166 0.48595428466796875 0.167611226439476 -0.5823026895523071 -0.5514893531799316 0.5973132252693176 13.324278831481934 0.0 0.0 0.0 1.0
0.09586913138628006 -0.7630017399787903 -0.6392475366592407 0.7174280285835266 0.8067511916160583 -0.3166186809539795 0.49890395998954773 0.04160316288471222 -0.5830622911453247 -0.5635432004928589 0.5851985812187195 13.343421936035156 0.0 0.0 0.0 1.0
0.2476944625377655 -0.7453619241714478 -0.6189370155334473 0.9191752076148987 0.7755213379859924 -0.2303732931613922 0.5877881050109863 -0.44112327694892883 -0.5807014107704163 -0.6255907416343689 0.5209818482398987 12.030230522155762 0.0 0.0 0.0 1.0
0.3217886984348297 -0.7342878580093384 -0.5977234840393066 0.503280520439148 0.7481515407562256 -0.1897120326757431 0.6358290910720825 -0.43461573123931885 -0.5802769064903259 -0.6517903208732605 0.48831143975257874 12.047242164611816 0.0 0.0 0.0 1.0
0.3636232316493988 -0.7149081826210022 -0.5972306132316589 0.3497790992259979 0.7312890291213989 -0.17807790637016296 0.6584106683731079 -0.5176352858543396 -0.5770567655563354 -0.6761615872383118 0.45805126428604126 12.07034683227539 0.0 0.0 0.0 1.0
0.40124204754829407 -0.698747992515564 -0.5922466516494751 0.36963748931884766 0.719027578830719 -0.16028648614883423 0.6762452125549316 -0.5314168334007263 -0.5674540996551514 -0.6971796751022339 0.43810537457466125 12.05119800567627 0.0 0.0 0.0 1.0
0.4508228600025177 -0.679688572883606 -0.5786036252975464 0.3447309136390686 0.702987551689148 -0.12909622490406036 0.6993873715400696 -0.41344714164733887 -0.5500611662864685 -0.7220509648323059 0.4196130633354187 12.142090797424316 0.0 0.0 0.0 1.0
0.7208748459815979 -0.5459529161453247 -0.42693665623664856 -0.2381049394607544 0.5187891125679016 0.016597958281636238 0.854741096496582 0.32793352007865906 -0.45956212282180786 -0.8376514315605164 0.2951994836330414 12.334066390991211 0.0 0.0 0.0 1.0
0.7439737319946289 -0.5309142470359802 -0.4057501256465912 -0.1436382234096527 0.4921908378601074 0.0247102752327919 0.870136559009552 0.42032885551452637 -0.45194169878959656 -0.8470652103424072 0.27969491481781006 12.299276351928711 0.0 0.0 0.0 1.0
0.7692268490791321 -0.5100652575492859 -0.3848680853843689 -0.04974617436528206 0.4645146429538727 0.032789867371320724 0.8849582076072693 0.44708797335624695 -0.4387666583061218 -0.8595104813575745 0.2621556222438812 12.425477027893066 0.0 0.0 0.0 1.0
0.7882049679756165 -0.4960722029209137 -0.364205002784729 0.11345837265253067 0.44036510586738586 0.04122953861951828 0.8968716263771057 0.49067386984825134 -0.4298970699310303 -0.867301881313324 0.2509502172470093 12.492067337036133 0.0 0.0 0.0 1.0
0.8018020987510681 -0.4901899993419647 -0.3417998254299164 0.23599092662334442 0.41132673621177673 0.03778959438204765 0.9107042551040649 0.3470863103866577 -0.433501660823822 -0.8707960247993469 0.2319280207157135 12.602630615234375 0.0 0.0 0.0 1.0
0.8635216355323792 -0.4027566909790039 -0.30350857973098755 0.28983408212661743 0.3363857567310333 0.011611776426434517 0.9416527152061462 -1.0952770709991455 -0.3757326304912567 -0.9152334332466125 0.14550863206386566 12.740069389343262 0.0 0.0 0.0 1.0
0.8710472583770752 -0.39703232049942017 -0.2892093360424042 0.3925049602985382 0.3253834545612335 0.02531582862138748 0.9452431797981262 -1.05769944190979 -0.3679705262184143 -0.9174554347991943 0.1512390375137329 12.601253509521484 0.0 0.0 0.0 1.0
0.8772274851799011 -0.3923265039920807 -0.27667999267578125 0.4884997010231018 0.3129359781742096 0.030244672670960426 0.9492925405502319 -1.0810948610305786 -0.3640645146369934 -0.9193286299705505 0.14930453896522522 12.505385398864746 0.0 0.0 0.0 1.0
0.8850285410881042 -0.3789183497428894 -0.27045392990112305 0.6906337141990662 0.3079638183116913 0.04086612910032272 0.9505199790000916 -1.0062354803085327 -0.34911707043647766 -0.9245273470878601 0.1528608351945877 12.411750793457031 0.0 0.0 0.0 1.0
0.8961413502693176 -0.362924188375473 -0.25537562370300293 0.8046121001243591 0.2985096573829651 0.06717414408922195 0.9520397186279297 -0.8347007036209106 -0.3283635973930359 -0.9293942451477051 0.16853390634059906 12.178812026977539 0.0 0.0 0.0 1.0
0.9644147157669067 -0.23066763579845428 -0.12921582162380219 -0.18259283900260925 0.16749735176563263 0.1548924297094345 0.9736287593841553 -0.16218654811382294 -0.20457008481025696 -0.9606252312660217 0.18801674246788025 12.18689250946045 0.0 0.0 0.0 1.0
0.9690744876861572 -0.20925594866275787 -0.13079236447811127 -0.12308156490325928 0.1630064845085144 0.14490251243114471 0.9759262800216675 -0.19057242572307587 -0.18526624143123627 -0.9670652747154236 0.17453140020370483 12.429303169250488 0.0 0.0 0.0 1.0
0.9727948904037476 -0.19449299573898315 -0.12586738169193268 -0.03703194856643677 0.15687209367752075 0.15322138369083405 0.9756609797477722 -0.11938811838626862 -0.17047365009784698 -0.9688630700111389 0.179563507437706 12.350655555725098 0.0 0.0 0.0 1.0
0.9792525172233582 -0.17739544808864594 -0.09795605391263962 -0.06805098801851273 0.125379279255867 0.15063293278217316 0.9806068539619446 -0.0674530491232872 -0.1591997891664505 -0.9725433588027954 0.1697493940591812 12.46884536743164 0.0 0.0 0.0 1.0
0.9861916303634644 -0.15022708475589752 -0.06969847530126572 -0.1608797311782837 0.09109798073768616 0.14063382148742676 0.9858617186546326 -0.14695897698402405 -0.13830116391181946 -0.9785979390144348 0.15237727761268616 12.645611763000488 0.0 0.0 0.0 1.0
0.9900367259979248 0.10894088447093964 0.08921422809362411 -1.3424136638641357 -0.10230176150798798 0.12113753706216812 0.9873499870300293 -0.7774781584739685 0.09675558656454086 -0.9866395592689514 0.13107545673847198 12.355212211608887 0.0 0.0 0.0 1.0
0.9826248288154602 0.14183668792247772 0.11971115320920944 -1.4799224138259888 -0.13564884662628174 0.10858815908432007 0.9847882986068726 -0.7862648963928223 0.1266798973083496 -0.983916163444519 0.1259414106607437 12.524388313293457 0.0 0.0 0.0 1.0
0.9747917056083679 0.16525216400623322 0.14990943670272827 -1.5001039505004883 -0.16773447394371033 0.09971790760755539 0.9807759523391724 -0.8068487644195557 0.1471266895532608 -0.9811972379684448 0.12492267787456512 12.681891441345215 0.0 0.0 0.0 1.0
0.9666749835014343 0.1886250525712967 0.1730899214744568 -1.3978742361068726 -0.1910860538482666 0.08168016374111176 0.9781689643859863 -0.9255667924880981 0.17036914825439453 -0.978646457195282 0.11500178277492523 12.932021141052246 0.0 0.0 0.0 1.0
0.9592844843864441 0.20892390608787537 0.19006328284740448 -1.1676617860794067 -0.20727932453155518 0.06365179270505905 0.9762088656425476 -1.0131800174713135 0.19185549020767212 -0.975858211517334 0.10436578094959259 13.140498161315918 0.0 0.0 0.0 1.0
0.9356944561004639 0.25050753355026245 0.24843880534172058 0.5765722990036011 -0.26069340109825134 0.016430314630270004 0.9652818441390991 -0.652846097946167 0.23772843182086945 -0.9679751992225647 0.08067941665649414 13.9707670211792 0.0 0.0 0.0 1.0
0.9415895342826843 0.24298018217086792 0.233173206448555 1.116540789604187 -0.24525348842144012 0.02027195319533348 0.969247043132782 -0.5097241997718811 0.2307809442281723 -0.9698194265365601 0.07867959886789322 13.866341590881348 0.0 0.0 0.0 1.0
0.9491764903068542 0.22236549854278564 0.22275009751319885 1.45842707157135 -0.23565548658370972 0.03294742479920387 0.9712780117988586 -0.4769468605518341 0.20863968133926392 -0.9744065403938293 0.08367457240819931 13.599259376525879 0.0 0.0 0.0 1.0
0.9517341256141663 0.20561085641384125 0.22787338495254517 1.5112113952636719 -0.24319902062416077 0.05228491127490997 0.9685662388801575 -0.5130575895309448 0.18723338842391968 -0.9772361516952515 0.09976568818092346 13.189239501953125 0.0 0.0 0.0 1.0
0.9395656585693359 0.23196081817150116 0.2518145740032196 1.1893789768218994 -0.2711445093154907 0.05506889522075653 0.9609620571136475 -0.5904479622840881 0.2090383917093277 -0.9711650609970093 0.11463574320077896 12.868051528930664 0.0 0.0 0.0 1.0
0.8007283806800842 0.42673948407173157 0.42038965225219727 0.7385903596878052 -0.4365220367908478 -0.06491219997406006 0.8973488211631775 -0.3717310130596161 0.410222589969635 -0.902042031288147 0.13430415093898773 13.66401195526123 0.0 0.0 0.0 1.0
0.7782514691352844 0.4562012255191803 0.4315148591995239 0.9796524047851562 -0.44752123951911926 -0.0791204422712326 0.8907663226127625 -0.21906577050685883 0.4405103325843811 -0.8863523006439209 0.14258414506912231 13.614667892456055 0.0 0.0 0.0 1.0
0.7561478614807129 0.4772531986236572 0.44773855805397034 1.1250579357147217 -0.4599135220050812 -0.09916336834430695 0.8824092745780945 -0.1777133345603943 0.46553194522857666 -0.8731529116630554 0.14451304078102112 13.661739349365234 0.0 0.0 0.0 1.0
0.7289888262748718 0.502105176448822 0.46525871753692627 1.1107168197631836 -0.4723483920097351 -0.12295836955308914 0.8727933764457703 -0.2640111446380615 0.4954415261745453 -0.8560208082199097 0.14753329753875732 13.726547241210938 0.0 0.0 0.0 1.0
0.7024092674255371 0.5214331150054932 0.4844880998134613 0.984222948551178 -0.49001312255859375 -0.1394382268190384 0.860490620136261 -0.3433346748352051 0.5162444710731506 -0.84182208776474 0.1575663685798645 13.7407808303833 0.0 0.0 0.0 1.0
0.43224212527275085 0.6664644479751587 0.6074470281600952 -0.28289639949798584 -0.6059191226959229 -0.284242182970047 0.7430130839347839 -0.26738035678863525 0.667853832244873 -0.6892253160476685 0.2809620797634125 12.89850902557373 0.0 0.0 0.0 1.0
0.37454941868782043 0.6877327561378479 0.6218813061714172 -0.546233594417572 -0.6334546804428101 -0.2999800741672516 0.7132651209831238 -0.3329989016056061 0.6770877838134766 -0.6610866785049438 0.3232901990413666 12.856160163879395 0.0 0.0 0.0 1.0
0.32034042477607727 0.6970701217651367 0.6414633989334106 -0.6217849254608154 -0.6551878452301025 -0.3260341286659241 0.6814914345741272 -0.5114336013793945 0.6841862797737122 -0.6385883092880249 0.3522699773311615 13.06295108795166 0.0 0.0 0.0 1.0
0.2774186134338379 0.6988375186920166 0.6592913269996643 -0.41984155774116516 -0.6596685647964478 -0.3603450059890747 0.6595368385314941 -0.8420419692993164 0.6984813809394836 -0.6178815960884094 0.36103472113609314 13.20659351348877 0.0 0.0 0.0 1.0
0.24648834764957428 0.7008832097053528 0.6693326234817505 -0.16574999690055847 -0.6625128388404846 -0.38220733404159546 0.6442005038261414 -1.0015872716903687 0.7073331475257874 -0.6022294163703918 0.37013450264930725 13.159224510192871 0.0 0.0 0.0 1.0
-0.028409216552972794 0.7053785920143127 0.708261251449585 -0.4025064706802368 -0.6900984048843384 -0.5264385342597961 0.4966152012348175 -0.8792018890380859 0.7231577038764954 -0.4746614992618561 0.5017363429069519 13.670342445373535 0.0 0.0 0.0 1.0
-0.07087063789367676 0.7062897682189941 0.7043664455413818 -0.46027758717536926 -0.7000294923782349 -0.5382583141326904 0.46929383277893066 -0.8320049047470093 0.7105885744094849 -0.45981812477111816 0.5325703620910645 13.822932243347168 0.0 0.0 0.0 1.0
-0.11092504858970642 0.7022494673728943 0.7032363414764404 -0.3007558286190033 -0.6888933181762695 -0.5643525719642639 0.4548979699611664 -0.8942949771881104 0.7163251042366028 -0.43399521708488464 0.5463757514953613 13.845617294311523 0.0 0.0 0.0 1.0
-0.15035639703273773 0.6977220773696899 0.7004119157791138 -0.15195396542549133 -0.6745840311050415 -0.5903180837631226 0.44323909282684326 -0.9223315119743347 0.7227235436439514 -0.4058428704738617 0.5594303011894226 13.71539306640625 0.0 0.0 0.0 1.0
-0.1853817105293274 0.694368302822113 0.6953317523002625 -0.1294318288564682 -0.6669554710388184 -0.6085651516914368 0.42990562319755554 -0.8041959404945374 0.7216675281524658 -0.3840586841106415 0.5759296417236328 13.596550941467285 0.0 0.0 0.0 1.0
-0.35023272037506104 0.6508581042289734 0.6735879778862 -0.3279099464416504 -0.6608380079269409 -0.6813422441482544 0.31474733352661133 -0.8651393055915833 0.6637998223304749 -0.3348976969718933 0.6687401533126831 12.903491973876953 0.0 0.0 0.0 1.0
-0.3840652108192444 0.6452115774154663 0.6604512929916382 -0.24228927493095398 -0.6549931168556213 -0.6945496797561646 0.2976319491863251 -0.8019542098045349 0.6507517695426941 -0.31828099489212036 0.6893615126609802 13.02167797088623 0.0 0.0 0.0 1.0
-0.4127075970172882 0.6414123177528381 0.6467323303222656 -0.20398740470409393 -0.6460175514221191 -0.7066628336906433 0.28859832882881165 -0.7182618379592896 0.6421322226524353 -0.2986937165260315 0.7060087323188782 13.099353790283203 0.0 0.0 0.0 1.0
-0.45197373628616333 0.6303953528404236 0.631127119064331 -0.31452521681785583 -0.6321752071380615 -0.7255280017852783 0.2719624936580658 -0.5716654658317566 0.6293442845344543 -0.2760629951953888 0.7264399528503418 13.19260025024414 0.0 0.0 0.0 1.0
-0.49644240736961365 0.6143253445625305 0.6133101582527161 -0.3883368670940399 -0.617348313331604 -0.7465515732765198 0.2480761855840683 -0.41680532693862915 0.6102671027183533 -0.2554704546928406 0.7498725652694702 13.41796588897705 0.0 0.0 0.0 1.0
-0.6834269165992737 0.5114256739616394 0.5209332704544067 -0.7047945857048035 -0.49169397354125977 -0.8499311208724976 0.1893519014120102 -0.3135259449481964 0.5395967960357666 -0.12673154473304749 0.8323307037353516 14.274032592773438 0.0 0.0 0.0 1.0
-0.7074026465415955 0.49965381622314453 0.4999275803565979 -0.8255977630615234 -0.4769385755062103 -0.8594404458999634 0.18409690260887146 -0.20003309845924377 0.5216427445411682 -0.10820411145687103 0.8462746143341064 14.270651817321777 0.0 0.0 0.0 1.0
-0.7229745388031006 0.49443358182907104 0.48253828287124634 -0.8784275650978088 -0.47210946679115295 -0.8634982705116272 0.1774355173110962 -0.11672262102365494 0.5044010877609253 -0.09952952712774277 0.857714056968689 14.328770637512207 0.0 0.0 0.0 1.0
-0.7338124513626099 0.4879840612411499 0.47264236211776733 -0.9413596987724304 -0.4660992920398712 -0.8677915930747986 0.17230570316314697 -0.09311942756175995 0.4942375123500824 -0.09385819733142853 0.8642452955245972 14.517765045166016 0.0 0.0 0.0 1.0
-0.7333991527557373 0.49216437339782715 0.46893492341041565 -0.8127713799476624 -0.47338563203811646 -0.8648214340209961 0.16730184853076935 -0.20916974544525146 0.4878849685192108 -0.09928801655769348 0.8672428131103516 14.540410041809082 0.0 0.0 0.0 1.0
-0.8368372917175293 0.4024864733219147 0.37109026312828064 -0.9195447564125061 -0.3855317234992981 -0.9145270586013794 0.12249702960252762 0.08194439113140106 0.3886755108833313 -0.04055698588490486 0.9204816818237305 14.39514446258545 0.0 0.0 0.0 1.0
-0.8594145178794861 0.36843883991241455 0.354484885931015 -0.8526208996772766 -0.34999293088912964 -0.9293636679649353 0.11742293834686279 0.1783961057662964 0.3727085590362549 -0.023152239620685577 0.9276595711708069 14.652456283569336 0.0 0.0 0.0 1.0
-0.873835027217865 0.34407493472099304 0.3435473144054413 -0.7744832634925842 -0.32694780826568604 -0.938780665397644 0.10860934108495712 0.15350066125392914 0.3598853349685669 -0.017415396869182587 0.9328339695930481 14.846111297607422 0.0 0.0 0.0 1.0
-0.8864310383796692 0.3190802037715912 0.33530256152153015 -0.6332741975784302 -0.30508822202682495 -0.947557806968689 0.0951596349477768 0.06371132284402847 0.34808212518692017 -0.017944401130080223 0.9372922778129578 15.140143394470215 0.0 0.0 0.0 1.0
-0.8925672769546509 0.3051312565803528 0.3319917619228363 -0.46786677837371826 -0.29383376240730286 -0.9520646333694458 0.08505707234144211 -0.04651810973882675 0.34203118085861206 -0.02163122221827507 0.939439594745636 15.33424186706543 0.0 0.0 0.0 1.0
-0.9224985241889954 0.24467743933200836 0.29854556918144226 -0.0810706615447998 -0.2425176352262497 -0.9691086411476135 0.04487372934818268 -0.5289860963821411 0.3003026843070984 -0.031006619334220886 0.9533398747444153 15.646549224853516 0.0 0.0 0.0 1.0
-0.9287935495376587 0.23038049042224884 0.29028838872909546 -0.1408858299255371 -0.2262822836637497 -0.9728736281394958 0.048095546662807465 -0.3759858012199402 0.29349419474601746 -0.021016286686062813 0.9557297825813293 15.714651107788086 0.0 0.0 0.0 1.0
-0.9325523972511292 0.22866840660572052 0.2793864607810974 -0.15001045167446136 -0.21961943805217743 -0.9735024571418762 0.06372040510177612 -0.16776663064956665 0.2865542471408844 -0.001936085056513548 0.9580620527267456 15.675569534301758 0.0 0.0 0.0 1.0
-0.9373872876167297 0.22110620141029358 0.2691043019294739 -0.2090587466955185 -0.2108750343322754 -0.9752324223518372 0.06673382222652435 -0.15189266204833984 0.2771944999694824 0.005808061454445124 0.9607962965965271 15.808260917663574 0.0 0.0 0.0 1.0
-0.9394611120223999 0.2159201055765152 0.2660663425922394 -0.12049468606710434 -0.20867879688739777 -0.9764053225517273 0.055549729615449905 -0.3449316620826721 0.27178287506103516 -0.0033355916384607553 0.9623528122901917 15.932985305786133 0.0 0.0 0.0 1.0
-0.9724494218826294 0.1131775751709938 0.20379626750946045 0.49584680795669556 -0.09823710471391678 -0.9917769432067871 0.08202449232339859 0.26493749022483826 0.2114037722349167 0.05974431708455086 0.9755711555480957 14.733489036560059 0.0 0.0 0.0 1.0
-0.9819875359535217 0.08351428061723709 0.16948702931404114 0.6030408143997192 -0.06993533670902252 -0.993959903717041 0.0845741331577301 0.6285540461540222 0.1755264699459076 0.07119761407375336 0.9818968176841736 15.014179229736328 0.0 0.0 0.0 1.0
-0.9864168167114258 0.0631154403090477 0.1516517549753189 0.6501011848449707 -0.05166340246796608 -0.9955897331237793 0.07830725610256195 0.5997868776321411 0.15592531859874725 0.06940875202417374 0.9853271842002869 15.147034645080566 0.0 0.0 0.0 1.0
-0.9906056523323059 0.0539860799908638 0.12564222514629364 0.5872030258178711 -0.04567603021860123 -0.9966318011283875 0.06810852885246277 0.4455769658088684 0.12889595329761505 0.06172985956072807 0.989734947681427 15.275776863098145 0.0 0.0 0.0 1.0
-0.993188202381134 0.03589974716305733 0.1108531504869461 0.539415717124939 -0.029721518978476524 -0.9979378581047058 0.05689197778701782 0.23122060298919678 0.11266695708036423 0.05320971831679344 0.9922070503234863 15.35245418548584 0.0 0.0 0.0 1.0
-0.9988541603088379 0.006003071554005146 0.047479573637247086 -0.26975277066230774 -0.006068424321711063 -0.9999808073043823 -0.0012324104318395257 -0.24986310303211212 0.047471266239881516 -0.0015191244892776012 0.9988714456558228 16.106943130493164 0.0 0.0 0.0 1.0
-0.9985528588294983 0.001919637550599873 0.053744394332170486 -0.21219171583652496 -0.0016027201199904084 -0.9999811053276062 0.005939231254160404 -0.18457520008087158 0.0537547804415226 0.005844499450176954 0.9985370635986328 15.92717456817627 0.0 0.0 0.0 1.0