-0.9983814358711243 -0.00808213371783495 -0.05629605054855347 0.5395816564559937 0.006964275613427162 -0.999775230884552 0.020024742931127548 3.1755409240722656 -0.05644524097442627 0.019600268453359604 0.9982132911682129 8.267190933227539 0.0 0.0 0.0 1.0
-0.9983803033828735 -0.007258277852088213 -0.056427884846925735 0.5422329902648926 0.006068366579711437 -0.9997562170028687 0.02123011276125908 3.1912271976470947 -0.056568220257759094 0.020853301510214806 0.9981809258460999 8.247007369995117 0.0 0.0 0.0 1.0
-0.9984211921691895 -0.007118005771189928 -0.05571785941720009 0.5484429001808167 0.005943741649389267 -0.9997572898864746 0.021212605759501457 3.203907012939453 -0.05585533007979393 0.020847942680120468 0.998221218585968 8.245077133178711 0.0 0.0 0.0 1.0
-0.9984757304191589 -0.00631335936486721 -0.05483001098036766 0.6021795272827148 0.005062100011855364 -0.999724268913269 0.02292967587709427 3.2191832065582275 -0.054959654808044434 0.022617170587182045 0.998232364654541 8.226076126098633 0.0 0.0 0.0 1.0
-0.9985671043395996 -0.005900111980736256 -0.053188204765319824 0.6583849191665649 0.004657553508877754 -0.9997140169143677 0.02345530316233635 3.2282962799072266 -0.053311385214328766 0.023173965513706207 0.9983090162277222 8.214613914489746 0.0 0.0 0.0 1.0
-0.9986427426338196 -0.005021548829972744 -0.05184100940823555 0.7385464906692505 0.003679937217384577 -0.9996566772460938 0.025942441076040268 3.2444965839385986 -0.051953479647636414 0.02571645937860012 0.9983183145523071 8.174090385437012 0.0 0.0 0.0 1.0
-0.9987103939056396 -0.0041752588003873825 -0.05059722438454628 0.8353675007820129 0.002799729583784938 -0.9996253848075867 0.02722630649805069 3.2640187740325928 -0.05069194734096527 0.027049537748098373 0.9983479380607605 8.193567276000977 0.0 0.0 0.0 1.0
-0.9988104701042175 -0.003332944354042411 -0.048647668212652206 0.9655123949050903 0.0018896068213507533 -0.9995574951171875 0.029685093089938164 3.287616491317749 -0.04872508347034454 0.029557855799794197 0.9983747601509094 8.130332946777344 0.0 0.0 0.0 1.0
-0.9988515973091125 -0.003564213402569294 -0.04777833819389343 0.9982481598854065 0.0020406681578606367 -0.9994890093803406 0.03189871087670326 3.3000733852386475 -0.04786761850118637 0.03176457807421684 0.9983484745025635 8.015159606933594 0.0 0.0 0.0 1.0
-0.9988207817077637 -0.005149936303496361 -0.048275258392095566 1.028713345527649 0.00353814079426229 -0.9994353652000427 0.03341379389166832 3.3478922843933105 -0.04842007905244827 0.03320359066128731 0.9982750415802002 7.926249980926514 0.0 0.0 0.0 1.0
-0.9987156391143799 -0.007930408231914043 -0.05004159361124039 1.1055608987808228 0.006241874303668737 -0.9994088411331177 0.033809125423431396 3.4149086475372314 -0.0502801313996315 0.03345334902405739 0.9981747269630432 7.8898491859436035 0.0 0.0 0.0 1.0
-0.9983394145965576 -0.011402118019759655 -0.05646578222513199 1.1887390613555908 0.009330905973911285 -0.999278724193573 0.03680959716439247 3.355909824371338 -0.056844763457775116 0.036221593618392944 0.9977257251739502 8.01456356048584 0.0 0.0 0.0 1.0
-0.9980472922325134 -0.01676197350025177 -0.06017140671610832 1.1345396041870117 0.014439435675740242 -0.9991415739059448 0.03882814943790436 3.2519330978393555 -0.06077059358358383 0.037883490324020386 0.9974325895309448 8.26567554473877 0.0 0.0 0.0 1.0
-0.9974201917648315 -0.02784109115600586 -0.06616492569446564 1.0237517356872559 0.025233305990695953 -0.9988839030265808 0.03992762789130211 3.129633903503418 -0.06720270961523056 0.03815506026148796 0.9970095157623291 8.513895988464355 0.0 0.0 0.0 1.0
-0.9960064888000488 -0.04223913326859474 -0.07865730673074722 0.8913367390632629 0.03913962095975876 -0.9984110593795776 0.04053918272256851 3.0475196838378906 -0.08024466782808304 0.037298671901226044 0.9960771203041077 8.7092866897583 0.0 0.0 0.0 1.0
-0.9945258498191833 -0.05425425246357918 -0.08930206298828125 0.8342201709747314 0.05071263015270233 -0.9978522062301636 0.041462719440460205 3.0298945903778076 -0.09135979413986206 0.03670700266957283 0.9951412081718445 8.827080726623535 0.0 0.0 0.0 1.0
-0.9911614656448364 -0.07586096227169037 -0.1088302880525589 0.7231401801109314 0.07135307043790817 -0.9964472651481628 0.04473966360092163 3.014629602432251 -0.11183763295412064 0.03657885640859604 0.9930530190467834 8.914412498474121 0.0 0.0 0.0 1.0
-0.9855695366859436 -0.10313208401203156 -0.13422541320323944 0.5609345436096191 0.09732470661401749 -0.9940384030342102 0.0491485632956028 3.0136942863464355 -0.13849401473999023 0.03537587821483612 0.9897312521934509 8.926094055175781 0.0 0.0 0.0 1.0
-0.977372944355011 -0.1348520964384079 -0.16296333074569702 0.4842699468135834 0.12731651961803436 -0.9902867674827576 0.055880848318338394 3.1583411693573 -0.16891607642173767 0.03386850655078888 0.9850483536720276 8.778641700744629 0.0 0.0 0.0 1.0
-0.9703405499458313 -0.15703360736370087 -0.18379248678684235 0.3425833582878113 0.14741936326026917 -0.9869397878646851 0.06494130194187164 3.1972248554229736 -0.1915900856256485 0.035920608788728714 0.9808174967765808 8.635377883911133 0.0 0.0 0.0 1.0
-0.9571998119354248 -0.19208791851997375 -0.2164965271949768 0.017505666241049767 0.17979712784290314 -0.9808177351951599 0.07529658079147339 3.0824625492095947 -0.22680719196796417 0.033148422837257385 0.9733753800392151 8.623011589050293 0.0 0.0 0.0 1.0
-0.9427433013916016 -0.22703006863594055 -0.24432024359703064 0.06362942606210709 0.2126375138759613 -0.973503589630127 0.08411909639835358 3.0155093669891357 -0.2569442093372345 0.02735106833279133 0.9660391211509705 8.507223129272461 0.0 0.0 0.0 1.0
-0.9283064603805542 -0.2608547508716583 -0.26495644450187683 0.08813801407814026 0.24309034645557404 -0.9650030136108398 0.09836817532777786 2.9958527088165283 -0.28134357929229736 0.026907453313469887 0.9592297673225403 8.371814727783203 0.0 0.0 0.0 1.0
-0.9198102355003357 -0.2799204885959625 -0.27494290471076965 0.023948129266500473 0.26015305519104004 -0.9596542119979858 0.10669652372598648 2.993999719619751 -0.2937166690826416 0.026613323017954826 0.9555220007896423 8.257936477661133 0.0 0.0 0.0 1.0
-0.90933758020401 -0.30301734805107117 -0.28510648012161255 -0.09405926614999771 0.2805836796760559 -0.9526057243347168 0.11753778159618378 2.793483018875122 -0.3072100281715393 0.026885291561484337 0.9512618780136108 8.157105445861816 0.0 0.0 0.0 1.0
-0.9011311531066895 -0.3217054009437561 -0.29063430428504944 -0.15158376097679138 0.2985366880893707 -0.946553647518158 0.12211470305919647 2.63139271736145 -0.31438592076301575 0.023276353254914284 0.9490098357200623 8.104874610900879 0.0 0.0 0.0 1.0
-0.8965805768966675 -0.33077144622802734 -0.2945054769515991 -0.143929585814476 0.3065919578075409 -0.9434333443641663 0.12623336911201477 2.70918607711792 -0.3196007013320923 0.022885369136929512 0.9472759366035461 8.048224449157715 0.0 0.0 0.0 1.0
-0.8905947804450989 -0.34027376770973206 -0.30175265669822693 -0.1655767858028412 0.31427931785583496 -0.9400413632392883 0.13247908651828766 2.927607536315918 -0.3287391662597656 0.023150555789470673 0.9441369771957397 8.080677032470703 0.0 0.0 0.0 1.0
-0.8829206228256226 -0.34716275334358215 -0.31611576676368713 -0.15408259630203247 0.31978264451026917 -0.9376031160354614 0.13652649521827698 3.1507036685943604 -0.3437880277633667 0.01945372484624386 0.9388457536697388 8.13853645324707 0.0 0.0 0.0 1.0
-0.8722959160804749 -0.35642290115356445 -0.3347574472427368 -0.02792488969862461 0.3259758949279785 -0.9341601133346558 0.14520542323589325 3.2436118125915527 -0.3644716143608093 0.01753923110663891 0.9310492873191833 8.098464012145996 0.0 0.0 0.0 1.0
-0.8635193705558777 -0.36555367708206177 -0.3474259376525879 0.0506809763610363 0.3329143226146698 -0.9306629300117493 0.15177129209041595 3.164360761642456 -0.37881699204444885 0.015394387766718864 0.9253435730934143 8.174515724182129 0.0 0.0 0.0 1.0
-0.8452950716018677 -0.3852121829986572 -0.37025368213653564 0.1027243360877037 0.34823521971702576 -0.9227676391601562 0.16502152383327484 2.926011562347412 -0.4052264094352722 0.010556507855653763 0.9141554236412048 8.055425643920898 0.0 0.0 0.0 1.0
-0.8201809525489807 -0.41187748312950134 -0.39706435799598694 0.13192330300807953 0.3709219992160797 -0.9112391471862793 0.17905332148075104 2.686537504196167 -0.435568630695343 -0.00042377912905067205 0.9001554250717163 7.783743858337402 0.0 0.0 0.0 1.0
-0.7868580222129822 -0.4461957812309265 -0.42633765935897827 0.122003473341465 0.39840030670166016 -0.8948614597320557 0.2012464702129364 2.4801952838897705 -0.47130849957466125 -0.011500656604766846 0.8818934559822083 7.370497703552246 0.0 0.0 0.0 1.0
-0.7590213418006897 -0.47029826045036316 -0.4502290189266205 0.13540950417518616 0.4194808304309845 -0.8821173906326294 0.2142540067434311 2.4618332386016846 -0.49791812896728516 -0.02623908221721649 0.8668270111083984 7.2105631828308105 0.0 0.0 0.0 1.0
-0.7121451497077942 -0.5083322525024414 -0.4841979742050171 0.26733794808387756 0.45151689648628235 -0.8597808480262756 0.238556906580925 2.5497114658355713 -0.5375702977180481 -0.04873641952872276 0.8418093323707581 7.0597968101501465 0.0 0.0 0.0 1.0
-0.6592737436294556 -0.5459974408149719 -0.5169574022293091 0.3875047564506531 0.48153966665267944 -0.8346319794654846 0.2674116790294647 2.6025216579437256 -0.5774752497673035 -0.07263801246881485 0.8131703734397888 6.961671352386475 0.0 0.0 0.0 1.0
-0.6210626363754272 -0.5713058710098267 -0.5365545749664307 0.354336678981781 0.5013943910598755 -0.8157879114151001 0.2882597744464874 2.5685882568359375 -0.6023992896080017 -0.08999809622764587 0.7931049466133118 7.026298522949219 0.0 0.0 0.0 1.0
-0.5639431476593018 -0.6057663559913635 -0.5612621903419495 0.08964946866035461 0.5294556021690369 -0.7868020534515381 0.31720542907714844 2.537898063659668 -0.6337546110153198 -0.11827754974365234 0.7644380331039429 7.276914119720459 0.0 0.0 0.0 1.0
-0.5131511092185974 -0.6325141787528992 -0.580173909664154 -0.2794415354728699 0.5523653030395508 -0.7607454657554626 0.34082093834877014 2.562621831893921 -0.6569387316703796 -0.14557531476020813 0.7397562861442566 7.518415451049805 0.0 0.0 0.0 1.0
-0.4751555919647217 -0.6511503458023071 -0.5918026566505432 -0.5648161768913269 0.5685305595397949 -0.7405272126197815 0.35831889510154724 2.571674346923828 -0.6715654730796814 -0.1662006825208664 0.7220644950866699 7.614261150360107 0.0 0.0 0.0 1.0
-0.45655301213264465 -0.658360481262207 -0.5984319448471069 -0.6658090949058533 0.5743711590766907 -0.7317823767662048 0.3668683171272278 2.5529348850250244 -0.6794535517692566 -0.17622719705104828 0.7122406959533691 7.55236291885376 0.0 0.0 0.0 1.0
-0.43874818086624146 -0.6647776961326599 -0.6046243906021118 -0.5807457566261292 0.5805498361587524 -0.7232720851898193 0.3739510476589203 2.457766056060791 -0.6859022378921509 -0.18694426119327545 0.7032709121704102 7.616698265075684 0.0 0.0 0.0 1.0
-0.4334986209869385 -0.6680519580841064 -0.6048020124435425 -0.47935035824775696 0.5880283117294312 -0.7182670831680298 0.3719073235988617 2.385272264480591 -0.6828628182411194 -0.19441941380500793 0.7042012810707092 7.465681552886963 0.0 0.0 0.0 1.0
-0.4360606372356415 -0.6638742089271545 -0.6075541973114014 -0.23575159907341003 0.5932748913764954 -0.7197096943855286 0.3606145679950714 2.40030574798584 -0.6766653656959534 -0.20319683849811554 0.7076969742774963 7.526134490966797 0.0 0.0 0.0 1.0
-0.4382076561450958 -0.6585047245025635 -0.6118378639221191 0.10909644514322281 0.5895520448684692 -0.7243701815605164 0.35737404227256775 2.472216844558716 -0.6785296201705933 -0.20410621166229248 0.705647349357605 7.434247016906738 0.0 0.0 0.0 1.0
-0.43008676171302795 -0.6600096821784973 -0.6159647703170776 0.6890770792961121 0.5818032026290894 -0.7243446111679077 0.3699052929878235 2.591195583343506 -0.690311849117279 -0.19927889108657837 0.6955267786979675 7.102969646453857 0.0 0.0 0.0 1.0
-0.4047863781452179 -0.6739568710327148 -0.6180049180984497 1.0704083442687988 0.5835017561912537 -0.7107415199279785 0.39290231466293335 2.5444846153259277 -0.7040410041809082 -0.2015654742717743 0.6809535026550293 6.733936309814453 0.0 0.0 0.0 1.0
-0.3628096580505371 -0.6908246278762817 -0.6254042387008667 1.4329603910446167 0.5974747538566589 -0.6874810457229614 0.4127877950668335 2.3149876594543457 -0.7151175141334534 -0.22389984130859375 0.6621750593185425 6.473420143127441 0.0 0.0 0.0 1.0
-0.3236728310585022 -0.7050548195838928 -0.6309782862663269 1.6854335069656372 0.6103789210319519 -0.6651496887207031 0.4301319122314453 2.188903570175171 -0.7229616045951843 -0.2459138184785843 0.6456414461135864 6.324202060699463 0.0 0.0 0.0 1.0
-0.24977441132068634 -0.7261378765106201 -0.6405751705169678 1.8065201044082642 0.6327656507492065 -0.623153567314148 0.4596599340438843 2.1304633617401123 -0.7329531908035278 -0.29052266478538513 0.61512291431427 6.290966510772705 0.0 0.0 0.0 1.0
-0.17321136593818665 -0.7396351099014282 -0.6503366231918335 1.7632803916931152 0.6566436886787415 -0.5788660049438477 0.48345962166786194 2.0231504440307617 -0.7340414524078369 -0.3432987332344055 0.5859429240226746 6.47532844543457 0.0 0.0 0.0 1.0
-0.12645001709461212 -0.7440224885940552 -0.6560800075531006 1.7549293041229248 0.6705392003059387 -0.5515102744102478 0.4961991310119629 1.9743518829345703 -0.7310181856155396 -0.3771829903125763 0.5686347484588623 6.461806297302246 0.0 0.0 0.0 1.0
-0.06152823567390442 -0.7484951019287109 -0.6602797508239746 1.5617259740829468 0.6806734204292297 -0.515301525592804 0.5207187533378601 2.0494039058685303 -0.7299986481666565 -0.4173959493637085 0.5411862730979919 6.392383575439453 0.0 0.0 0.0 1.0
-0.009334702976047993 -0.7550811171531677 -0.6555649042129517 1.278377652168274 0.6771534085273743 -0.48716863989830017 0.5514798164367676 2.2495901584625244 -0.7357826232910156 -0.4387701153755188 0.5158533453941345 6.204769134521484 0.0 0.0 0.0 1.0
0.023890594020485878 -0.7696588039398193 -0.6380082964897156 0.9875833988189697 0.6746599078178406 -0.4585418105125427 0.5784232020378113 2.423823118209839 -0.7377419471740723 -0.4442574977874756 0.5083031058311462 5.856954574584961 0.0 0.0 0.0 1.0
0.03192165493965149 -0.7751255631446838 -0.631000280380249 0.8983922600746155 0.6797455549240112 -0.44600269198417664 0.5822607278823853 2.431037664413452 -0.7327529788017273 -0.4475063681602478 0.5126510262489319 5.694500923156738 0.0 0.0 0.0 1.0
0.04287184029817581 -0.7769162654876709 -0.6281425952911377 0.8219184875488281 0.6843640804290771 -0.4352170526981354 0.5850058794021606 2.344615936279297 -0.727878987789154 -0.4549585282802582 0.513034999370575 5.576675891876221 0.0 0.0 0.0 1.0
0.06174372509121895 -0.7750189900398254 -0.6289143562316895 0.6150385141372681 0.6829867362976074 -0.4266781806945801 0.5928531289100647 2.221923589706421 -0.7278164625167847 -0.4661451280117035 0.5029829740524292 5.555521488189697 0.0 0.0 0.0 1.0
0.08471410721540451 -0.7733196020126343 -0.6283313632011414 0.4059608578681946 0.6806231737136841 -0.41564345359802246 0.6033179759979248 2.1805191040039062 -0.7277194261550903 -0.47876644134521484 0.49112841486930847 5.491971969604492 0.0 0.0 0.0 1.0
0.10641635209321976 -0.77402663230896 -0.624146044254303 0.3352816104888916 0.6779686212539673 -0.40268751978874207 0.6149807572364807 2.185525894165039 -0.7273473143577576 -0.48859545588493347 0.4819132387638092 5.308468818664551 0.0 0.0 0.0 1.0
0.15403065085411072 -0.7696769833564758 -0.6195739507675171 0.24793347716331482 0.6727196574211121 -0.3775823712348938 0.6363016366958618 2.133620023727417 -0.723686933517456 -0.5148095488548279 0.45961758494377136 5.107717990875244 0.0 0.0 0.0 1.0
0.21392540633678436 -0.7584834098815918 -0.6155800819396973 0.1518547534942627 0.6702240705490112 -0.3444823622703552 0.6573671698570251 2.1016416549682617 -0.7106585502624512 -0.5532041192054749 0.43466031551361084 4.982120990753174 0.0 0.0 0.0 1.0
0.2607176601886749 -0.7471286058425903 -0.6114124655723572 0.11998552829027176 0.6662693619728088 -0.3190690577030182 0.674003005027771 2.2276968955993652 -0.6986497044563293 -0.5830898880958557 0.4146019518375397 4.8374552726745605 0.0 0.0 0.0 1.0
0.33220091462135315 -0.7235777378082275 -0.6050436496734619 -0.11855454742908478 0.6547459959983826 -0.2848344147205353 0.7001264095306396 2.3569679260253906 -0.6789331436157227 -0.6287325620651245 0.3791373670101166 4.934615135192871 0.0 0.0 0.0 1.0
0.4007178544998169 -0.6942560076713562 -0.5978577136993408 -0.32213932275772095 0.6386308670043945 -0.2562367618083954 0.7255985736846924 2.4006223678588867 -0.6569442749023438 -0.6725707054138184 0.3406946659088135 5.219872951507568 0.0 0.0 0.0 1.0
0.45997801423072815 -0.6654416918754578 -0.5878840088844299 -0.36271029710769653 0.6189768314361572 -0.23439061641693115 0.7496190071105957 2.391819953918457 -0.6366222500801086 -0.7086948752403259 0.30407845973968506 5.586544513702393 0.0 0.0 0.0 1.0
0.4941762089729309 -0.6473110914230347 -0.5803259611129761 -0.42717623710632324 0.6066082119941711 -0.22142672538757324 0.7635421752929688 2.3069260120391846 -0.6227490305900574 -0.7293548583984375 0.283240407705307 5.966176509857178 0.0 0.0 0.0 1.0
0.5381510853767395 -0.6233162879943848 -0.5673360824584961 -0.49257975816726685 0.5901098251342773 -0.20196928083896637 0.7816513180732727 2.270634651184082 -0.6018004417419434 -0.7554370760917664 0.25913509726524353 6.344919681549072 0.0 0.0 0.0 1.0
0.5723719596862793 -0.6073980331420898 -0.5508702397346497 -0.5429294109344482 0.5757688283920288 -0.18063177168369293 0.7974098324775696 2.3376705646514893 -0.5838497877120972 -0.7735888957977295 0.2463322877883911 6.570272922515869 0.0 0.0 0.0 1.0
0.5959511399269104 -0.5995631217956543 -0.5341969132423401 -0.6497260332107544 0.56648850440979 -0.15759915113449097 0.8088592290878296 2.400676965713501 -0.5691511034965515 -0.7846570014953613 0.24572421610355377 6.49202299118042 0.0 0.0 0.0 1.0
0.606796383857727 -0.5970751643180847 -0.524689793586731 -0.740153431892395 0.5617326498031616 -0.14490365982055664 0.8145301938056946 2.4031851291656494 -0.5623652338981628 -0.7889893054962158 0.24746960401535034 6.350915431976318 0.0 0.0 0.0 1.0
0.6202580332756042 -0.5931259393692017 -0.5133045315742493 -0.7879294157028198 0.5542148351669312 -0.13171225786209106 0.8218867182731628 2.2617220878601074 -0.5550908446311951 -0.7942628860473633 0.24702361226081848 6.19087553024292 0.0 0.0 0.0 1.0
0.6358910202980042 -0.5874626636505127 -0.500529944896698 -0.9338594675064087 0.5414599776268005 -0.12256676703691483 0.8317442536354065 2.0706615447998047 -0.5499670505523682 -0.799915611743927 0.2401484251022339 6.018338203430176 0.0 0.0 0.0 1.0
0.6487138867378235 -0.5821013450622559 -0.4902328550815582 -1.1512503623962402 0.5305315256118774 -0.11593382060527802 0.8396997451782227 1.8906686305999756 -0.5456249117851257 -0.8048089146614075 0.23361524939537048 5.8411173820495605 0.0 0.0 0.0 1.0
0.6737898588180542 -0.5685315728187561 -0.4719947874546051 -1.3591725826263428 0.5109916925430298 -0.10289927572011948 0.8534045219421387 1.771579623222351 -0.533755362033844 -0.8162006735801697 0.2211824208498001 5.503658294677734 0.0 0.0 0.0 1.0
0.7070187926292419 -0.5472782850265503 -0.4478961229324341 -1.419534683227539 0.4864088296890259 -0.0834183469414711 0.8697400689125061 1.7566053867340088 -0.5133525729179382 -0.8327832221984863 0.20722264051437378 5.033934593200684 0.0 0.0 0.0 1.0
0.74606853723526 -0.5131357312202454 -0.4243506193161011 -1.364985466003418 0.45980358123779297 -0.06393842399120331 0.8857158422470093 1.6550674438476562 -0.4816247522830963 -0.8559226393699646 0.1882392019033432 4.831734657287598 0.0 0.0 0.0 1.0
0.7738440632820129 -0.4852825403213501 -0.4070211946964264 -1.2169523239135742 0.4404997229576111 -0.04939946159720421 0.8963925838470459 1.6698272228240967 -0.4551103115081787 -0.8729608058929443 0.17553935945034027 4.797684669494629 0.0 0.0 0.0 1.0
0.8129310011863708 -0.44183140993118286 -0.37937864661216736 -1.084967851638794 0.40854859352111816 -0.03155931457877159 0.9121907949447632 1.8604131937026978 -0.41500747203826904 -0.8965427875518799 0.15485405921936035 4.706172466278076 0.0 0.0 0.0 1.0
0.8472511768341064 -0.39920753240585327 -0.3504265248775482 -0.979786217212677 0.37377142906188965 -0.02071242779493332 0.9272895455360413 1.900253415107727 -0.37743914127349854 -0.9166266322135925 0.1316637396812439 4.827298641204834 0.0 0.0 0.0 1.0
0.8757144808769226 -0.35996732115745544 -0.3217882215976715 -0.7696970701217651 0.3396874964237213 -0.014306479133665562 0.9404295682907104 1.8709425926208496 -0.3431275486946106 -0.9328551888465881 0.10974801331758499 5.113475799560547 0.0 0.0 0.0 1.0
0.8912778496742249 -0.33695292472839355 -0.30345770716667175 -0.620625913143158 0.3187352120876312 -0.010480036959052086 0.9477858543395996 1.8178775310516357 -0.32253947854042053 -0.9414631724357605 0.09805814176797867 5.339905261993408 0.0 0.0 0.0 1.0
0.9100369811058044 -0.30642202496528625 -0.27917420864105225 -0.4926709532737732 0.2920905649662018 -0.0038646694738417864 0.9563828706741333 1.7785040140151978 -0.2941356897354126 -0.9518879055976868 0.08598598837852478 5.685891628265381 0.0 0.0 0.0 1.0
0.9231634140014648 -0.28291839361190796 -0.2602430582046509 -0.4487161636352539 0.27203476428985596 0.0024910990614444017 0.9622842073440552 1.8574466705322266 -0.2715996205806732 -0.9591407775878906 0.07926333695650101 5.872726917266846 0.0 0.0 0.0 1.0
0.9289078116416931 -0.2726045846939087 -0.2506332993507385 -0.46146515011787415 0.2622206211090088 0.00631254818290472 0.9649872779846191 1.85757315158844 -0.26147782802581787 -0.9621054530143738 0.0773463249206543 6.00628137588501 0.0 0.0 0.0 1.0
0.9347500801086426 -0.2621224522590637 -0.23986268043518066 -0.5620929598808289 0.2507573962211609 0.008412896655499935 0.9680134057998657 1.6783969402313232 -0.2517201006412506 -0.9649979472160339 0.07359310239553452 6.110184192657471 0.0 0.0 0.0 1.0
0.939107358455658 -0.25392359495162964 -0.23151719570159912 -0.7022179365158081 0.2418704479932785 0.009888233616948128 0.9702581763267517 1.4694161415100098 -0.24408215284347534 -0.9671737551689148 0.07070273160934448 6.125609397888184 0.0 0.0 0.0 1.0
0.9439725875854492 -0.2453967183828354 -0.22067219018936157 -0.765396237373352 0.23050865530967712 0.011735792271792889 0.9729995131492615 1.4148120880126953 -0.2361811250448227 -0.9693517088890076 0.06764433532953262 6.0244059562683105 0.0 0.0 0.0 1.0
0.9482037425041199 -0.2373264729976654 -0.21115343272686005 -0.7182391285896301 0.22080060839653015 0.014515142887830734 0.975210964679718 1.4014254808425903 -0.22837844491004944 -0.9713215231895447 0.06616514176130295 5.898735523223877 0.0 0.0 0.0 1.0
0.9566366076469421 -0.21805505454540253 -0.1931277960538864 -0.6212558150291443 0.20239906013011932 0.02079448290169239 0.9790823459625244 1.3787169456481934 -0.20947785675525665 -0.975714921951294 0.06402689963579178 5.62092924118042 0.0 0.0 0.0 1.0
0.9677347540855408 -0.1868821382522583 -0.16901053488254547 -0.5069228410720825 0.17734774947166443 0.02870756946504116 0.9837294816970825 1.2243664264678955 -0.17898957431316376 -0.9819628000259399 0.06092443689703941 5.226419448852539 0.0 0.0 0.0 1.0
0.979494571685791 -0.14326241612434387 -0.14165537059307098 -0.314662367105484 0.14794687926769257 0.03420638293027878 0.9884035587310791 0.9752010703086853 -0.13675557076931 -0.9890934228897095 0.05470019578933716 5.050385475158691 0.0 0.0 0.0 1.0
0.9865787029266357 -0.10890559107065201 -0.12166351824998856 -0.0845763087272644 0.12642279267311096 0.03789312019944191 0.9912524223327637 0.9259095191955566 -0.10334271937608719 -0.9933295845985413 0.05115269124507904 4.999287128448486 0.0 0.0 0.0 1.0
0.9945988655090332 -0.056225501000881195 -0.08724582940340042 0.22665606439113617 0.08969423174858093 0.04259839281439781 0.9950579404830933 1.065751552581787 -0.05223109945654869 -0.9975089430809021 0.047411415725946426 4.93816614151001 0.0 0.0 0.0 1.0
0.998734712600708 -0.00582073163241148 -0.04995061457157135 0.5029840469360352 0.05016173794865608 0.04479529336094856 0.9977360367774963 1.110477089881897 -0.003570001106709242 -0.9989792108535767 0.04503059387207031 4.987733364105225 0.0 0.0 0.0 1.0
0.9989612698554993 0.043484847992658615 -0.013617090880870819 0.8208616971969604 0.011675945483148098 0.044585712254047394 0.9989373087882996 1.0209612846374512 0.044045768678188324 -0.9980587363243103 0.04403167590498924 5.37168550491333 0.0 0.0 0.0 1.0
0.997269332408905 0.07328972220420837 0.009080405347049236 0.9598968029022217 -0.012304199859499931 0.04365606978535652 0.9989708662033081 0.9963063597679138 0.07281788438558578 -0.9963547587394714 0.04443863034248352 5.596765995025635 0.0 0.0 0.0 1.0
0.9927688241004944 0.1128782406449318 0.04084832966327667 0.9059930443763733 -0.04571915417909622 0.040903884917497635 0.9981165528297424 1.0613797903060913 0.11099477857351303 -0.9927664995193481 0.045768801122903824 5.829994201660156 0.0 0.0 0.0 1.0
0.9872913956642151 0.14418308436870575 0.06683528423309326 0.676620602607727 -0.07329738140106201 0.03997655585408211 0.9965085983276367 1.1102402210235596 0.14100784063339233 -0.9887431859970093 0.050036750733852386 5.876668453216553 0.0 0.0 0.0 1.0
0.9837411046028137 0.16020885109901428 0.08115766197443008 0.5679512619972229 -0.08842583745718002 0.038759440183639526 0.9953283667564392 1.0953401327133179 0.15631479024887085 -0.9863218665122986 0.052295856177806854 5.8197550773620605 0.0 0.0 0.0 1.0
0.9793232083320618 0.17740623652935028 0.09722672402858734 0.5382577180862427 -0.10562452673912048 0.03850032389163971 0.9936605095863342 0.9631587862968445 0.17253831028938293 -0.9833843111991882 0.056442711502313614 5.604430198669434 0.0 0.0 0.0 1.0
0.9757876396179199 0.18939796090126038 0.10939306765794754 0.6186180114746094 -0.11870656162500381 0.03851442039012909 0.9921821355819702 0.8673330545425415 0.18370406329631805 -0.9811447858810425 0.06006467714905739 5.294445514678955 0.0 0.0 0.0 1.0
0.9722140431404114 0.19954326748847961 0.12240234762430191 0.5601359009742737 -0.1326976716518402 0.03901241347193718 0.9903885126113892 0.808120608329773 0.19285014271736145 -0.9791120886802673 0.0644073411822319 5.0853447914123535 0.0 0.0 0.0 1.0
0.9688860774040222 0.20808202028274536 0.13402098417282104 0.45572757720947266 -0.14496740698814392 0.03820885717868805 0.988698422908783 0.7293263077735901 0.20060956478118896 -0.9773647785186768 0.06718514114618301 4.925588130950928 0.0 0.0 0.0 1.0
0.9606342911720276 0.2293323427438736 0.15680713951587677 0.41763991117477417 -0.16945672035217285 0.03641942888498306 0.9848644733428955 0.6774839162826538 0.2201504409313202 -0.9726666212081909 0.07384765893220901 4.642502784729004 0.0 0.0 0.0 1.0
0.9462813138961792 0.261555552482605 0.19010621309280396 0.49818694591522217 -0.2052702009677887 0.03166750445961952 0.9781928658485413 0.6196884512901306 0.24983158707618713 -0.9646688103675842 0.0836559310555458 4.18952751159668 0.0 0.0 0.0 1.0
0.9234728217124939 0.30713987350463867 0.22991977632045746 0.6249445676803589 -0.24847829341888428 0.022180235013365746 0.9683834910392761 0.40813663601875305 0.29232949018478394 -0.9514058828353882 0.09680043160915375 3.996626615524292 0.0 0.0 0.0 1.0
0.9034174084663391 0.3428843319416046 0.25742432475090027 0.6675100326538086 -0.2785453200340271 0.01291630882769823 0.9603362083435059 0.3385024666786194 0.3259592652320862 -0.939288854598999 0.10717764496803284 3.979233741760254 0.0 0.0 0.0 1.0
0.8666743040084839 0.39901167154312134 0.2994418144226074 0.45238322019577026 -0.3228698670864105 -0.008944735862314701 0.9464011192321777 0.18990567326545715 0.3803035020828247 -0.9169022440910339 0.12107666581869125 4.134397506713867 0.0 0.0 0.0 1.0
0.8255966901779175 0.4507870674133301 0.33938345313072205 0.3346003293991089 -0.364059180021286 -0.03397853299975395 0.9307557940483093 0.007321142591536045 0.431104451417923 -0.8919845819473267 0.13606061041355133 4.393128871917725 0.0 0.0 0.0 1.0
0.797701358795166 0.4811531603336334 0.36354395747184753 0.431951642036438 -0.38815590739250183 -0.05170818045735359 0.9201419949531555 -0.03833397105336189 0.46152740716934204 -0.8751102089881897 0.14551475644111633 4.56057596206665 0.0 0.0 0.0 1.0
0.7575409412384033 0.5196102857589722 0.3951415717601776 0.4096457064151764 -0.41965290904045105 -0.0760178416967392 0.9044958353042603 -0.010962588712573051 0.5000231266021729 -0.8510149717330933 0.16046932339668274 4.857507228851318 0.0 0.0 0.0 1.0
0.7216594219207764 0.5515817999839783 0.4182884693145752 0.24763928353786469 -0.44431552290916443 -0.09428632259368896 0.8908949494361877 0.1414765566587448 0.5308403372764587 -0.8287747502326965 0.17703373730182648 5.009803295135498 0.0 0.0 0.0 1.0
0.6932183504104614 0.5770537257194519 0.4318070113658905 0.02274179458618164 -0.4620494246482849 -0.1039886623620987 0.8807364702224731 0.2698777914047241 0.553135335445404 -0.8100588321685791 0.19454051554203033 4.971623420715332 0.0 0.0 0.0 1.0
0.6803448796272278 0.5884587168693542 0.4368606507778168 -0.10055914521217346 -0.47038811445236206 -0.10649547725915909 0.8760101199150085 0.2573532462120056 0.5620194673538208 -0.8014830350875854 0.2043503373861313 4.837246417999268 0.0 0.0 0.0 1.0
0.6662585735321045 0.5987148880958557 0.44456717371940613 -0.24296678602695465 -0.48326683044433594 -0.10737577825784683 0.8688634037971497 0.12918785214424133 0.5679371953010559 -0.793732225894928 0.21779903769493103 4.583038330078125 0.0 0.0 0.0 1.0
0.6545224189758301 0.6038472056388855 0.4549383521080017 -0.34067264199256897 -0.49797317385673523 -0.1084500253200531 0.8603844046592712 0.13822294771671295 0.5688788294792175 -0.789687991142273 0.22971674799919128 4.377665996551514 0.0 0.0 0.0 1.0
0.6462540030479431 0.6114035248756409 0.45666342973709106 -0.412290096282959 -0.5004059076309204 -0.1122777909040451 0.8584798574447632 0.20532792806625366 0.5761507749557495 -0.7833130955696106 0.2333899736404419 4.213010787963867 0.0 0.0 0.0 1.0
0.6351587772369385 0.6229724287986755 0.45659470558166504 -0.3644236922264099 -0.5013570189476013 -0.1171555295586586 0.8572722673416138 0.21421101689338684 0.5875495672225952 -0.7734209299087524 0.23791925609111786 4.070363521575928 0.0 0.0 0.0 1.0
0.5975846648216248 0.649871289730072 0.46963804960250854 -0.16390284895896912 -0.5210755467414856 -0.13040722906589508 0.8434893488883972 0.18855659663677216 0.609403669834137 -0.7487731575965881 0.2607026696205139 3.7653164863586426 0.0 0.0 0.0 1.0
0.5386326909065247 0.6827645897865295 0.49366724491119385 -0.033242516219615936 -0.5459810495376587 -0.1634047031402588 0.8217077255249023 0.043952133506536484 0.6417005062103271 -0.7121316194534302 0.2847614288330078 3.6062114238739014 0.0 0.0 0.0 1.0
0.48810675740242004 0.70582515001297 0.5133835077285767 0.017779864370822906 -0.5647056102752686 -0.19309905171394348 0.8023841381072998 0.051401663571596146 0.6654767990112305 -0.681559681892395 0.3043304681777954 3.5829408168792725 0.0 0.0 0.0 1.0
0.4010315239429474 0.7415252923965454 0.5378791093826294 -0.1532905101776123 -0.5904453992843628 -0.23969070613384247 0.7706637382507324 0.18649837374687195 0.7003912925720215 -0.6266486644744873 0.34170666337013245 3.4889650344848633 0.0 0.0 0.0 1.0
0.3164338767528534 0.7679343223571777 0.5569080114364624 -0.534471869468689 -0.6008522510528564 -0.29203933477401733 0.7441032528877258 0.12751246988773346 0.7340614199638367 -0.5700788497924805 0.36900392174720764 3.7121429443359375 0.0 0.0 0.0 1.0
0.24548649787902832 0.7795999646186829 0.5761599540710449 -0.6345537304878235 -0.6128489375114441 -0.3356967568397522 0.7153487801551819 0.0274345763027668 0.7511008977890015 -0.5287075042724609 0.3953680098056793 3.9392921924591064 0.0 0.0 0.0 1.0
0.2012566477060318 0.7840556502342224 0.5871562957763672 -0.7023797631263733 -0.6227869391441345 -0.36024540662765503 0.6945211887359619 0.04305141791701317 0.7560635805130005 -0.5054502487182617 0.4157978594303131 4.020480632781982 0.0 0.0 0.0 1.0
0.14119383692741394 0.7879988551139832 0.5992680191993713 -0.9488674402236938 -0.6314058303833008 -0.3945509195327759 0.6675748825073242 0.07734214514493942 0.7624899744987488 -0.4726387858390808 0.4418388903141022 4.07728910446167 0.0 0.0 0.0 1.0
0.09892422705888748 0.7880311608314514 0.607635498046875 -1.2822628021240234 -0.6316665410995483 -0.4221014380455017 0.6502520442008972 0.14236098527908325 0.7689027190208435 -0.4481486976146698 0.45601686835289 3.995532512664795 0.0 0.0 0.0 1.0
0.08219903707504272 0.7849521636962891 0.6140792965888977 -1.3524398803710938 -0.6312177181243896 -0.4358181655406952 0.6415814161300659 0.20127303898334503 0.7712376713752747 -0.440355122089386 0.4596518874168396 3.9278407096862793 0.0 0.0 0.0 1.0
0.08075937628746033 0.7821686267852783 0.6178107857704163 -1.2394975423812866 -0.6348713040351868 -0.43746688961982727 0.6368368268013 0.2248576283454895 0.7683855295181274 -0.4436608850955963 0.4612468481063843 3.9959402084350586 0.0 0.0 0.0 1.0
0.0779324620962143 0.7797402143478394 0.6212340593338013 -1.1261577606201172 -0.6435842514038086 -0.4365485608577728 0.6286689639091492 0.18301060795783997 0.7613973021507263 -0.4488101899623871 0.46780723333358765 4.406332492828369 0.0 0.0 0.0 1.0
0.06603001058101654 0.7781509160995483 0.6245967745780945 -1.0706048011779785 -0.6405852437019348 -0.4468775689601898 0.6244605183601379 0.0819232240319252 0.7650428414344788 -0.4413406252861023 0.46896469593048096 4.849915027618408 0.0 0.0 0.0 1.0
0.050160735845565796 0.7763047814369202 0.6283588409423828 -0.9059857130050659 -0.6362566947937012 -0.4601207375526428 0.6192465424537659 -0.005920842289924622 0.7698449492454529 -0.43085938692092896 0.4708491265773773 5.047379493713379 0.0 0.0 0.0 1.0
0.006128436885774136 0.7717540264129639 0.6358916163444519 -0.6579108834266663 -0.6363492608070374 -0.48752057552337646 0.5978154540061951 -0.020689187571406364 0.7713767290115356 -0.4083128273487091 0.48811736702919006 5.100668907165527 0.0 0.0 0.0 1.0
-0.06442467123270035 0.7665364146232605 0.6389611959457397 -0.5421179533004761 -0.6393475532531738 -0.5233266949653625 0.5633506178855896 0.15289050340652466 0.7662141919136047 -0.3722245693206787 0.5237982869148254 4.892849445343018 0.0 0.0 0.0 1.0
-0.15140685439109802 0.7634195685386658 0.6279065012931824 -0.572966456413269 -0.6399351358413696 -0.5598449110984802 0.5263617634773254 0.4691391885280609 0.753365159034729 -0.3221246302127838 0.5733033418655396 4.576694488525391 0.0 0.0 0.0 1.0
-0.20712223649024963 0.7562158703804016 0.6206753849983215 -0.7368751168251038 -0.6295626163482666 -0.5886427760124207 0.5071001648902893 0.5187623500823975 0.7488332986831665 -0.2857222855091095 0.5980062484741211 4.461960315704346 0.0 0.0 0.0 1.0
-0.2736974358558655 0.7335517406463623 0.6220864653587341 -0.7855353951454163 -0.6049688458442688 -0.6341157555580139 0.48157018423080444 0.39025869965553284 0.7477315068244934 -0.24453841149806976 0.6173318028450012 4.6012983322143555 0.0 0.0 0.0 1.0
-0.3401733636856079 0.7152109742164612 0.6105369329452515 -0.7209835052490234 -0.5922813415527344 -0.6672486066818237 0.45164376497268677 0.2918448746204376 0.7304005026817322 -0.207972452044487 0.6505863666534424 4.673392295837402 0.0 0.0 0.0 1.0
-0.40508073568344116 0.6964986324310303 0.5922831296920776 -0.8660072684288025 -0.5671905279159546 -0.6995263695716858 0.43469274044036865 0.23395724594593048 0.7170805335044861 -0.15985171496868134 0.6784120202064514 4.6929497718811035 0.0 0.0 0.0 1.0
-0.4413180947303772 0.6814457178115845 0.5838407874107361 -1.047470211982727 -0.5456622242927551 -0.7203062772750854 0.4282657504081726 0.19661347568035126 0.7123841047286987 -0.12957844138145447 0.6897233724594116 4.795703411102295 0.0 0.0 0.0 1.0
-0.4825306534767151 0.6625683307647705 0.5728589296340942 -1.3274743556976318 -0.5245802402496338 -0.7423754334449768 0.41676652431488037 0.21439562737941742 0.7014126777648926 -0.0994078665971756 0.7057891488075256 4.81901741027832 0.0 0.0 0.0 1.0
-0.5037477016448975 0.6553680300712585 0.5627886056900024 -1.501482605934143 -0.5229797959327698 -0.7499000430107117 0.40514445304870605 0.29183122515678406 0.6875539422035217 -0.09023647010326385 0.720504641532898 4.626586437225342 0.0 0.0 0.0 1.0
-0.5074482560157776 0.6568600535392761 0.5577016472816467 -1.5348573923110962 -0.5287913680076599 -0.7484081983566284 0.40033087134361267 0.3792991042137146 0.6803498864173889 -0.09176064282655716 0.7271203994750977 4.437559604644775 0.0 0.0 0.0 1.0
-0.5087929368019104 0.6632935404777527 0.5487908720970154 -1.4022470712661743 -0.5408502817153931 -0.7422412037849426 0.39567530155181885 0.5320721864700317 0.6697840690612793 -0.09549689292907715 0.7363895773887634 4.313297271728516 0.0 0.0 0.0 1.0
-0.5149127244949341 0.6670379638671875 0.5384470820426941 -1.271439790725708 -0.5479910969734192 -0.7391446232795715 0.3916260600090027 0.800013542175293 0.6592196822166443 -0.09341096132993698 0.7461258769035339 4.316750526428223 0.0 0.0 0.0 1.0
-0.5363429188728333 0.6604778170585632 0.5254572629928589 -0.9007885456085205 -0.5476400256156921 -0.7460640072822571 0.37878599762916565 1.0307807922363281 0.6422045230865479 -0.08460225909948349 0.7618502378463745 4.378546237945557 0.0 0.0 0.0 1.0
-0.5607388019561768 0.6473981738090515 0.5161855816841125 -0.7334994077682495 -0.5395175218582153 -0.7585864663124084 0.3653319478034973 1.0171325206756592 0.6280866265296936 -0.07363535463809967 0.7746515274047852 4.425417900085449 0.0 0.0 0.0 1.0
-0.6101400256156921 0.6138896346092224 0.5008678436279297 -0.7280505299568176 -0.5112479329109192 -0.7880052328109741 0.34303542971611023 0.8550813794136047 0.6052724123001099 -0.04676802083849907 0.7946433424949646 4.525890827178955 0.0 0.0 0.0 1.0
-0.6615568399429321 0.5752063393592834 0.4811239242553711 -0.8358936309814453 -0.47696059942245483 -0.8178419470787048 0.3219364881515503 0.9245419502258301 0.5786632299423218 -0.016497861593961716 0.815399706363678 4.628475666046143 0.0 0.0 0.0 1.0
-0.7061368823051453 0.5405296087265015 0.4573821425437927 -0.8580438494682312 -0.4495701789855957 -0.8413011431694031 0.30016493797302246 0.9716938138008118 0.5470441579818726 0.006332170218229294 0.8370797634124756 4.821341037750244 0.0 0.0 0.0 1.0
-0.7323904633522034 0.5186381936073303 0.44115597009658813 -0.707473635673523 -0.4345792531967163 -0.8548454642295837 0.2835138440132141 0.9625698924064636 0.5241612792015076 0.015925606712698936 0.8514701128005981 5.029117107391357 0.0 0.0 0.0 1.0
-0.7708085179328918 0.4861396849155426 0.4117310047149658 -0.5168979167938232 -0.41144198179244995 -0.873306930065155 0.2608649432659149 0.8982301354408264 0.4863843321800232 0.031673502177000046 0.8731706738471985 5.32248592376709 0.0 0.0 0.0 1.0
-0.805718719959259 0.450239896774292 0.38483941555023193 -0.4431067407131195 -0.3833068311214447 -0.8916988372802734 0.24072611331939697 0.8563624620437622 0.4515453577041626 0.046445950865745544 0.8910384774208069 5.656275272369385 0.0 0.0 0.0 1.0
-0.8345100283622742 0.41672664880752563 0.36046069860458374 -0.3725796639919281 -0.35463187098503113 -0.9069156646728516 0.2274647057056427 0.8849952816963196 0.42169806361198425 0.06199072301387787 0.9046147465705872 5.7779741287231445 0.0 0.0 0.0 1.0
-0.8489908576011658 0.3979090452194214 0.34768223762512207 -0.36930692195892334 -0.33724698424339294 -0.9145770072937012 0.22318904101848602 0.9128938317298889 0.40679115056991577 0.07223065942525864 0.9106611609458923 5.752841949462891 0.0 0.0 0.0 1.0
-0.8634432554244995 0.37703365087509155 0.3351288437843323 -0.43378692865371704 -0.31697216629981995 -0.9223287105560303 0.22099405527114868 0.9163044691085815 0.392421156167984 0.08458932489156723 0.915887713432312 5.600058555603027 0.0 0.0 0.0 1.0
-0.8706111907958984 0.36562442779541016 0.32917311787605286 -0.5193657279014587 -0.30546334385871887 -0.9262282252311707 0.22089239954948425 0.7566128373146057 0.3856530785560608 0.09176108241081238 0.9180694818496704 5.355238437652588 0.0 0.0 0.0 1.0
