-0.9983974099159241 0.020139846950769424 0.05288715660572052 -0.2174462080001831 -0.021297944709658623 -0.9995435476303101 -0.02142597921192646 0.15463881194591522 0.05243150144815445 -0.022518029436469078 0.9983705878257751 6.31585693359375 0.0 0.0 0.0 1.0
-0.9984468221664429 0.0198688767850399 0.05205005407333374 -0.2046457976102829 -0.020967667922377586 -0.9995668530464172 -0.02064993791282177 0.15176135301589966 0.05161721631884575 -0.02170923352241516 0.9984309673309326 6.300657272338867 0.0 0.0 0.0 1.0
-0.9984984397888184 0.019282963126897812 0.05127352476119995 -0.1905759572982788 -0.020335635170340538 -0.9995913505554199 -0.020088648423552513 0.1473388373851776 0.05086520314216614 -0.02110116556286812 0.9984825849533081 6.2913689613342285 0.0 0.0 0.0 1.0
-0.9985578656196594 0.018372584134340286 0.05044476315379143 -0.17519120872020721 -0.019386051222682 -0.9996184706687927 -0.01967538893222809 0.14098627865314484 0.050064027309417725 -0.02062493935227394 0.9985330104827881 6.280714988708496 0.0 0.0 0.0 1.0
-0.9986713528633118 0.01724492758512497 0.04856071621179581 -0.1590503752231598 -0.01817689836025238 -0.9996576905250549 -0.01881609857082367 0.13397462666034698 0.04821961373090744 -0.019673781469464302 0.9986429810523987 6.274376392364502 0.0 0.0 0.0 1.0
-0.9996505975723267 -0.02308397740125656 0.012877672910690308 -0.13947588205337524 0.022818630561232567 -0.9995317459106445 -0.020385073497891426 0.16893841326236725 0.013342211954295635 -0.02008409984409809 0.9997092485427856 6.25039005279541 0.0 0.0 0.0 1.0
-0.9995293021202087 -0.02971211075782776 0.007637395989149809 -0.1405460089445114 0.02957027591764927 -0.9993996024131775 -0.0180575642734766 0.17729827761650085 0.008169339038431644 -0.017823224887251854 0.9998077750205994 6.228221893310547 0.0 0.0 0.0 1.0
-0.9988915920257568 -0.04700072482228279 -0.002550658769905567 -0.13158956170082092 0.047036003321409225 -0.9987616539001465 -0.016209760680794716 0.18433614075183868 -0.0017856297781690955 -0.0163117665797472 0.9998653531074524 6.184340953826904 0.0 0.0 0.0 1.0
-0.9977350234985352 -0.06564877927303314 -0.014666199684143066 -0.12059801816940308 0.06588227301836014 -0.9976983666419983 -0.016048511490225792 0.1924535483121872 -0.013578877784311771 -0.01697840355336666 0.9997636675834656 6.1659979820251465 0.0 0.0 0.0 1.0
-0.9961850643157959 -0.08334139734506607 -0.025876104831695557 -0.09387736022472382 0.08377403020858765 -0.9963545203208923 -0.01610971987247467 0.20387762784957886 -0.024439167231321335 -0.018216008320450783 0.999535322189331 6.1562676429748535 0.0 0.0 0.0 1.0
-0.9814795851707458 -0.16640302538871765 -0.09491001069545746 -0.16790182888507843 0.1667899191379547 -0.985984742641449 0.0038978192023932934 0.30324873328208923 -0.09422843158245087 -0.012004404328763485 0.9954782128334045 6.090357780456543 0.0 0.0 0.0 1.0
-0.9789990782737732 -0.17541520297527313 -0.103876493871212 -0.08780191093683243 0.17540015280246735 -0.9844527840614319 0.009351473301649094 0.27213001251220703 -0.10390190035104752 -0.009064869955182076 0.9945462346076965 6.005596160888672 0.0 0.0 0.0 1.0
-0.9779402613639832 -0.18073400855064392 -0.10472873598337173 -0.07179214805364609 0.1806512475013733 -0.9834927320480347 0.010354909114539623 0.25593191385269165 -0.10487142950296402 -0.008792894892394543 0.9944469332695007 5.966352939605713 0.0 0.0 0.0 1.0
-0.9737671613693237 -0.19346457719802856 -0.11978709697723389 -0.06318866461515427 0.1934211403131485 -0.9810411930084229 0.012101107276976109 0.23106485605239868 -0.11985721439123154 -0.01138569600880146 0.9927258491516113 5.856517314910889 0.0 0.0 0.0 1.0
-0.9690974354743958 -0.208279088139534 -0.13217395544052124 -0.034847915172576904 0.20833750069141388 -0.9779632091522217 0.013542415574193 0.22123582661151886 -0.13208188116550446 -0.01441287249326706 0.9911340475082397 5.809698104858398 0.0 0.0 0.0 1.0
-0.9322792291641235 -0.31978756189346313 -0.16908963024616241 0.19105969369411469 0.31375646591186523 -0.947477400302887 0.061995819211006165 0.22068922221660614 -0.1800341010093689 0.004744452890008688 0.983648955821991 5.703045845031738 0.0 0.0 0.0 1.0
-0.9236032962799072 -0.3358907997608185 -0.18475472927093506 0.20196062326431274 0.32711121439933777 -0.941839873790741 0.07704459130764008 0.23629745841026306 -0.1998879462480545 0.0107232965528965 0.9797601103782654 5.714791297912598 0.0 0.0 0.0 1.0
-0.9157271981239319 -0.3544559180736542 -0.18922121822834015 0.1963108330965042 0.34188419580459595 -0.9347725510597229 0.0965166985988617 0.2520112097263336 -0.21108971536159515 0.023691223934292793 0.9771795272827148 5.695080757141113 0.0 0.0 0.0 1.0
-0.910341739654541 -0.36380764842033386 -0.197286456823349 0.17128776013851166 0.34961435198783875 -0.9311240911483765 0.10381605476140976 0.2618986666202545 -0.22146724164485931 0.02553391084074974 0.9748334884643555 5.733468055725098 0.0 0.0 0.0 1.0
-0.8991401195526123 -0.3800380825996399 -0.21706703305244446 0.16785967350006104 0.3621678054332733 -0.9245487451553345 0.11850772053003311 0.25732967257499695 -0.24572651088237762 0.027940349653363228 0.9689364433288574 5.7512311935424805 0.0 0.0 0.0 1.0
-0.8400479555130005 -0.48530396819114685 -0.24248604476451874 0.6253321170806885 0.4544954299926758 -0.8736092448234558 0.17389895021915436 0.3828798830509186 -0.2962318956851959 0.035874661058187485 0.9544420838356018 5.7599992752075195 0.0 0.0 0.0 1.0
-0.8160024285316467 -0.5154063701629639 -0.2617180645465851 0.639096200466156 0.48286929726600647 -0.8566696643829346 0.18153314292430878 0.34861573576927185 -0.31776925921440125 0.021755870431661606 0.9479184746742249 5.810196876525879 0.0 0.0 0.0 1.0
-0.7907882928848267 -0.5461199879646301 -0.2764178216457367 0.6582845449447632 0.5121584534645081 -0.8376638293266296 0.18977093696594238 0.34703654050827026 -0.33518290519714355 0.008498914539813995 0.9421147108078003 5.917896270751953 0.0 0.0 0.0 1.0
-0.7651296854019165 -0.57097327709198 -0.29760056734085083 0.6454789042472839 0.5358200669288635 -0.8209256529808044 0.19742822647094727 0.380628764629364 -0.35703420639038086 -0.008402164094150066 0.9340535402297974 6.049822807312012 0.0 0.0 0.0 1.0
-0.7520478367805481 -0.5827593803405762 -0.3079213500022888 0.624157190322876 0.5461142659187317 -0.8125100135803223 0.20392808318138123 0.41048306226730347 -0.3690302073955536 -0.014796575531363487 0.9292995929718018 6.111573219299316 0.0 0.0 0.0 1.0
-0.5591397285461426 -0.7292367815971375 -0.39443179965019226 0.566343367099762 0.6803168654441833 -0.6754753589630127 0.2844327688217163 0.8615961074829102 -0.47384780645370483 -0.10930092632770538 0.8737972378730774 6.769668102264404 0.0 0.0 0.0 1.0
-0.5436493754386902 -0.7382144927978516 -0.39935538172721863 0.5693374276161194 0.6890131831169128 -0.6642435789108276 0.2898987829685211 0.8773192763328552 -0.47927671670913696 -0.1175578162074089 0.8697551488876343 6.800529956817627 0.0 0.0 0.0 1.0
-0.5120403170585632 -0.7536283731460571 -0.41213950514793396 0.5692414045333862 0.7042823433876038 -0.6430295705795288 0.3008311092853546 0.9000037312507629 -0.49173277616500854 -0.1362249255180359 0.8600242137908936 6.867123126983643 0.0 0.0 0.0 1.0
-0.4827955663204193 -0.7680540680885315 -0.42071533203125 0.5466771125793457 0.7187124490737915 -0.6220004558563232 0.31075358390808105 0.9106407761573792 -0.5003606677055359 -0.15234291553497314 0.8523091077804565 6.922427177429199 0.0 0.0 0.0 1.0
-0.4493648409843445 -0.7783598303794861 -0.43843725323677063 0.48833775520324707 0.7302829027175903 -0.6027352213859558 0.3215543329715729 0.8554093837738037 -0.5145465135574341 -0.1756880134344101 0.8392708897590637 7.018671989440918 0.0 0.0 0.0 1.0
-0.26341187953948975 -0.8300985097885132 -0.4914780259132385 0.5181424021720886 0.8196731209754944 -0.46123355627059937 0.3397051990032196 0.6202455759048462 -0.5086749196052551 -0.31336894631385803 0.8019037842750549 7.149655818939209 0.0 0.0 0.0 1.0
-0.23862811923027039 -0.8331452012062073 -0.4989245533943176 0.5365011096000671 0.8297632932662964 -0.44184908270835876 0.34097251296043396 0.6039217114448547 -0.5045289397239685 -0.3326236605644226 0.7967509031295776 7.18543815612793 0.0 0.0 0.0 1.0
-0.22250999510288239 -0.8354235291481018 -0.5025503635406494 0.5168789625167847 0.8321592211723328 -0.4313086271286011 0.3485453724861145 0.6029265522956848 -0.5079373121261597 -0.3406471014022827 0.7911758422851562 7.145394325256348 0.0 0.0 0.0 1.0
-0.18891070783138275 -0.8395834565162659 -0.5093254446983337 0.47281789779663086 0.8377770185470581 -0.4083734452724457 0.36243730783462524 0.6021836400032043 -0.5122913122177124 -0.35823285579681396 0.7805298566818237 7.172011375427246 0.0 0.0 0.0 1.0
-0.15166334807872772 -0.8435415625572205 -0.5152047276496887 0.46820536255836487 0.8424554467201233 -0.38293710350990295 0.378982812166214 0.6056289672851562 -0.5169787406921387 -0.37655922770500183 0.768723726272583 7.15662145614624 0.0 0.0 0.0 1.0
0.04074898362159729 -0.858053982257843 -0.5119403600692749 0.22165949642658234 0.8536860346794128 -0.23633846640586853 0.4640735983848572 0.5002264976501465 -0.5191913843154907 -0.4559468626976013 0.722878098487854 7.3738203048706055 0.0 0.0 0.0 1.0
0.08906538039445877 -0.8554063439369202 -0.5102424621582031 0.07915033400058746 0.8460783958435059 -0.20533426105976105 0.491923987865448 0.4355536699295044 -0.5255651473999023 -0.47551852464675903 0.7054526209831238 7.405271530151367 0.0 0.0 0.0 1.0
0.1382794976234436 -0.8491955995559692 -0.5096524357795715 -0.03792443498969078 0.8400013446807861 -0.1720498651266098 0.5145838856697083 0.3720166087150574 -0.5246680378913879 -0.4992651641368866 0.6895344853401184 7.402132987976074 0.0 0.0 0.0 1.0
0.16207385063171387 -0.8452427983283997 -0.5092118382453918 -0.08430279791355133 0.8367310762405396 -0.15582674741744995 0.5249753594398499 0.3470909893512726 -0.5230804681777954 -0.5111581087112427 0.6819854974746704 7.396990776062012 0.0 0.0 0.0 1.0
0.20446427166461945 -0.8360489010810852 -0.5091331601142883 -0.14994072914123535 0.829526424407959 -0.12814903259277344 0.5435657501220703 0.30964457988739014 -0.5196924805641174 -0.5334792137145996 0.6673227548599243 7.380141735076904 0.0 0.0 0.0 1.0
0.4593677222728729 -0.755780041217804 -0.46666666865348816 -0.3671761155128479 0.753665566444397 0.05360138788819313 0.6550688147544861 0.40056365728378296 -0.470073938369751 -0.6526280641555786 0.5942281484603882 7.432627201080322 0.0 0.0 0.0 1.0
0.510625958442688 -0.7321332693099976 -0.4508237838745117 -0.4293113648891449 0.7267715334892273 0.08736363798379898 0.6813007593154907 0.42200377583503723 -0.45941731333732605 -0.6755357384681702 0.5767037272453308 7.475580215454102 0.0 0.0 0.0 1.0
0.5634656548500061 -0.7043635249137878 -0.4317156970500946 -0.45765843987464905 0.6953725218772888 0.12221785634756088 0.7081806659698486 0.4473916292190552 -0.44605329632759094 -0.6992387175559998 0.558660626411438 7.465203762054443 0.0 0.0 0.0 1.0
0.6107252836227417 -0.6712271571159363 -0.4200819134712219 -0.4942571520805359 0.6700045466423035 0.15529422461986542 0.725932240486145 0.46189847588539124 -0.4220291078090668 -0.7248019576072693 0.544567346572876 7.547813892364502 0.0 0.0 0.0 1.0
0.6328896284103394 -0.6535457372665405 -0.41512495279312134 -0.5227073431015015 0.6548845171928406 0.16585882008075714 0.7373039722442627 0.45529526472091675 -0.41300973296165466 -0.738490879535675 0.5329673290252686 7.646481990814209 0.0 0.0 0.0 1.0
0.8160030841827393 -0.48963090777397156 -0.3072466552257538 -0.7861943244934082 0.48577234148979187 0.2927576005458832 0.8236007690429688 0.7100512385368347 -0.3133116066455841 -0.8213127255439758 0.4767402708530426 7.542070388793945 0.0 0.0 0.0 1.0
0.8275936841964722 -0.4736882746219635 -0.3011777997016907 -0.7577449679374695 0.47454366087913513 0.3038182258605957 0.8261373043060303 0.68979412317276 -0.2998282313346863 -0.8266280293464661 0.47622382640838623 7.418139457702637 0.0 0.0 0.0 1.0
0.8496133089065552 -0.4399636685848236 -0.2908422648906708 -0.6852149367332458 0.45159292221069336 0.3220093846321106 0.8320900201797485 0.5858529210090637 -0.27243542671203613 -0.8382970690727234 0.47226792573928833 7.144134044647217 0.0 0.0 0.0 1.0
0.8710880875587463 -0.4009430706501007 -0.2836374044418335 -0.6464303731918335 0.4243605434894562 0.32373449206352234 0.8456441760063171 0.4255526065826416 -0.24723196029663086 -0.8569951057434082 0.45214566588401794 7.070400238037109 0.0 0.0 0.0 1.0
0.8968753218650818 -0.35344716906547546 -0.26587554812431335 -0.6120141744613647 0.3862767219543457 0.33317798376083374 0.8601062297821045 0.343387633562088 -0.21541821956634521 -0.8741095662117004 0.4353475272655487 7.009829044342041 0.0 0.0 0.0 1.0
0.9724885821342468 -0.1514972299337387 -0.1769590973854065 -0.4279462695121765 0.2247859686613083 0.4109315872192383 0.8835194110870361 0.19218380749225616 -0.06113266199827194 -0.8989904522895813 0.4336807131767273 7.027357578277588 0.0 0.0 0.0 1.0
0.9787143468856812 -0.1313917338848114 -0.15765275061130524 -0.43220338225364685 0.19859960675239563 0.4127187132835388 0.8889440298080444 0.17590010166168213 -0.051733653992414474 -0.9013320803642273 0.4300280809402466 7.061703205108643 0.0 0.0 0.0 1.0
0.9813105463981628 -0.12024648487567902 -0.15023452043533325 -0.44892945885658264 0.1871049851179123 0.4138244688510895 0.8909214735031128 0.17662553489208221 -0.044959452003240585 -0.9023802280426025 0.4285890460014343 7.1098103523254395 0.0 0.0 0.0 1.0
0.9875777363777161 -0.09950025379657745 -0.12161373347043991 -0.5339956879615784 0.15241172909736633 0.41831961274147034 0.8954213261604309 0.17106585204601288 -0.038221247494220734 -0.9028335213661194 0.42828813195228577 7.127391338348389 0.0 0.0 0.0 1.0
0.9933448433876038 -0.07699069380760193 -0.08566486090421677 -0.580830991268158 0.11056383699178696 0.42898306250572205 0.8965206146240234 0.16601373255252838 -0.032274965196847916 -0.9000255465507507 0.434640496969223 6.986059665679932 0.0 0.0 0.0 1.0
0.9927440285682678 0.08409120887517929 0.08595310151576996 -0.2972176671028137 -0.11399062722921371 0.4305696189403534 0.8953300714492798 0.12629051506519318 0.03828059509396553 -0.8986314535140991 0.4370310306549072 6.6603851318359375 0.0 0.0 0.0 1.0
0.9857487678527832 0.12272164970636368 0.11506003141403198 -0.22770965099334717 -0.1569954752922058 0.4254166781902313 0.8912760615348816 0.16209876537322998 0.06043041869997978 -0.8966382145881653 0.4386207163333893 6.835585117340088 0.0 0.0 0.0 1.0
0.9765855669975281 0.1625460386276245 0.14092326164245605 -0.16544809937477112 -0.19733290374279022 0.41596198081970215 0.8877135515213013 0.20308583974838257 0.08567560464143753 -0.8947370648384094 0.43829816579818726 7.19119119644165 0.0 0.0 0.0 1.0
0.9709891676902771 0.18242380023002625 0.15460126101970673 -0.14652098715305328 -0.21832838654518127 0.41262856125831604 0.8843474388122559 0.23022161424160004 0.09753311425447464 -0.8924456238746643 0.4404861629009247 7.255386829376221 0.0 0.0 0.0 1.0
0.9585391283035278 0.21944881975650787 0.1817828118801117 -0.10144100338220596 -0.258813738822937 0.4035050868988037 0.87760990858078 0.3009868264198303 0.1192401722073555 -0.8882712721824646 0.4435717761516571 7.448970794677734 0.0 0.0 0.0 1.0
0.887378990650177 0.3642774522304535 0.28259599208831787 0.27271029353141785 -0.4139730632305145 0.3597479462623596 0.836186408996582 0.5835655331611633 0.20294050872325897 -0.8590013980865479 0.47003382444381714 7.32008695602417 0.0 0.0 0.0 1.0
0.8703467845916748 0.39105305075645447 0.2992892265319824 0.3594224452972412 -0.44110918045043945 0.34893909096717834 0.8268398642539978 0.6090953350067139 0.2189045399427414 -0.8516566157341003 0.4761950969696045 7.152682304382324 0.0 0.0 0.0 1.0
0.8537240028381348 0.4142656922340393 0.3154984414577484 0.4422172009944916 -0.46651825308799744 0.3393143117427826 0.816839337348938 0.5971052646636963 0.23133538663387299 -0.8445411324501038 0.4829432964324951 6.92156457901001 0.0 0.0 0.0 1.0
0.831190288066864 0.4426040053367615 0.3364883065223694 0.4825795590877533 -0.49926432967185974 0.32785919308662415 0.8020246028900146 0.5414666533470154 0.24465851485729218 -0.8346316814422607 0.4934897720813751 6.715562343597412 0.0 0.0 0.0 1.0
0.8178845643997192 0.4570675790309906 0.3495054841041565 0.517549991607666 -0.515361487865448 0.3118128478527069 0.7982326149940491 0.4896927773952484 0.2558659315109253 -0.8329837918281555 0.4905819296836853 6.7308220863342285 0.0 0.0 0.0 1.0
0.6469143629074097 0.6248831748962402 0.437061607837677 0.9108245372772217 -0.6558079719543457 0.16343270242214203 0.7370248436927795 0.3497696816921234 0.3891242444515228 -0.7634204626083374 0.5155303478240967 7.097120761871338 0.0 0.0 0.0 1.0
0.6317241191864014 0.6361327171325684 0.44301217794418335 0.9193854331970215 -0.6653850078582764 0.1517554521560669 0.7309125065803528 0.34220677614212036 0.3977278470993042 -0.7565087080001831 0.5191407799720764 7.152717590332031 0.0 0.0 0.0 1.0
0.5900057554244995 0.6593284606933594 0.46602487564086914 0.8670764565467834 -0.6976800560951233 0.1258254200220108 0.7052733898162842 0.3237006366252899 0.40636903047561646 -0.7412515878677368 0.5342380404472351 7.1894025802612305 0.0 0.0 0.0 1.0
0.5454453229904175 0.6809647679328918 0.4886474609375 0.8380547761917114 -0.7257979512214661 0.09217825531959534 0.6817041039466858 0.30941712856292725 0.41917383670806885 -0.7264916300773621 0.5445210337638855 7.223505973815918 0.0 0.0 0.0 1.0
0.49829763174057007 0.7001631259918213 0.5113424062728882 0.8078814744949341 -0.7498197555541992 0.05191783607006073 0.6596020460128784 0.2750925123691559 0.43528124690055847 -0.7120927572250366 0.5508667230606079 7.310258388519287 0.0 0.0 0.0 1.0
0.1814509779214859 0.7847425937652588 0.5926673412322998 0.27251705527305603 -0.8375827074050903 -0.1924712210893631 0.511282742023468 0.8214226365089417 0.5152967572212219 -0.5891806483268738 0.6223627328872681 8.074302673339844 0.0 0.0 0.0 1.0
0.11605846881866455 0.7929047346115112 0.5981910824775696 0.1499096155166626 -0.8424113392829895 -0.2404784858226776 0.48219624161720276 0.9571648836135864 0.5261877775192261 -0.5598859190940857 0.6400423645973206 8.180522918701172 0.0 0.0 0.0 1.0
0.08695425093173981 0.7957372665405273 0.5993672609329224 0.08692386746406555 -0.8422485589981079 -0.26258957386016846 0.4708121418952942 1.0179240703582764 0.5320303440093994 -0.5457553267478943 0.6473752856254578 8.22464370727539 0.0 0.0 0.0 1.0
0.0292271226644516 0.8005503416061401 0.598552405834198 -0.06551296263933182 -0.8462440371513367 -0.2988809049129486 0.44106829166412354 1.1080501079559326 0.5319932699203491 -0.5194125771522522 0.6687254905700684 8.21337604522705 0.0 0.0 0.0 1.0
-0.021237390115857124 0.8049349784851074 0.592982828617096 -0.12178492546081543 -0.8471618890762329 -0.3294512629508972 0.41686758399009705 1.1499348878860474 0.5309102535247803 -0.4934992790222168 0.6889069080352783 8.050457954406738 0.0 0.0 0.0 1.0
-0.2645014822483063 0.7564672231674194 0.5981607437133789 -0.218258798122406 -0.7922844290733337 -0.5240839123725891 0.3124442398548126 0.6892893314361572 0.5498402714729309 -0.3912715017795563 0.7379581928253174 7.461894989013672 0.0 0.0 0.0 1.0
-0.3261866271495819 0.7369776964187622 0.5920018553733826 -0.315618634223938 -0.7728497982025146 -0.568527102470398 0.28192225098609924 0.6266674399375916 0.5443394780158997 -0.36556923389434814 0.7550190091133118 7.481272220611572 0.0 0.0 0.0 1.0
-0.3869258463382721 0.7137711048126221 0.5837972164154053 -0.3874431252479553 -0.74884432554245 -0.6126599311828613 0.2527448832988739 0.607419490814209 0.5380711555480957 -0.3393796682357788 0.7715574502944946 7.5095319747924805 0.0 0.0 0.0 1.0
-0.41182398796081543 0.7024343609809875 0.5805057883262634 -0.38417068123817444 -0.733761191368103 -0.63336580991745 0.2458500862121582 0.6164474487304688 0.5403660535812378 -0.32470569014549255 0.7762542963027954 7.555088043212891 0.0 0.0 0.0 1.0
-0.45666006207466125 0.680957555770874 0.5725018978118896 -0.4368206560611725 -0.7056605815887451 -0.6691361665725708 0.23302337527275085 0.6344692707061768 0.5417607426643372 -0.2975795567035675 0.7860926389694214 7.613601207733154 0.0 0.0 0.0 1.0
-0.6831543445587158 0.5512527227401733 0.4789786636829376 -1.019759178161621 -0.5643213391304016 -0.8147937059402466 0.13286325335502625 0.5863667726516724 0.46351003646850586 -0.1795317828655243 0.8677135705947876 7.489770412445068 0.0 0.0 0.0 1.0
-0.7270723581314087 0.5150677561759949 0.4539504051208496 -1.096534252166748 -0.527413010597229 -0.8423269987106323 0.11099906265735626 0.5540740489959717 0.43954673409461975 -0.15871499478816986 0.8840860724449158 7.364304542541504 0.0 0.0 0.0 1.0
-0.767088770866394 0.47829297184944153 0.4275635778903961 -1.1791441440582275 -0.490593284368515 -0.8667846918106079 0.0894566997885704 0.5283323526382446 0.4133920669555664 -0.14113858342170715 0.8995481729507446 7.267841339111328 0.0 0.0 0.0 1.0
-0.8086126446723938 0.4293801188468933 0.40221676230430603 -1.167901635169983 -0.4407784640789032 -0.8949411511421204 0.06924358755350113 0.5294932723045349 0.38969215750694275 -0.12129724770784378 0.912922203540802 7.2893452644348145 0.0 0.0 0.0 1.0
-0.8258151412010193 0.4044332802295685 0.39301785826683044 -1.175947666168213 -0.41573917865753174 -0.907483696937561 0.060284532606601715 0.541232705116272 0.3810383975505829 -0.11360904574394226 0.9175525903701782 7.278256893157959 0.0 0.0 0.0 1.0
-0.9553924202919006 0.16391633450984955 0.24567602574825287 -1.3779107332229614 -0.1739940345287323 -0.9845488667488098 -0.01973710209131241 0.41785404086112976 0.23864483833312988 -0.061602842062711716 0.9691510200500488 7.100619792938232 0.0 0.0 0.0 1.0
-0.9607427716255188 0.14735765755176544 0.235072523355484 -1.3587119579315186 -0.1570724993944168 -0.9873181581497192 -0.023045575246214867 0.4006832540035248 0.22869542241096497 -0.05906429886817932 0.9717046022415161 7.017437934875488 0.0 0.0 0.0 1.0
-0.969590425491333 0.11375454068183899 0.21668951213359833 -1.2975194454193115 -0.12330427020788193 -0.9918837547302246 -0.031027616932988167 0.3545285761356354 0.21140126883983612 -0.05680282413959503 0.9757473468780518 6.894569396972656 0.0 0.0 0.0 1.0
-0.9768813848495483 0.08291281759738922 0.19704890251159668 -1.1873266696929932 -0.09245718270540237 -0.9949238896369934 -0.03972490131855011 0.3263053297996521 0.19275496900081635 -0.05702510103583336 0.979588508605957 6.763797760009766 0.0 0.0 0.0 1.0
-0.9815883636474609 0.05917096883058548 0.18161244690418243 -1.0151664018630981 -0.06749241054058075 -0.9969183802604675 -0.03998151794075966 0.31590238213539124 0.17868703603744507 -0.051502857357263565 0.9825570583343506 6.566946029663086 0.0 0.0 0.0 1.0
-0.99281907081604 -0.025866763666272163 0.11679534614086151 -0.1429079920053482 0.022481873631477356 -0.9992908239364624 -0.03020656108856201 0.2565879821777344 0.11749386787414551 -0.027363872155547142 0.9926965236663818 6.074872016906738 0.0 0.0 0.0 1.0
-0.9937847852706909 -0.029027337208390236 0.10746728628873825 -0.07534827291965485 0.02672571875154972 -0.9993828535079956 -0.02279588207602501 0.24354268610477448 0.10806266963481903 -0.019782058894634247 0.9939472675323486 6.084911346435547 0.0 0.0 0.0 1.0
-0.9947994351387024 -0.02706584520637989 0.09819135814905167 -0.05532960593700409 0.02503059245646 -0.9994467496871948 -0.02190062403678894 0.23496165871620178 0.09872979670763016 -0.01932893879711628 0.9949265122413635 6.0323405265808105 0.0 0.0 0.0 1.0
-0.9955247640609741 -0.02554900385439396 0.09098166227340698 0.025030894204974174 0.023869555443525314 -0.9995248913764954 -0.019499877467751503 0.23698535561561584 0.09143663942813873 -0.017240919172763824 0.9956616163253784 6.025654315948486 0.0 0.0 0.0 1.0
-0.996247410774231 -0.02295120619237423 0.08345280587673187 0.07148659229278564 0.02175167202949524 -0.9996470212936401 -0.015254818834364414 0.24505457282066345 0.08377346396446228 -0.01338233519345522 0.99639493227005 6.062262058258057 0.0 0.0 0.0 1.0
-0.9998830556869507 -0.00043178029591217637 0.015288525260984898 0.24917012453079224 0.0003125346847809851 -0.9999695420265198 -0.007801211439073086 0.31773412227630615 0.0152914272621274 -0.007795520592480898 0.99985271692276 6.125555992126465 0.0 0.0 0.0 1.0
-0.9998845458030701 -0.0024395559448748827 0.01499865110963583 0.2894957363605499 0.0023812835570424795 -0.9999895691871643 -0.003901808289811015 0.34757179021835327 0.01500801369547844 -0.003865641774609685 0.9998798966407776 6.084967136383057 0.0 0.0 0.0 1.0
-0.9998580813407898 -0.0008560112328268588 0.016826439648866653 0.3136262893676758 0.0008420594967901707 -0.9999992847442627 -0.0008362214430235326 0.3589369058609009 0.016827143728733063 -0.0008219339069910347 0.9998580813407898 6.020039081573486 0.0 0.0 0.0 1.0
-0.9998708367347717 -7.256747630890459e-05 0.016072262078523636 0.31546860933303833 6.193477747729048e-05 -0.9999997615814209 -0.00066205277107656 0.35506942868232727 0.016072306782007217 -0.000660971796605736 0.9998705983161926 5.999904632568359 0.0 0.0 0.0 1.0
-0.9998553395271301 -0.0015563005581498146 0.01693720929324627 0.31048280000686646 0.0015346333384513855 -0.9999979734420776 -0.0012921880697831511 0.33465221524238586 0.016939187422394753 -0.0012660088250413537 0.9998556971549988 5.977691650390625 0.0 0.0 0.0 1.0
-0.9996273517608643 -0.026534052565693855 0.0064066615886986256 0.24976706504821777 0.026428038254380226 -0.999521017074585 -0.016100842505693436 0.2517603039741516 0.006830813828855753 -0.01592552848160267 0.9998498558998108 6.163459300994873 0.0 0.0 0.0 1.0
-0.9995822310447693 -0.028889387845993042 0.0008882240508683026 0.22016464173793793 0.028868166729807854 -0.999413788318634 -0.018403837457299232 0.2598353922367096 0.0014193789102137089 -0.018370507284998894 0.9998302459716797 6.238921642303467 0.0 0.0 0.0 1.0