-0.8552641868591309 -0.32096993923187256 -0.406818687915802 0.17308206856250763 0.3302117586135864 -0.9426088929176331 0.04948350414633751 0.9126381278038025 -0.39935365319252014 -0.0920148491859436 0.9121677279472351 4.1726179122924805 0.0 0.0 0.0 1.0
-0.8564759492874146 -0.31900012493133545 -0.40581750869750977 0.1589599996805191 0.3278809189796448 -0.943416178226471 0.0495980866253376 0.9051336646080017 -0.3986766040325165 -0.09058025479316711 0.9126073718070984 4.164535999298096 0.0 0.0 0.0 1.0
-0.8576050996780396 -0.3171464204788208 -0.4048847556114197 0.1457442343235016 0.3257254660129547 -0.9441609978675842 0.04962760955095291 0.8966237306594849 -0.3980156183242798 -0.08932038396596909 0.9130199551582336 4.155296802520752 0.0 0.0 0.0 1.0
-0.8626800775527954 -0.3098699450492859 -0.3997044861316681 0.09390101581811905 0.317257821559906 -0.9470486044883728 0.04946129396557808 0.8584924936294556 -0.3938661515712738 -0.0841401070356369 0.9153086543083191 4.1219000816345215 0.0 0.0 0.0 1.0
-0.8688390254974365 -0.30657052993774414 -0.3887585699558258 0.08832255750894547 0.3135223984718323 -0.9484065771102905 0.04720927029848099 0.8373375535011292 -0.3831741511821747 -0.08086725324392319 0.9201293587684631 4.106218338012695 0.0 0.0 0.0 1.0
-0.9221994876861572 -0.24848517775535583 -0.29631614685058594 0.16838303208351135 0.2541489005088806 -0.9669601917266846 0.01990870200097561 0.8041931986808777 -0.2914729416370392 -0.05694863200187683 0.9548823833465576 4.130110740661621 0.0 0.0 0.0 1.0
-0.9384236931800842 -0.21673204004764557 -0.26905062794685364 0.2087165266275406 0.2220180481672287 -0.974980354309082 0.011010915040969849 0.7805123925209045 -0.26470550894737244 -0.04940119758248329 0.9630630612373352 4.129570484161377 0.0 0.0 0.0 1.0
-0.9553354382514954 -0.1851576566696167 -0.23032759130001068 0.28410056233406067 0.18986883759498596 -0.9818079471588135 0.0017402160447090864 0.7632407546043396 -0.22645966708660126 -0.04206954315304756 0.9731115698814392 4.128708362579346 0.0 0.0 0.0 1.0
-0.9659076929092407 -0.16410672664642334 -0.20022819936275482 0.34019163250923157 0.16830292344093323 -0.9857271909713745 -0.003998515196144581 0.7572871446609497 -0.19671420753002167 -0.03756118565797806 0.9797411561012268 4.124093532562256 0.0 0.0 0.0 1.0
-0.9779594540596008 -0.13774749636650085 -0.15691058337688446 0.4244111478328705 0.14119595289230347 -0.9899206161499023 -0.010992472060024738 0.7505916953086853 -0.15381483733654022 -0.03290533274412155 0.9875516295433044 4.1188507080078125 0.0 0.0 0.0 1.0
-0.9965218901634216 -0.08039434999227524 -0.021928492933511734 0.6045657396316528 0.08064968138933182 -0.9966816306114197 -0.011017685756087303 0.8383389711380005 -0.020969964563846588 -0.012747891247272491 0.99969881772995 4.160085678100586 0.0 0.0 0.0 1.0
-0.9972208142280579 -0.07404357939958572 -0.008257806301116943 0.6255291700363159 0.07411441951990128 -0.9972124099731445 -0.008630163967609406 0.8399721384048462 -0.007595778908580542 -0.009218201972544193 0.9999286532402039 4.131222248077393 0.0 0.0 0.0 1.0
-0.9978479743003845 -0.06556566059589386 0.000728562765289098 0.6367098093032837 0.06555936485528946 -0.997826337814331 -0.0066752261482179165 0.832032322883606 0.0011646447237581015 -0.006613097153604031 0.9999774694442749 4.110186576843262 0.0 0.0 0.0 1.0
-0.9985611438751221 -0.05223413556814194 0.012131803669035435 0.6429713368415833 0.0521739237010479 -0.998624324798584 -0.005228118970990181 0.8088452219963074 0.012388200499117374 -0.004587633069604635 0.9999127388000488 4.0840888023376465 0.0 0.0 0.0 1.0
-0.9990567564964294 -0.036918096244335175 0.022862175479531288 0.6461882591247559 0.036851465702056885 -0.9993152022361755 -0.0033290053252130747 0.7827596068382263 0.02296941913664341 -0.0024833607021719217 0.9997330904006958 4.059611797332764 0.0 0.0 0.0 1.0
-0.9946173429489136 0.03695971891283989 0.09680044651031494 0.7548471689224243 -0.036294370889663696 -0.999303936958313 0.008625824004411697 0.7375088930130005 0.09705186635255814 0.005066082812845707 0.9952664375305176 4.051313400268555 0.0 0.0 0.0 1.0
-0.9928585886955261 0.0465465672314167 0.10984204709529877 0.770319402217865 -0.0455806665122509 -0.9988968372344971 0.011289524845778942 0.7341240048408508 0.11024636030197144 0.006202227436006069 0.9938849210739136 4.060890197753906 0.0 0.0 0.0 1.0
-0.9896710515022278 0.06070760264992714 0.1298685520887375 0.8048267960548401 -0.05928407236933708 -0.9981313943862915 0.014802929945290089 0.7324770092964172 0.13052453100681305 0.006950894370675087 0.9914206862449646 4.064860820770264 0.0 0.0 0.0 1.0
-0.9858167767524719 0.07845960557460785 0.14835549890995026 0.83732008934021 -0.07664921879768372 -0.9968975782394409 0.017890170216560364 0.7319130897521973 0.14929890632629395 0.006265096366405487 0.9887722730636597 4.06451940536499 0.0 0.0 0.0 1.0
-0.9786868691444397 0.11085781455039978 0.17286567389965057 0.8733562231063843 -0.10879453271627426 -0.9938340187072754 0.021395152434706688 0.7248960137367249 0.1741715967655182 0.0021323147229850292 0.9847130179405212 4.073597431182861 0.0 0.0 0.0 1.0
-0.9355893731117249 0.2529182434082031 0.24638371169567108 0.8761509656906128 -0.2534564435482025 -0.96687912940979 0.030075984075665474 0.7528200149536133 0.24583004415035248 -0.034308768808841705 0.9687055945396423 4.190846920013428 0.0 0.0 0.0 1.0
-0.9292645454406738 0.26211312413215637 0.2603154182434082 0.9285934567451477 -0.2624971568584442 -0.9643356204032898 0.033942341804504395 0.7692319750785828 0.2599281668663025 -0.0367906391620636 0.9649268388748169 4.202110767364502 0.0 0.0 0.0 1.0
-0.9223725199699402 0.26967278122901917 0.2765962779521942 0.9652531743049622 -0.2693905532360077 -0.9622090458869934 0.03978046774864197 0.7997423410415649 0.2768711447715759 -0.03782001510262489 0.9601625204086304 4.210730075836182 0.0 0.0 0.0 1.0
-0.9176425933837891 0.276065468788147 0.28586697578430176 0.9505743980407715 -0.2755793333053589 -0.9603258967399597 0.042780350893735886 0.829357385635376 0.28633564710617065 -0.0395219549536705 0.9573138952255249 4.224177360534668 0.0 0.0 0.0 1.0
-0.9138014316558838 0.28175806999206543 0.29253947734832764 0.9332956075668335 -0.28107523918151855 -0.9586161971092224 0.04529602453112602 0.8441795706748962 0.29319560527801514 -0.040834035724401474 0.9551800489425659 4.223573684692383 0.0 0.0 0.0 1.0
-0.8523086905479431 0.3598422110080719 0.37958329916000366 0.8479191660881042 -0.3612317442893982 -0.9298179149627686 0.07035811245441437 0.7340001463890076 0.37826117873191833 -0.07715071737766266 0.9224783182144165 4.197443008422852 0.0 0.0 0.0 1.0
-0.8367034792900085 0.3761819005012512 0.39801308512687683 0.8286082148551941 -0.3775995075702667 -0.9226561188697815 0.07825799286365509 0.725497841835022 0.3966684341430664 -0.08481081575155258 0.9140356779098511 4.189692497253418 0.0 0.0 0.0 1.0
-0.8163447976112366 0.39964011311531067 0.4169759154319763 0.7974199652671814 -0.4030987024307251 -0.9112737774848938 0.08421117067337036 0.6959806084632874 0.4136333763599396 -0.09933709353208542 0.9050080180168152 4.193454742431641 0.0 0.0 0.0 1.0
-0.7986764311790466 0.4169473350048065 0.43390190601348877 0.7653378844261169 -0.42263486981391907 -0.9019429087638855 0.08876240253448486 0.6682148575782776 0.42836397886276245 -0.11248962581157684 0.8965770602226257 4.204316139221191 0.0 0.0 0.0 1.0
-0.7678285837173462 0.44508713483810425 0.46080002188682556 0.7571511268615723 -0.4520634412765503 -0.8860674500465393 0.10258238017559052 0.6646368503570557 0.45395800471305847 -0.1295451670885086 0.8815555572509766 4.199978828430176 0.0 0.0 0.0 1.0
-0.6450319290161133 0.5181687474250793 0.5616360306739807 0.5308276414871216 -0.5337743163108826 -0.8314700722694397 0.1540861427783966 0.6726489067077637 0.5468261241912842 -0.20039638876914978 0.8129098415374756 4.25615119934082 0.0 0.0 0.0 1.0
-0.630100429058075 0.5221801996231079 0.5747184157371521 0.4808165431022644 -0.5392695665359497 -0.8267978429794312 0.15998010337352753 0.6578862071037292 0.5587143898010254 -0.2091246098279953 0.8025615811347961 4.26293420791626 0.0 0.0 0.0 1.0
-0.611193060874939 0.524169921875 0.5930336713790894 0.4304283857345581 -0.5404833555221558 -0.8237764239311218 0.17108500003814697 0.6467832922935486 0.5782047510147095 -0.2159588634967804 0.7867915630340576 4.284628391265869 0.0 0.0 0.0 1.0
-0.5837833881378174 0.5301810503005981 0.6149024963378906 0.4161630868911743 -0.5460163354873657 -0.8168784976005554 0.18594534695148468 0.6279121041297913 0.6008853316307068 -0.22719497978687286 0.7663675546646118 4.303071975708008 0.0 0.0 0.0 1.0
-0.5588694214820862 0.5368890166282654 0.6319929957389832 0.4108930826187134 -0.5540919899940491 -0.8087862730026245 0.19709616899490356 0.6154990196228027 0.6169660091400146 -0.24003122746944427 0.749491810798645 4.3202009201049805 0.0 0.0 0.0 1.0
-0.37814590334892273 0.576280951499939 0.7245039343833923 0.3207767903804779 -0.6003498435020447 -0.748392641544342 0.2819371819496155 0.6965318322181702 0.7046884298324585 -0.32834240794181824 0.6289717555046082 4.5295562744140625 0.0 0.0 0.0 1.0
-0.3485581874847412 0.5804653167724609 0.7359125018119812 0.27910491824150085 -0.6077262163162231 -0.7377067804336548 0.2940366864204407 0.6922978162765503 0.7135657668113708 -0.34474441409111023 0.6098977327346802 4.532803058624268 0.0 0.0 0.0 1.0
-0.32632213830947876 0.5834491848945618 0.743707537651062 0.2403140664100647 -0.6135323643684387 -0.729261577129364 0.3029119372367859 0.6836003065109253 0.7190910577774048 -0.3574417531490326 0.5959391593933105 4.538573741912842 0.0 0.0 0.0 1.0
-0.2996690273284912 0.5869525671005249 0.7521204352378845 0.18051019310951233 -0.6158726215362549 -0.7210988998413086 0.31735992431640625 0.6799308061599731 0.7286284565925598 -0.3681074380874634 0.5775790214538574 4.547504425048828 0.0 0.0 0.0 1.0
-0.28089675307273865 0.5875609517097473 0.7588604092597961 0.14463011920452118 -0.6122718453407288 -0.7186002731323242 0.32975274324417114 0.6766855120658875 0.7390671372413635 -0.37200236320495605 0.5615994930267334 4.568100929260254 0.0 0.0 0.0 1.0
-0.04240863770246506 0.6049615740776062 0.7951245307922363 0.1033472791314125 -0.6375694870948792 -0.6291181445121765 0.44465214014053345 0.6848304867744446 0.7692247033119202 -0.48809006810188293 0.41238507628440857 4.725479602813721 0.0 0.0 0.0 1.0
-0.010981479659676552 0.6052947044372559 0.7959256768226624 0.10608592629432678 -0.6278195381164551 -0.6237025856971741 0.46565839648246765 0.7123672366142273 0.7782814502716064 -0.4945840835571289 0.3868650197982788 4.767297744750977 0.0 0.0 0.0 1.0
0.02036341279745102 0.606370210647583 0.7949216961860657 0.11216752976179123 -0.6186373233795166 -0.6169586777687073 0.4864667057991028 0.7416518330574036 0.7854127287864685 -0.5016743540763855 0.36255988478660583 4.77486515045166 0.0 0.0 0.0 1.0
0.04669103026390076 0.6055709719657898 0.7944203615188599 0.12137074023485184 -0.6145145297050476 -0.6095776557922363 0.5007863640785217 0.7474489212036133 0.7875226140022278 -0.511565089225769 0.3436703383922577 4.78032112121582 0.0 0.0 0.0 1.0
0.08324777334928513 0.6035531163215637 0.7929649353027344 0.1264701634645462 -0.6101025938987732 -0.5982984304428101 0.5194360613822937 0.7445469498634338 0.7879369854927063 -0.5270318388938904 0.3184223175048828 4.785043239593506 0.0 0.0 0.0 1.0
0.2923169732093811 0.5888671278953552 0.7535159587860107 0.14123357832431793 -0.5628033876419067 -0.5311053395271301 0.6333873271942139 0.6898398399353027 0.7731773257255554 -0.609231173992157 0.17616531252861023 4.768128395080566 0.0 0.0 0.0 1.0
0.3263120949268341 0.5842212438583374 0.7431056499481201 0.14168603718280792 -0.5552961826324463 -0.517712414264679 0.6508609652519226 0.6915808916091919 0.764961838722229 -0.6250275373458862 0.15547999739646912 4.776785850524902 0.0 0.0 0.0 1.0
0.3646484315395355 0.5811737179756165 0.7275084853172302 0.1378127783536911 -0.540789783000946 -0.503847599029541 0.6735606789588928 0.710803210735321 0.7580091953277588 -0.6390420198440552 0.1305655986070633 4.782803058624268 0.0 0.0 0.0 1.0
0.3953734338283539 0.5809419751167297 0.7114676833152771 0.12938261032104492 -0.5246582627296448 -0.4929477274417877 0.6940722465515137 0.7353341579437256 0.7539320588111877 -0.6476951241493225 0.10989756137132645 4.779109954833984 0.0 0.0 0.0 1.0
0.420485258102417 0.578962504863739 0.6985660791397095 0.13952098786830902 -0.513215184211731 -0.48315203189849854 0.7093477845191956 0.7468130588531494 0.7481994032859802 -0.6567850112915039 0.0939740389585495 4.780048370361328 0.0 0.0 0.0 1.0
0.6033086180686951 0.5400140881538391 0.5868589878082275 0.2075977474451065 -0.43509092926979065 -0.39383548498153687 0.8096848130226135 0.7804957628250122 0.6683670878410339 -0.7438268661499023 -0.002649120520800352 4.7146525382995605 0.0 0.0 0.0 1.0
0.6375724077224731 0.5255720615386963 0.5632721185684204 0.23136767745018005 -0.41955509781837463 -0.37633317708969116 0.826042890548706 0.7847849130630493 0.6461230516433716 -0.7629858255386353 -0.019433220848441124 4.709292888641357 0.0 0.0 0.0 1.0
0.6744868755340576 0.5070210099220276 0.5366536378860474 0.2544492185115814 -0.40322446823120117 -0.355915367603302 0.8430505990982056 0.8021050095558167 0.6184476613998413 -0.7850184440612793 -0.035616952925920486 4.713485240936279 0.0 0.0 0.0 1.0
0.7046172618865967 0.49295493960380554 0.510401725769043 0.30214691162109375 -0.3839682340621948 -0.3400123119354248 0.8584637641906738 0.8366069197654724 0.5967268347740173 -0.800866425037384 -0.0502995066344738 4.712612152099609 0.0 0.0 0.0 1.0
0.7411360740661621 0.47384393215179443 0.47559356689453125 0.36451008915901184 -0.3584107756614685 -0.3197494149208069 0.8770986199378967 0.8880519866943359 0.5676786303520203 -0.820507287979126 -0.06714704632759094 4.714587688446045 0.0 0.0 0.0 1.0
0.8012794256210327 0.4358377158641815 0.4098740816116333 0.31220078468322754 -0.3152594268321991 -0.2746736705303192 0.9083864092826843 0.9127849340438843 0.5084906816482544 -0.857088029384613 -0.08268842101097107 4.628538608551025 0.0 0.0 0.0 1.0
0.8151794672012329 0.4193105697631836 0.3995761275291443 0.3233940005302429 -0.3109213411808014 -0.2652558982372284 0.912670373916626 0.9034818410873413 0.48868227005004883 -0.8682268857955933 -0.08585856109857559 4.630664825439453 0.0 0.0 0.0 1.0
0.8342638611793518 0.39187976717948914 0.38785824179649353 0.29917559027671814 -0.30738282203674316 -0.2534262537956238 0.9172191619873047 0.8875229954719543 0.4577330946922302 -0.8844237327575684 -0.09096725285053253 4.654622554779053 0.0 0.0 0.0 1.0
0.8557484149932861 0.3628549873828888 0.36882370710372925 0.2850551903247833 -0.2954653799533844 -0.24245712161064148 0.9240750670433044 0.8816344141960144 0.42472919821739197 -0.8997504115104675 -0.10027121007442474 4.694962024688721 0.0 0.0 0.0 1.0
0.8720064759254456 0.3406708836555481 0.3514940142631531 0.29462388157844543 -0.28325510025024414 -0.2344498187303543 0.9299461245536804 0.8957732915878296 0.3992132842540741 -0.9104815125465393 -0.10794499516487122 4.739860534667969 0.0 0.0 0.0 1.0
0.9614062309265137 0.21958927810192108 0.1657668650150299 0.6392984986305237 -0.12016259133815765 -0.2068766951560974 0.9709598422050476 0.9110150933265686 0.24750566482543945 -0.9534057974815369 -0.17250612378120422 4.716240882873535 0.0 0.0 0.0 1.0
0.9697487354278564 0.20256929099559784 0.13620950281620026 0.6299393177032471 -0.09423591941595078 -0.20407189428806305 0.9744096994400024 0.8891352415084839 0.22518201172351837 -0.957768440246582 -0.17880915105342865 4.694295406341553 0.0 0.0 0.0 1.0
0.9749917984008789 0.19436313211917877 0.10776803642511368 0.6508423089981079 -0.06767173856496811 -0.2022467404603958 0.97699373960495 0.876738429069519 0.21168731153011322 -0.9598537683486938 -0.1840360164642334 4.685534954071045 0.0 0.0 0.0 1.0
0.9817832112312317 0.17802570760250092 0.06639683991670609 0.6983498930931091 -0.030288664624094963 -0.1983407735824585 0.9796650409698486 0.8785719871520996 0.18757475912570953 -0.963829755783081 -0.18933548033237457 4.6600446701049805 0.0 0.0 0.0 1.0
0.9878126978874207 0.1539633721113205 0.02283310517668724 0.753324568271637 0.007789068389683962 -0.19541235268115997 0.9806902408599854 0.8833924531936646 0.15545225143432617 -0.9685603976249695 -0.19423003494739532 4.645557403564453 0.0 0.0 0.0 1.0
0.9844508767127991 -0.003531204303726554 -0.1756245642900467 0.9210397005081177 0.17164219915866852 -0.19327609241008759 0.9660141468048096 0.9543836712837219 -0.037355221807956696 -0.9811380505561829 -0.18966472148895264 4.706087112426758 0.0 0.0 0.0 1.0
0.9800387620925903 -0.025003153830766678 -0.19722799956798553 0.9334314465522766 0.18868350982666016 -0.19555097818374634 0.9623712301254272 0.9441367387771606 -0.06263044476509094 -0.9803747534751892 -0.186929851770401 4.690446376800537 0.0 0.0 0.0 1.0
0.9730718731880188 -0.05489988997578621 -0.22386863827705383 0.9403235912322998 0.20897947251796722 -0.19966767728328705 0.9573193788528442 0.9175404906272888 -0.09725606441497803 -0.9783244729042053 -0.18281805515289307 4.6750993728637695 0.0 0.0 0.0 1.0
0.9664281606674194 -0.07519625127315521 -0.24568696320056915 0.9565311074256897 0.22636139392852783 -0.2032197266817093 0.9526081085205078 0.8928042054176331 -0.12156099826097488 -0.976241409778595 -0.1793757528066635 4.666561603546143 0.0 0.0 0.0 1.0
0.9570065140724182 -0.0886760950088501 -0.2761795222759247 0.9800875782966614 0.2536969780921936 -0.20572158694267273 0.9451541900634766 0.8691829442977905 -0.14062868058681488 -0.9745846390724182 -0.17438003420829773 4.6597466468811035 0.0 0.0 0.0 1.0
0.8870935440063477 -0.2474614679813385 -0.3896509110927582 0.8042270541191101 0.3305845856666565 -0.2485370934009552 0.9104631543159485 0.7195281982421875 -0.3221472501754761 -0.9364785552024841 -0.1386687010526657 4.566876411437988 0.0 0.0 0.0 1.0
0.8767603039741516 -0.2693321704864502 -0.39843639731407166 0.686514675617218 0.3349151313304901 -0.2526271939277649 0.9077507257461548 0.7375636100769043 -0.3451423645019531 -0.9293221831321716 -0.13129007816314697 4.570118427276611 0.0 0.0 0.0 1.0
0.8662504553794861 -0.28140756487846375 -0.4128194749355316 0.6461948156356812 0.34770750999450684 -0.2537683844566345 0.9026079177856445 0.7514834403991699 -0.3587612509727478 -0.9254249930381775 -0.12197946012020111 4.5653204917907715 0.0 0.0 0.0 1.0
0.8506572842597961 -0.3012385666370392 -0.43085676431655884 0.5898884534835815 0.3627108633518219 -0.2569640278816223 0.8957735896110535 0.761148989200592 -0.38055625557899475 -0.9182727336883545 -0.1093258187174797 4.537517547607422 0.0 0.0 0.0 1.0
0.8295243382453918 -0.32486245036125183 -0.45426180958747864 0.5586674213409424 0.3817896842956543 -0.2637646198272705 0.8858131170272827 0.7513762712478638 -0.40758562088012695 -0.9082359671592712 -0.09477002918720245 4.4854888916015625 0.0 0.0 0.0 1.0
0.7024455070495605 -0.42133477330207825 -0.5736264586448669 0.42047640681266785 0.4935920536518097 -0.2922692596912384 0.8191126585006714 0.7649632692337036 -0.5127740502357483 -0.8585194945335388 0.002664269646629691 4.353187084197998 0.0 0.0 0.0 1.0
0.663446307182312 -0.44640716910362244 -0.6004661917686462 0.42433157563209534 0.5169954895973206 -0.3066328167915344 0.7991820573806763 0.783652663230896 -0.5408832430839539 -0.8406527042388916 0.02735607512295246 4.348072052001953 0.0 0.0 0.0 1.0
0.621385931968689 -0.4714696407318115 -0.6257762312889099 0.43467551469802856 0.5387071371078491 -0.32285940647125244 0.7781750559806824 0.8034666776657104 -0.5689236521720886 -0.8206571936607361 0.05336376652121544 4.345907688140869 0.0 0.0 0.0 1.0
0.5906081795692444 -0.4884064197540283 -0.6423715353012085 0.4449167549610138 0.5530816912651062 -0.33465638756752014 0.7629585862159729 0.8190065026283264 -0.5876075625419617 -0.8058934807777405 0.07247783243656158 4.351130485534668 0.0 0.0 0.0 1.0
0.5627179145812988 -0.5007662177085876 -0.6577094793319702 0.41181448101997375 0.5699188709259033 -0.3413012623786926 0.7474663257598877 0.8427067399024963 -0.5987829566001892 -0.7954537272453308 0.09333976358175278 4.363223075866699 0.0 0.0 0.0 1.0
0.36750465631484985 -0.5682245492935181 -0.7362480163574219 0.2323625534772873 0.6438822746276855 -0.41578200459480286 0.6422934532165527 0.8257417678833008 -0.6710855960845947 -0.710102915763855 0.2130679190158844 4.36728572845459 0.0 0.0 0.0 1.0
0.33018434047698975 -0.5786697268486023 -0.7457342743873596 0.23642291128635406 0.6503778696060181 -0.4331052899360657 0.6240419745445251 0.8318522572517395 -0.6840956807136536 -0.6910579800605774 0.23334942758083344 4.378161907196045 0.0 0.0 0.0 1.0
0.2755955159664154 -0.5922431945800781 -0.7571625709533691 0.2511027753353119 0.6555430889129639 -0.46030378341674805 0.5986515283584595 0.8508724570274353 -0.7030720710754395 -0.6613383889198303 0.2613832652568817 4.396492958068848 0.0 0.0 0.0 1.0
0.2168416678905487 -0.6047976016998291 -0.766289472579956 0.2894454300403595 0.6577253937721252 -0.489540159702301 0.5724925398826599 0.8813008666038513 -0.721371591091156 -0.6281483173370361 0.2916380763053894 4.421830177307129 0.0 0.0 0.0 1.0
0.16996309161186218 -0.6117302179336548 -0.7725921869277954 0.3556091785430908 0.6597378253936768 -0.5117447376251221 0.5503301620483398 0.897925615310669 -0.7320235967636108 -0.6032441258430481 0.3166038393974304 4.452675819396973 0.0 0.0 0.0 1.0
-0.07441143691539764 -0.6191383600234985 -0.7817484736442566 0.4803514778614044 0.6750648021697998 -0.6082693338394165 0.4174876809120178 0.8665079474449158 -0.7339962720870972 -0.49666497111320496 0.4632206857204437 4.465354919433594 0.0 0.0 0.0 1.0
-0.11097577214241028 -0.6195128560066223 -0.7771024703979492 0.4815828800201416 0.6820337772369385 -0.6162091493606567 0.3938480019569397 0.8631820678710938 -0.7228515148162842 -0.48630252480506897 0.4909129738807678 4.447608947753906 0.0 0.0 0.0 1.0
-0.15667203068733215 -0.617211639881134 -0.7710406184196472 0.5014559626579285 0.6813528537750244 -0.6327042579650879 0.36802664399147034 0.8551170229911804 -0.71499103307724 -0.4676912724971771 0.5196659564971924 4.425338268280029 0.0 0.0 0.0 1.0
-0.1944521814584732 -0.6130807399749756 -0.7657155990600586 0.5106303095817566 0.677038848400116 -0.6487430930137634 0.34749218821525574 0.8473193049430847 -0.7097934484481812 -0.4508485794067383 0.5412289500236511 4.4119367599487305 0.0 0.0 0.0 1.0
-0.2453177124261856 -0.6070522665977478 -0.7558483481407166 0.5170859694480896 0.6677907109260559 -0.6710115075111389 0.32217860221862793 0.8542479276657104 -0.702762246131897 -0.4257124066352844 0.5699949264526367 4.400298595428467 0.0 0.0 0.0 1.0
-0.47270750999450684 -0.5678252577781677 -0.6738858222961426 0.47689521312713623 0.6144765615463257 -0.7605284452438354 0.20979751646518707 0.9523124694824219 -0.631637692451477 -0.31491419672966003 0.708422839641571 4.459496974945068 0.0 0.0 0.0 1.0
-0.4978449046611786 -0.561098039150238 -0.66130131483078 0.4536043107509613 0.6055101752281189 -0.7707771062850952 0.19814170897006989 0.9607746601104736 -0.6208928227424622 -0.3017808198928833 0.7234780192375183 4.458754539489746 0.0 0.0 0.0 1.0
-0.52387535572052 -0.558955192565918 -0.6427470445632935 0.4331774115562439 0.603108286857605 -0.7762655019760132 0.1835000216960907 0.9720906615257263 -0.6015106439590454 -0.29151490330696106 0.7437768578529358 4.479953765869141 0.0 0.0 0.0 1.0
-0.5569975972175598 -0.5511536002159119 -0.6212756037712097 0.445387065410614 0.5932227373123169 -0.7875633239746094 0.16682565212249756 0.9797940850257874 -0.5812404155731201 -0.2756333351135254 0.7656277418136597 4.479779243469238 0.0 0.0 0.0 1.0
-0.5873992443084717 -0.5396640300750732 -0.603096067905426 0.4743477404117584 0.5791407227516174 -0.8008304834365845 0.15253384411334991 0.9786958694458008 -0.5652947425842285 -0.25967922806739807 0.7829486131668091 4.467298984527588 0.0 0.0 0.0 1.0
-0.7837695479393005 -0.42137661576271057 -0.4562312960624695 0.6578028798103333 0.43926551938056946 -0.8954349160194397 0.07240269333124161 0.9833875894546509 -0.43903422355651855 -0.14365965127944946 0.8869108557701111 4.432650089263916 0.0 0.0 0.0 1.0
-0.8051780462265015 -0.3967529237270355 -0.4407669007778168 0.6078869700431824 0.4111059308052063 -0.9090981483459473 0.06732332706451416 0.9431954622268677 -0.42741110920906067 -0.12699462473392487 0.8950933218002319 4.387048721313477 0.0 0.0 0.0 1.0
-0.8202720880508423 -0.3775884509086609 -0.42962852120399475 0.572468638420105 0.3893525004386902 -0.9188503623008728 0.06417703628540039 0.9026619791984558 -0.41899681091308594 -0.11463431268930435 0.9007222652435303 4.345477104187012 0.0 0.0 0.0 1.0
-0.8378171920776367 -0.3584865927696228 -0.4117641746997833 0.5271835327148438 0.36717304587364197 -0.9281520843505859 0.06097227334976196 0.8630377054214478 -0.4040375351905823 -0.10010509192943573 0.909248411655426 4.270836353302002 0.0 0.0 0.0 1.0
-0.8543018102645874 -0.34334465861320496 -0.39023441076278687 0.5071890354156494 0.34971752762794495 -0.9351105690002441 0.05714743956923485 0.838162362575531 -0.3845336139202118 -0.08765065670013428 0.9189403057098389 4.199788570404053 0.0 0.0 0.0 1.0
-0.9635708928108215 -0.1737040877342224 -0.2033667415380478 0.8026715517044067 0.17004835605621338 -0.9847977757453918 0.03545200824737549 0.7977856993675232 -0.2064332813024521 -0.0004216607485432178 0.9784606099128723 4.0309295654296875 0.0 0.0 0.0 1.0
-0.9699891209602356 -0.16111332178115845 -0.18210875988006592 0.772580623626709 0.15577204525470734 -0.9868409633636475 0.04335884004831314 0.8557553887367249 -0.1866980791091919 0.013690147548913956 0.9823219776153564 4.048659801483154 0.0 0.0 0.0 1.0