-0.9993522763252258 -0.03595155104994774 -0.001580806216225028 2.2033445835113525 0.035943757742643356 -0.9993427395820618 0.004710245877504349 1.6346228122711182 -0.0017491077305749059 0.004650374874472618 0.9999876618385315 15.913466453552246 0.0 0.0 0.0 1.0
-0.9994347095489502 -0.03361213579773903 -0.0006808392354287207 2.2014706134796143 0.03361039236187935 -0.9994320869445801 0.0024268883280456066 1.6256707906723022 -0.0007620254764333367 0.0024026331957429647 0.9999968409538269 15.9835786819458 0.0 0.0 0.0 1.0
-0.999500572681427 -0.03159844130277634 0.00034913377021439373 2.196023941040039 0.03159980848431587 -0.9994876980781555 0.005077407695353031 1.6192195415496826 0.0001885167439468205 0.005085904151201248 0.9999870657920837 15.884549140930176 0.0 0.0 0.0 1.0
-0.9996443390846252 -0.02653437852859497 0.0026785980444401503 2.179558753967285 0.026549082249403 -0.9996317625045776 0.005611412692815065 1.6020245552062988 0.002528716344386339 0.005680530797690153 0.9999806880950928 15.839314460754395 0.0 0.0 0.0 1.0
-0.9998263120651245 -0.017447873950004578 0.006549680605530739 2.1202797889709473 0.01748393103480339 -0.9998320937156677 0.005488670896738768 1.6329829692840576 0.006452815141528845 0.005602231714874506 0.9999634623527527 15.774027824401855 0.0 0.0 0.0 1.0
-0.9998966455459595 -0.010930296964943409 0.00933897029608488 2.0698397159576416 0.010981541126966476 -0.9999248385429382 0.005453608464449644 1.6620235443115234 0.009278658777475357 0.005555601324886084 0.9999415278434753 15.749412536621094 0.0 0.0 0.0 1.0
-0.9998939633369446 0.00023885875998530537 0.014560471288859844 1.9848192930221558 -0.0001638719841139391 -0.9999867081642151 0.005150999873876572 1.7019540071487427 0.014561507850885391 0.005148067604750395 0.9998807311058044 15.749670028686523 0.0 0.0 0.0 1.0
-0.9997889995574951 0.008588971570134163 0.018659602850675583 1.8985732793807983 -0.008528157137334347 -0.9999580979347229 0.0033363013062626123 1.7547438144683838 0.018687475472688675 0.0031764653977006674 0.999820351600647 15.79169750213623 0.0 0.0 0.0 1.0
-0.9995790123939514 0.017049310728907585 0.023477114737033844 1.797681450843811 -0.016981754451990128 -0.9998510479927063 0.003073906060308218 1.8163241147994995 0.0235260259360075 0.002673929324373603 0.9997196197509766 15.813490867614746 0.0 0.0 0.0 1.0
-0.9990617632865906 0.030029956251382828 0.03120535984635353 1.6496089696884155 -0.029969122260808945 -0.9995478987693787 0.0024154880084097385 1.8211246728897095 0.031263791024684906 0.0014780245255678892 0.9995100498199463 15.77335262298584 0.0 0.0 0.0 1.0
-0.9985249638557434 0.03920441120862961 0.037562787532806396 1.5728644132614136 -0.03922506421804428 -0.9992303848266602 0.00018729534349404275 1.770318865776062 0.0375412218272686 -0.001286383718252182 0.9992942810058594 15.910837173461914 0.0 0.0 0.0 1.0
-0.9973288774490356 0.05411171168088913 0.049061357975006104 1.5343477725982666 -0.054267968982458115 -0.9985246658325195 -0.0018575291614979506 1.6323819160461426 0.04888846352696419 -0.004515028093010187 0.9987940192222595 16.085041046142578 0.0 0.0 0.0 1.0
-0.9961604475975037 0.06536715477705002 0.05823661759495735 1.5532382726669312 -0.06567271053791046 -0.997835636138916 -0.003346266457810998 1.4957048892974854 0.057891834527254105 -0.007157974876463413 0.9982972145080566 16.07137680053711 0.0 0.0 0.0 1.0
-0.9935241937637329 0.08485587686300278 0.07555924355983734 1.5690970420837402 -0.08542700111865997 -0.9963349103927612 -0.004353028256446123 1.2718497514724731 0.07491293549537659 -0.010779638774693012 0.9971318244934082 15.920207977294922 0.0 0.0 0.0 1.0
-0.9910424947738647 0.09971374273300171 0.08883640915155411 1.503675103187561 -0.10053472220897675 -0.9949219226837158 -0.004804226569831371 1.1370563507080078 0.08790624886751175 -0.013692337088286877 0.9960346221923828 15.868890762329102 0.0 0.0 0.0 1.0
-0.9859940409660339 0.12500393390655518 0.11040741950273514 1.3096293210983276 -0.12620395421981812 -0.9919965863227844 -0.00392060074955225 0.9162408709526062 0.10903368890285492 -0.017799541354179382 0.9938786625862122 15.672056198120117 0.0 0.0 0.0 1.0
-0.9816135764122009 0.1434064656496048 0.12597350776195526 1.156022071838379 -0.14499197900295258 -0.9894267916679382 -0.003460338106378913 0.7899734377861023 0.12414532154798508 -0.02166186273097992 0.9920275807380676 15.547195434570312 0.0 0.0 0.0 1.0
-0.9733801484107971 0.17303043603897095 0.15030477941036224 0.8345744609832764 -0.17483723163604736 -0.9845966100692749 0.0012114096898585558 0.700305700302124 0.1481991857290268 -0.025099709630012512 0.9886389374732971 15.444327354431152 0.0 0.0 0.0 1.0
-0.9671359062194824 0.19272218644618988 0.16585007309913635 0.6837984919548035 -0.19446806609630585 -0.9808917045593262 0.005803647916764021 0.6504225134849548 0.163799449801445 -0.026639629155397415 0.986133873462677 15.369413375854492 0.0 0.0 0.0 1.0
-0.9564850330352783 0.22166994214057922 0.18973346054553986 0.6634436845779419 -0.2232246696949005 -0.9746747016906738 0.01341371238231659 0.6379871964454651 0.1879018247127533 -0.029523173347115517 0.9817439913749695 15.356886863708496 0.0 0.0 0.0 1.0
-0.9487165808677673 0.24062137305736542 0.20503222942352295 0.6864475011825562 -0.2417239099740982 -0.9701381325721741 0.020038239657878876 0.6643301248550415 0.2037312090396881 -0.030550584197044373 0.9785500764846802 15.356287956237793 0.0 0.0 0.0 1.0
-0.9406898021697998 0.2588654160499573 0.21929757297039032 0.7025105953216553 -0.2596976161003113 -0.9653521180152893 0.025542452931404114 0.7258002161979675 0.21831142902374268 -0.03292353078722954 0.9753236174583435 15.387720108032227 0.0 0.0 0.0 1.0
-0.9281078577041626 0.2856481373310089 0.23879052698612213 0.7640057802200317 -0.28568220138549805 -0.957676351070404 0.03523821756243706 0.9038698673248291 0.23874977231025696 -0.03551333770155907 0.9704315066337585 15.409144401550293 0.0 0.0 0.0 1.0
-0.9196913242340088 0.3021712899208069 0.25071969628334045 0.8606919646263123 -0.301459938287735 -0.9525443315505981 0.04220437631011009 0.9807369709014893 0.2515745759010315 -0.03676694259047508 0.9671393036842346 15.404572486877441 0.0 0.0 0.0 1.0
-0.9065629243850708 0.32591089606285095 0.26818984746932983 1.046748399734497 -0.3241618573665619 -0.9445661306381226 0.052094802260398865 0.9798458814620972 0.27030131220817566 -0.039709705859422684 0.9619565010070801 15.539786338806152 0.0 0.0 0.0 1.0
-0.8973243236541748 0.34101971983909607 0.2802046835422516 1.193447470664978 -0.3392019271850586 -0.9390119314193726 0.05655663087964058 0.9976562857627869 0.2824024558067322 -0.04429633170366287 0.9582727551460266 15.619844436645508 0.0 0.0 0.0 1.0
-0.8814796805381775 0.3645792603492737 0.30012577772140503 1.325467824935913 -0.36284270882606506 -0.9296743869781494 0.06364504992961884 1.0649429559707642 0.30222293734550476 -0.052796632051467896 0.9517740607261658 15.728537559509277 0.0 0.0 0.0 1.0
-0.8695840835571289 0.3811052739620209 0.3139781057834625 1.3403056859970093 -0.37983182072639465 -0.9225650429725647 0.06783489882946014 1.164808988571167 0.31551745533943176 -0.060270726680755615 0.9470037817955017 15.755229949951172 0.0 0.0 0.0 1.0
-0.8478768467903137 0.40957745909690857 0.33667656779289246 1.3028666973114014 -0.4088294506072998 -0.9093814492225647 0.07670607417821884 1.304317831993103 0.337584525346756 -0.07260598987340927 0.9384908676147461 15.621515274047852 0.0 0.0 0.0 1.0
-0.8309729695320129 0.42975831031799316 0.3532586395740509 1.2556713819503784 -0.4297153949737549 -0.8991389870643616 0.0830286368727684 1.3209376335144043 0.35331088304519653 -0.08280611783266068 0.9318339824676514 15.568584442138672 0.0 0.0 0.0 1.0
-0.8032001256942749 0.4595890939235687 0.3790084719657898 1.163654088973999 -0.4616606533527374 -0.8823195695877075 0.09155092388391495 1.3627896308898926 0.37648242712020874 -0.10143959522247314 0.9208534359931946 15.379515647888184 0.0 0.0 0.0 1.0
-0.7837831377983093 0.4786734879016876 0.39567118883132935 1.1271039247512817 -0.482366144657135 -0.8705142736434937 0.0976104810833931 1.4260503053665161 0.3911609649658203 -0.11435292661190033 0.9131903052330017 15.260530471801758 0.0 0.0 0.0 1.0
-0.754499614238739 0.5042288303375244 0.4200996160507202 1.0849369764328003 -0.5111650824546814 -0.852956235408783 0.10571599751710892 1.5671076774597168 0.41163164377212524 -0.1349775791168213 0.9012992978096008 15.26921558380127 0.0 0.0 0.0 1.0
-0.7354455590248108 0.5192311406135559 0.4353376626968384 1.057106614112854 -0.528068482875824 -0.841795027256012 0.11191444844007492 1.6591185331344604 0.4245745539665222 -0.14758111536502838 0.8932839632034302 15.219609260559082 0.0 0.0 0.0 1.0
-0.7170828580856323 0.5324661731719971 0.4497465491294861 1.0539413690567017 -0.5434249639511108 -0.8311784863471985 0.1176077201962471 1.7269638776779175 0.4364418089389801 -0.1600690335035324 0.8853792548179626 15.194914817810059 0.0 0.0 0.0 1.0
-0.6912468075752258 0.5496974587440491 0.46905285120010376 1.0948359966278076 -0.5634183287620544 -0.8164317011833191 0.12648747861385345 1.726314902305603 0.45247945189476013 -0.1768389195203781 0.8740653991699219 15.081467628479004 0.0 0.0 0.0 1.0
-0.6759015917778015 0.558756947517395 0.4805701971054077 1.1457144021987915 -0.5743865966796875 -0.8079456090927124 0.1315445899963379 1.6306896209716797 0.4617760181427002 -0.18712186813354492 0.8670341968536377 15.108882904052734 0.0 0.0 0.0 1.0
-0.6544538736343384 0.5697957873344421 0.49701404571533203 1.2696735858917236 -0.5883321166038513 -0.7966505885124207 0.1386115998029709 1.421170711517334 0.47492682933807373 -0.20169441401958466 0.8566001653671265 15.11670207977295 0.0 0.0 0.0 1.0
-0.6414986252784729 0.5760537981987 0.5065979957580566 1.393960952758789 -0.5963005423545837 -0.7899017930030823 0.14311139285564423 1.3141820430755615 0.4826025068759918 -0.21027888357639313 0.850222110748291 15.041203498840332 0.0 0.0 0.0 1.0
-0.6227549314498901 0.5842528343200684 0.5204083919525146 1.5246765613555908 -0.6068175435066223 -0.7805335521697998 0.15013277530670166 1.2347832918167114 0.4939117431640625 -0.22229701280593872 0.84061598777771 15.061070442199707 0.0 0.0 0.0 1.0
-0.6101873517036438 0.5897815823554993 0.5289887189865112 1.5779088735580444 -0.6134015321731567 -0.774272084236145 0.15569618344306946 1.1796927452087402 0.5014079213142395 -0.229478657245636 0.8342239856719971 15.16264820098877 0.0 0.0 0.0 1.0
-0.5893274545669556 0.5977640748023987 0.5434806942939758 1.6675801277160645 -0.6232841610908508 -0.7644116878509521 0.16489888727664948 1.2050182819366455 0.5140136480331421 -0.24156348407268524 0.8230656385421753 15.183396339416504 0.0 0.0 0.0 1.0
-0.5743300318717957 0.6038842797279358 0.5526923537254333 1.6747807264328003 -0.6304035782814026 -0.7569721341133118 0.17200146615505219 1.2381031513214111 0.5222417116165161 -0.24963361024856567 0.8154426217079163 15.157427787780762 0.0 0.0 0.0 1.0
-0.5492726564407349 0.6141478419303894 0.5666762590408325 1.610823392868042 -0.6424203515052795 -0.7440201640129089 0.18365760147571564 1.402527928352356 0.5344114899635315 -0.26316627860069275 0.803210973739624 15.16001033782959 0.0 0.0 0.0 1.0
-0.5310787558555603 0.6222403049468994 0.5751280784606934 1.5274932384490967 -0.6512234210968018 -0.7339935302734375 0.19277344644069672 1.5281286239624023 0.5420917272567749 -0.27215901017189026 0.7950258255004883 15.130048751831055 0.0 0.0 0.0 1.0
-0.5108118057250977 0.6303303837776184 0.5845980644226074 1.4064130783081055 -0.6605736613273621 -0.7229804992675781 0.20234040915966034 1.6130290031433105 0.5501943230628967 -0.2828122079372406 0.7856866121292114 15.168665885925293 0.0 0.0 0.0 1.0
-0.47986844182014465 0.6427361965179443 0.5971737504005432 1.255387783050537 -0.6744737029075623 -0.705562174320221 0.21741023659706116 1.6682451963424683 0.5610806345939636 -0.29844969511032104 0.7720856666564941 15.11089038848877 0.0 0.0 0.0 1.0
-0.45982998609542847 0.6499927639961243 0.6050336956977844 1.1701035499572754 -0.6831622123718262 -0.6942206621170044 0.226598858833313 1.6529077291488647 0.5673145651817322 -0.309139221906662 0.7632739543914795 15.251657485961914 0.0 0.0 0.0 1.0
-0.4301804304122925 0.6593555808067322 0.6165995597839355 1.0860958099365234 -0.6946948766708374 -0.6779719591140747 0.24031873047351837 1.6117008924484253 0.5764927268028259 -0.3249681293964386 0.749701201915741 15.323967933654785 0.0 0.0 0.0 1.0
-0.4111884534358978 0.6641814708709717 0.6243292689323425 1.0688433647155762 -0.7013853192329407 -0.6679904460906982 0.2486914098262787 1.6425424814224243 0.5822222232818604 -0.3356363773345947 0.7405170798301697 15.325865745544434 0.0 0.0 0.0 1.0
-0.38415172696113586 0.6714460849761963 0.6337094306945801 1.1567984819412231 -0.7107252478599548 -0.6531694531440735 0.2612265646457672 1.6903268098831177 0.5893191695213318 -0.3500426411628723 0.7281298637390137 15.444315910339355 0.0 0.0 0.0 1.0
-0.3660446107387543 0.6754687428474426 0.6401197910308838 1.2850511074066162 -0.716223955154419 -0.6436702609062195 0.2696514427661896 1.674004077911377 0.594167172908783 -0.35976463556289673 0.7193989157676697 15.484794616699219 0.0 0.0 0.0 1.0
-0.339449018239975 0.6810489296913147 0.6488040685653687 1.5120737552642822 -0.7239245176315308 -0.6295647621154785 0.28210195899009705 1.6481711864471436 0.600589394569397 -0.37392595410346985 0.7067331671714783 15.55233383178711 0.0 0.0 0.0 1.0
-0.32143354415893555 0.6844568252563477 0.6543694138526917 1.647446632385254 -0.7287956476211548 -0.620031476020813 0.29054751992225647 1.6020795106887817 0.6045968532562256 -0.38350987434387207 0.6981281042098999 15.627243995666504 0.0 0.0 0.0 1.0
-0.29322510957717896 0.6893155574798584 0.6624674201011658 1.671692132949829 -0.7359842658042908 -0.6050195097923279 0.3037738800048828 1.5693283081054688 0.6102017760276794 -0.39849144220352173 0.6847323179244995 15.707271575927734 0.0 0.0 0.0 1.0
-0.2730542719364166 0.6923781037330627 0.6678727269172668 1.6161706447601318 -0.7409887313842773 -0.5941230654716492 0.31297528743743896 1.5575895309448242 0.6134958267211914 -0.40942689776420593 0.6752721667289734 15.745101928710938 0.0 0.0 0.0 1.0
-0.240950807929039 0.6971029043197632 0.6752704977989197 1.4470133781433105 -0.7487205862998962 -0.5762237310409546 0.32769450545310974 1.596571922302246 0.6175436973571777 -0.4266306459903717 0.6607768535614014 15.736115455627441 0.0 0.0 0.0 1.0
-0.2186862975358963 0.7011955976486206 0.6786022782325745 1.2926853895187378 -0.7541086077690125 -0.5627897381782532 0.3385082483291626 1.6202012300491333 0.619270920753479 -0.437712699174881 0.6518520712852478 15.80947208404541 0.0 0.0 0.0 1.0
-0.19447489082813263 0.7046319246292114 0.6824026107788086 1.1921287775039673 -0.7591718435287476 -0.5486624836921692 0.3501822352409363 1.5479730367660522 0.6211583018302917 -0.4499591886997223 0.6416378021240234 15.85004997253418 0.0 0.0 0.0 1.0
-0.15865066647529602 0.7090955376625061 0.6870323419570923 1.0916895866394043 -0.7663865685462952 -0.5271497368812561 0.3671032190322876 1.4082517623901367 0.6224802136421204 -0.46829119324684143 0.6270739436149597 15.918153762817383 0.0 0.0 0.0 1.0
-0.13545742630958557 0.710415780544281 0.69062340259552 1.0821946859359741 -0.7704164385795593 -0.5138136148452759 0.3774309456348419 1.3195979595184326 0.6229845881462097 -0.4809418022632599 0.6169158220291138 15.924479484558105 0.0 0.0 0.0 1.0
-0.10138493031263351 0.7131165862083435 0.6936755776405334 1.1318844556808472 -0.7758800983428955 -0.49310246109962463 0.39352256059646606 1.350554347038269 0.6226806044578552 -0.4983118176460266 0.6032861471176147 15.981975555419922 0.0 0.0 0.0 1.0
-0.07962413877248764 0.715186595916748 0.6943833231925964 1.2092758417129517 -0.7789323925971985 -0.4793250262737274 0.40436601638793945 1.3957509994506836 0.6220324635505676 -0.5086803436279297 0.5952478051185608 16.06930923461914 0.0 0.0 0.0 1.0
-0.047500789165496826 0.716389536857605 0.6960816979408264 1.3472259044647217 -0.7822087407112122 -0.4600639343261719 0.4201079308986664 1.3654335737228394 0.6212030053138733 -0.5245257019996643 0.5822195410728455 16.09066390991211 0.0 0.0 0.0 1.0
-0.025400541722774506 0.7169771194458008 0.6966338157653809 1.4896299839019775 -0.7837895154953003 -0.4468284547328949 0.43129846453666687 1.333437442779541 0.6205069422721863 -0.5350590348243713 0.5733088254928589 16.15897560119629 0.0 0.0 0.0 1.0
0.009529964998364449 0.7172446250915527 0.6967563033103943 1.6146049499511719 -0.7852529883384705 -0.42603424191474915 0.4493022859096527 1.29794180393219 0.6191017031669617 -0.5514118075370789 0.5591583847999573 16.27417755126953 0.0 0.0 0.0 1.0
0.03436778113245964 0.7164109349250793 0.6968315243721008 1.635758399963379 -0.7854503393173218 -0.41176825761795044 0.4620765149593353 1.257941484451294 0.617969810962677 -0.5632070899009705 0.5485536456108093 16.192907333374023 0.0 0.0 0.0 1.0
0.07405741512775421 0.7143368124961853 0.6958723664283752 1.5708918571472168 -0.7848682999610901 -0.3887264132499695 0.48256969451904297 1.262579321861267 0.6152212619781494 -0.5819060802459717 0.5318722724914551 15.940539360046387 0.0 0.0 0.0 1.0
0.10273990780115128 0.7124212384223938 0.6941905617713928 1.5064185857772827 -0.7832835912704468 -0.3722166121006012 0.4979173243045807 1.279016137123108 0.6131160855293274 -0.5949040055274963 0.5197863578796387 15.728099822998047 0.0 0.0 0.0 1.0
0.14737951755523682 0.7091068625450134 0.6895264387130737 1.4230029582977295 -0.7792769074440002 -0.3460691273212433 0.5224592089653015 1.3034614324569702 0.609103262424469 -0.614331841468811 0.5015870928764343 15.51680850982666 0.0 0.0 0.0 1.0
0.17743699252605438 0.7069056630134583 0.6846900582313538 1.3586167097091675 -0.7750335931777954 -0.3283882141113281 0.5398926734924316 1.2662864923477173 0.6064973473548889 -0.6264547109603882 0.48960745334625244 15.502317428588867 0.0 0.0 0.0 1.0
0.20644164085388184 0.7038182616233826 0.6797217726707458 1.2970666885375977 -0.7700062990188599 -0.3117654025554657 0.5566800236701965 1.2134262323379517 0.6037153005599976 -0.6383119821548462 0.4775831401348114 15.5333251953125 0.0 0.0 0.0 1.0
0.24768361449241638 0.6976876854896545 0.6722237467765808 1.2599823474884033 -0.7619071006774902 -0.2883225679397583 0.5799720883369446 1.1884247064590454 0.5984566807746887 -0.6558216214179993 0.46016043424606323 15.464198112487793 0.0 0.0 0.0 1.0
0.27385154366493225 0.6941245794296265 0.6657299399375916 1.3001368045806885 -0.7559364438056946 -0.2726020812988281 0.5951875448226929 1.2025790214538574 0.5946136713027954 -0.6662425398826599 0.450061559677124 15.478745460510254 0.0 0.0 0.0 1.0
0.31004321575164795 0.6885875463485718 0.6555306315422058 1.348597764968872 -0.7474442720413208 -0.24956542253494263 0.61566561460495 1.1964324712753296 0.5875374674797058 -0.6808555722236633 0.4373047351837158 15.58794116973877 0.0 0.0 0.0 1.0
0.3334222733974457 0.6838979721069336 0.6489322781562805 1.4359110593795776 -0.7415422797203064 -0.23481445014476776 0.6284721493721008 1.1656118631362915 0.5821895003318787 -0.6907573342323303 0.42884692549705505 15.718334197998047 0.0 0.0 0.0 1.0
0.3685210943222046 0.67641282081604 0.6376973390579224 1.4825975894927979 -0.7323408722877502 -0.2112865298986435 0.6473289728164673 1.1087449789047241 0.5725984573364258 -0.7055662274360657 0.41750121116638184 15.875509262084961 0.0 0.0 0.0 1.0
0.392711877822876 0.6697908639907837 0.6302043795585632 1.425400733947754 -0.7257830500602722 -0.19513748586177826 0.6596668362617493 1.0072804689407349 0.5648153424263 -0.7164506316184998 0.40949004888534546 15.92683219909668 0.0 0.0 0.0 1.0
0.4320155084133148 0.656802237033844 0.6180400252342224 1.2972993850708008 -0.7144138216972351 -0.16902059316635132 0.6790028810501099 1.0010478496551514 0.5504320859909058 -0.7348760962486267 0.39620909094810486 15.839679718017578 0.0 0.0 0.0 1.0
0.460334837436676 0.6460224390029907 0.6088898181915283 1.22651207447052 -0.705521285533905 -0.1500738561153412 0.6926164627075195 1.0844613313674927 0.538824200630188 -0.748420238494873 0.3866983652114868 15.628678321838379 0.0 0.0 0.0 1.0
0.5067136883735657 0.6275674104690552 0.5911009907722473 1.2067532539367676 -0.6879884600639343 -0.11882731318473816 0.7159273028373718 1.1707409620285034 0.5195316076278687 -0.7694408297538757 0.37154772877693176 15.460539817810059 0.0 0.0 0.0 1.0
0.5376771092414856 0.6136614084243774 0.5782067179679871 1.2843363285064697 -0.6740174889564514 -0.09917468577623367 0.7320278882980347 1.209153652191162 0.506560742855072 -0.7833160758018494 0.3602945804595947 15.358314514160156 0.0 0.0 0.0 1.0
0.5797288417816162 0.5934697985649109 0.5583082437515259 1.3954325914382935 -0.6527926921844482 -0.07177075743675232 0.7541291117668152 1.177107810974121 0.48762303590774536 -0.8016499280929565 0.3458051383495331 15.290459632873535 0.0 0.0 0.0 1.0
0.6054773330688477 0.5796326398849487 0.5453652143478394 1.4610077142715454 -0.638096034526825 -0.055973347276449203 0.7679195404052734 1.1166555881500244 0.47563713788986206 -0.8129532933235168 0.3359706699848175 15.23863410949707 0.0 0.0 0.0 1.0
0.6283029913902283 0.5662002563476562 0.5335284471511841 1.4966505765914917 -0.6243468523025513 -0.04217153787612915 0.78000807762146 1.0564817190170288 0.46414050459861755 -0.8231881856918335 0.32700884342193604 15.216452598571777 0.0 0.0 0.0 1.0
0.6599039435386658 0.5466961860656738 0.5154125094413757 1.5095378160476685 -0.6038385629653931 -0.022319914773106575 0.796794056892395 0.8926936984062195 0.44710826873779297 -0.8370335102081299 0.3153872489929199 15.318994522094727 0.0 0.0 0.0 1.0
0.6798831820487976 0.532599151134491 0.5040803551673889 1.4829715490341187 -0.5903640389442444 -0.0102341677993536 0.8070722222328186 0.7514728903770447 0.4350048303604126 -0.8463057279586792 0.30746933817863464 15.45054817199707 0.0 0.0 0.0 1.0
0.7108961343765259 0.5089689493179321 0.48536306619644165 1.362372875213623 -0.5674482583999634 0.007388521451503038 0.8233758807182312 0.7206487655639648 0.4154866337776184 -0.8607531785964966 0.29406601190567017 15.592935562133789 0.0 0.0 0.0 1.0
0.7316958904266357 0.4924885332584381 0.4712495505809784 1.2206692695617676 -0.5507088303565979 0.019716961309313774 0.8344644904136658 0.6799765825271606 0.4016726016998291 -0.8700955510139465 0.28564462065696716 15.50076961517334 0.0 0.0 0.0 1.0
0.7620777487754822 0.4658198058605194 0.4497215151786804 0.8984490036964417 -0.5247295498847961 0.037397049367427826 0.8504471778869629 0.6944093704223633 0.3793368637561798 -0.8840889930725098 0.2729288637638092 15.44530963897705 0.0 0.0 0.0 1.0
0.7822820544242859 0.44701772928237915 0.43383169174194336 0.6618635058403015 -0.5062970519065857 0.05053804814815521 0.8608769774436951 0.6895139813423157 0.36290228366851807 -0.8930963277816772 0.2658587694168091 15.35331916809082 0.0 0.0 0.0 1.0
0.8106027841567993 0.4175178110599518 0.4106117784976959 0.5332745909690857 -0.478128045797348 0.06703322380781174 0.8757283091545105 0.6439940333366394 0.33810752630233765 -0.9061928391456604 0.25396427512168884 15.462907791137695 0.0 0.0 0.0 1.0
0.8278481364250183 0.39907029271125793 0.3942211866378784 0.49159473180770874 -0.45923393964767456 0.07857208698987961 0.8848336338996887 0.6496738195419312 0.3221360445022583 -0.9135476350784302 0.24831238389015198 15.507935523986816 0.0 0.0 0.0 1.0
0.8511372804641724 0.37133607268333435 0.37104567885398865 0.4384624660015106 -0.43143707513809204 0.09217435866594315 0.8974218368530273 0.8221168518066406 0.2990442216396332 -0.923911988735199 0.23866117000579834 15.703961372375488 0.0 0.0 0.0 1.0
0.8652926087379456 0.3533526062965393 0.35554268956184387 0.450358510017395 -0.4134305417537689 0.10199934989213943 0.9048045873641968 1.000931739807129 0.2834499478340149 -0.9299129247665405 0.23434604704380035 15.810691833496094 0.0 0.0 0.0 1.0
0.8787888288497925 0.33536577224731445 0.33949968218803406 0.49065038561820984 -0.39502647519111633 0.11207598447799683 0.9118075966835022 1.1588587760925293 0.26773929595947266 -0.9353976249694824 0.23096948862075806 15.96030330657959 0.0 0.0 0.0 1.0
0.8968601226806641 0.3090740442276001 0.316409707069397 0.6245169043540955 -0.36795204877853394 0.12434625625610352 0.9214929938316345 1.2816863059997559 0.2454652041196823 -0.9428738951683044 0.2252456396818161 16.131290435791016 0.0 0.0 0.0 1.0
0.9076162576675415 0.2918773889541626 0.3017289638519287 0.6809396743774414 -0.3505164086818695 0.13136202096939087 0.927298367023468 1.3816982507705688 0.2310217022895813 -0.9473919868469238 0.2215341180562973 16.14008331298828 0.0 0.0 0.0 1.0
0.9222946763038635 0.2657225430011749 0.2806493639945984 0.6469789743423462 -0.32529568672180176 0.14159515500068665 0.9349510669708252 1.4974926710128784 0.20869900286197662 -0.953594446182251 0.2170308530330658 16.217662811279297 0.0 0.0 0.0 1.0
0.9318879842758179 0.24695666134357452 0.26570141315460205 0.5929771661758423 -0.30738794803619385 0.14868764579296112 0.9398961067199707 1.5102118253707886 0.1926070749759674 -0.9575512409210205 0.2144717276096344 16.136476516723633 0.0 0.0 0.0 1.0
0.9468305706977844 0.2132323533296585 0.24092288315296173 0.5308898091316223 -0.2768595814704895 0.15854384005069733 0.9477407932281494 1.5092909336090088 0.16389216482639313 -0.9640517830848694 0.2091495841741562 15.882527351379395 0.0 0.0 0.0 1.0
0.9570658206939697 0.18678422272205353 0.22166796028614044 0.5578143000602722 -0.25297778844833374 0.16487441956996918 0.953319787979126 1.4474048614501953 0.1415177285671234 -0.9684668779373169 0.20504793524742126 15.835441589355469 0.0 0.0 0.0 1.0
0.9721731543540955 0.141781285405159 0.18648706376552582 0.9304343461990356 -0.20995406806468964 0.17420275509357452 0.9620668888092041 1.1088122129440308 0.10391651839017868 -0.9744493365287781 0.19912280142307281 15.779013633728027 0.0 0.0 0.0 1.0
0.9796744585037231 0.11388254910707474 0.1651322841644287 1.111513376235962 -0.18349917232990265 0.17624756693840027 0.967090904712677 0.8842471837997437 0.08103061467409134 -0.9777359366416931 0.1935625970363617 15.8761568069458 0.0 0.0 0.0 1.0
0.987071692943573 0.07885392755270004 0.13954061269760132 1.1680505275726318 -0.15172119438648224 0.17900356650352478 0.9720793962478638 0.6410768628120422 0.0516740120947361 -0.9806833267211914 0.1886531561613083 15.847821235656738 0.0 0.0 0.0 1.0
0.9898725152015686 0.060237765312194824 0.1285448968410492 1.1239341497421265 -0.13742589950561523 0.17961877584457397 0.9740899205207825 0.5119908452033997 0.03558792546391487 -0.9818902611732483 0.18607792258262634 16.079219818115234 0.0 0.0 0.0 1.0
0.9926572442054749 0.038560304790735245 0.1146501824259758 1.027267336845398 -0.11976008117198944 0.18007215857505798 0.9763357639312744 0.46160775423049927 0.017002500593662262 -0.9828972816467285 0.18336792290210724 16.14362335205078 0.0 0.0 0.0 1.0
0.9938729405403137 0.026444433256983757 0.10731862485408783 0.9929792881011963 -0.11033172160387039 0.1794210523366928 0.9775658249855042 0.4742414951324463 0.006595953367650509 -0.9834169149398804 0.18123939633369446 16.222463607788086 0.0 0.0 0.0 1.0
0.9951133131980896 0.01368662528693676 0.09778662025928497 0.954075276851654 -0.09864721447229385 0.18068213760852814 0.978581964969635 0.5627658367156982 -0.004274811130017042 -0.9834463000297546 0.18114934861660004 16.269393920898438 0.0 0.0 0.0 1.0
0.9968283772468567 -0.008852900937199593 0.07908768951892853 0.9081708788871765 -0.07614605873823166 0.1827424317598343 0.980207622051239 0.6539652943611145 -0.023130357265472412 -0.9831209778785706 0.18148872256278992 16.253673553466797 0.0 0.0 0.0 1.0
0.9976940155029297 -0.02712506242096424 0.06221599504351616 0.870729386806488 -0.05622094124555588 0.18325984477996826 0.9814555644989014 0.6651778817176819 -0.03802373632788658 -0.9826902151107788 0.18131224811077118 16.127918243408203 0.0 0.0 0.0 1.0
0.9976869821548462 -0.05992620065808296 0.032086554914712906 0.8251407742500305 -0.020605096593499184 0.1832100749015808 0.9828578233718872 0.6937915086746216 -0.06477751582860947 -0.9812455773353577 0.1815515160560608 15.96811294555664 0.0 0.0 0.0 1.0
0.9963269233703613 -0.08522684127092361 0.008310996927320957 0.9245515465736389 0.007394109386950731 0.18231838941574097 0.9832117557525635 0.6629456877708435 -0.08531127870082855 -0.9795388579368591 0.18227890133857727 15.827174186706543 0.0 0.0 0.0 1.0
0.9918696284294128 -0.12368261814117432 -0.029953157529234886 1.118232250213623 0.05208004638552666 0.17975592613220215 0.9823316335678101 0.6370358467102051 -0.1161130890250206 -0.9759049415588379 0.18473583459854126 15.802451133728027 0.0 0.0 0.0 1.0
0.9874706268310547 -0.14841501414775848 -0.053616687655448914 1.2387053966522217 0.08009547740221024 0.1786394566297531 0.9806491136550903 0.6175125241279602 -0.1359649896621704 -0.9726566076278687 0.1882885843515396 15.856475830078125 0.0 0.0 0.0 1.0
0.9794947504997253 -0.1822485774755478 -0.08588065952062607 1.4014489650726318 0.11818189918994904 0.17452673614025116 0.9775343537330627 0.5298523306846619 -0.16316577792167664 -0.9676393270492554 0.19248650968074799 16.0819091796875 0.0 0.0 0.0 1.0
0.9738807678222656 -0.20178814232349396 -0.10410469770431519 1.481331467628479 0.1396041363477707 0.17053978145122528 0.9754111170768738 0.5229620337486267 -0.17907240986824036 -0.9644675850868225 0.19425587356090546 16.120710372924805 0.0 0.0 0.0 1.0
0.9653069376945496 -0.22838331758975983 -0.1265842765569687 1.5522772073745728 0.16677306592464447 0.16622070968151093 0.9718834161758423 0.6286747455596924 -0.20092104375362396 -0.9592766761779785 0.19854219257831573 16.11029815673828 0.0 0.0 0.0 1.0
0.959518313407898 -0.24492235481739044 -0.13905979692935944 1.6389615535736084 0.18243204057216644 0.16431106626987457 0.9693917632102966 0.7284732460975647 -0.21457664668560028 -0.9555181264877319 0.20234116911888123 16.047122955322266 0.0 0.0 0.0 1.0
0.9505166411399841 -0.2682534158229828 -0.1567104607820511 1.8633520603179932 0.20421260595321655 0.15934742987155914 0.9658703804016113 0.8977016806602478 -0.23412662744522095 -0.9500781297683716 0.2062431275844574 15.878010749816895 0.0 0.0 0.0 1.0
0.9434435367584229 -0.2851286828517914 -0.1691623479127884 1.9988805055618286 0.2200315296649933 0.15683194994926453 0.9628031253814697 0.9800137877464294 -0.24799270927906036 -0.9455714821815491 0.2106993943452835 15.768096923828125 0.0 0.0 0.0 1.0
0.9352848529815674 -0.30271804332733154 -0.18331390619277954 2.100888252258301 0.23776482045650482 0.15383334457874298 0.959063708782196 0.9462039470672607 -0.2621261179447174 -0.940583348274231 0.21585369110107422 15.622940063476562 0.0 0.0 0.0 1.0
0.920366644859314 -0.33089882135391235 -0.2084016650915146 2.1695384979248047 0.26787176728248596 0.14520493149757385 0.95244961977005 0.8313302993774414 -0.28490349650382996 -0.9324277639389038 0.22228021919727325 15.350351333618164 0.0 0.0 0.0 1.0
0.9080626368522644 -0.35163137316703796 -0.2275470793247223 2.0952837467193604 0.29106059670448303 0.1391228884458542 0.946535050868988 0.7636545896530151 -0.3011744022369385 -0.925743043422699 0.22867833077907562 15.141473770141602 0.0 0.0 0.0 1.0
0.8859527707099915 -0.3841445744037628 -0.25984737277030945 1.914869785308838 0.3296887278556824 0.12761016190052032 0.9354255795478821 0.6194339990615845 -0.32617947459220886 -0.9144116044044495 0.23970471322536469 14.787186622619629 0.0 0.0 0.0 1.0
0.8694916367530823 -0.4053899943828583 -0.2822113633155823 1.824256181716919 0.3560951352119446 0.11849924921989441 0.9269056916236877 0.5112288594245911 -0.34231647849082947 -0.9064308404922485 0.2473915070295334 14.634167671203613 0.0 0.0 0.0 1.0
0.8432682752609253 -0.4364202320575714 -0.31374508142471313 1.7265578508377075 0.3940414786338806 0.10496427863836288 0.9130793213844299 0.3226834833621979 -0.36555424332618713 -0.8935993909835815 0.26048073172569275 14.663071632385254 0.0 0.0 0.0 1.0
0.8261545896530151 -0.4540826976299286 -0.33358287811279297 1.664379358291626 0.4169900119304657 0.09457981586456299 0.9039767384529114 0.21982501447200775 -0.378930002450943 -0.88592529296875 0.26748549938201904 14.7415132522583 0.0 0.0 0.0 1.0
0.8021605014801025 -0.477571964263916 -0.35841813683509827 1.6008336544036865 0.44619253277778625 0.08052720874547958 0.8913066983222961 0.21029040217399597 -0.3968006670475006 -0.8748944997787476 0.2776848077774048 14.91317367553711 0.0 0.0 0.0 1.0
0.7869792580604553 -0.49182212352752686 -0.3725247085094452 1.5310728549957275 0.46308544278144836 0.0718807503581047 0.8833940625190735 0.2768773138523102 -0.40769538283348083 -0.8677235245704651 0.2843243479728699 15.020068168640137 0.0 0.0 0.0 1.0
0.7646656036376953 -0.512054979801178 -0.3912622928619385 1.479519248008728 0.48573052883148193 0.058967869728803635 0.8721173405647278 0.37286436557769775 -0.42350009083747864 -0.8569262027740479 0.2938114106655121 15.144969940185547 0.0 0.0 0.0 1.0
0.7486670613288879 -0.5259875059127808 -0.4035279452800751 1.4681164026260376 0.5007338523864746 0.04974624887108803 0.8641706705093384 0.42140859365463257 -0.43446898460388184 -0.8490362167358398 0.3006231188774109 15.116064071655273 0.0 0.0 0.0 1.0
0.7218722701072693 -0.5475857853889465 -0.4231432378292084 1.3374725580215454 0.5238997340202332 0.03293226659297943 0.8511431217193604 0.5026549696922302 -0.4521387815475464 -0.836101233959198 0.3106529116630554 15.216180801391602 0.0 0.0 0.0 1.0
0.7014850378036499 -0.5631952285766602 -0.43672633171081543 1.223086953163147 0.5402531623840332 0.02056661807000637 0.8412511348724365 0.507036030292511 -0.4648066461086273 -0.8260679244995117 0.31869518756866455 15.206915855407715 0.0 0.0 0.0 1.0
0.6795323491096497 -0.5790045857429504 -0.45054352283477783 1.088977336883545 0.5564355254173279 0.0065198298543691635 0.830865204334259 0.5283507108688354 -0.4781373143196106 -0.8152981996536255 0.32660916447639465 15.121976852416992 0.0 0.0 0.0 1.0
0.6429024338722229 -0.6033827662467957 -0.47181108593940735 0.8161938786506653 0.5811492204666138 -0.016991740092635155 0.8136196136474609 0.5360380411148071 -0.49894097447395325 -0.797270655632019 0.3397313952445984 14.993429183959961 0.0 0.0 0.0 1.0
0.6173115372657776 -0.6190727353096008 -0.4854641854763031 0.5741388201713562 0.5964599251747131 -0.03408525511622429 0.8019188046455383 0.5894433259963989 -0.5129932165145874 -0.7845936417579651 0.3482108414173126 15.085554122924805 0.0 0.0 0.0 1.0
0.5768694877624512 -0.6425318717956543 -0.5043554902076721 0.2775154709815979 0.6183914542198181 -0.05987963080406189 0.7835856676101685 0.657141387462616 -0.5336793661117554 -0.7639157176017761 0.3627934753894806 15.182111740112305 0.0 0.0 0.0 1.0
0.5503628253936768 -0.6566407680511475 -0.5156778693199158 0.11288078874349594 0.63103848695755 -0.07728371769189835 0.7718923091888428 0.6898967623710632 -0.5467094779014587 -0.7502333521842957 0.3718315064907074 15.344453811645508 0.0 0.0 0.0 1.0
0.5100322961807251 -0.6763867139816284 -0.5313831567764282 -0.04566200077533722 0.6483972072601318 -0.10360366106033325 0.7542197108268738 0.7280862927436829 -0.5651974081993103 -0.7292237877845764 0.38572603464126587 15.418779373168945 0.0 0.0 0.0 1.0
0.48416227102279663 -0.6883604526519775 -0.54013592004776 -0.06707306206226349 0.6579294204711914 -0.12054165452718735 0.7433697581291199 0.7394044995307922 -0.5768152475357056 -0.7152829170227051 0.39453086256980896 15.458773612976074 0.0 0.0 0.0 1.0
0.4452355206012726 -0.7034810185432434 -0.553967297077179 0.018024511635303497 0.6715356707572937 -0.1468925178050995 0.726266086101532 0.7258310317993164 -0.592288076877594 -0.695368230342865 0.40701085329055786 15.448190689086914 0.0 0.0 0.0 1.0
0.41896936297416687 -0.7131624817848206 -0.5620177388191223 0.14438651502132416 0.6800234913825989 -0.16371217370033264 0.7146792411804199 0.7519270181655884 -0.6016915440559387 -0.6816139817237854 0.41637685894966125 15.32050895690918 0.0 0.0 0.0 1.0
0.37801674008369446 -0.7268136143684387 -0.5734503865242004 0.3041009306907654 0.6924642324447632 -0.18915565311908722 0.6962136030197144 0.7491399645805359 -0.6144888997077942 -0.6602743268013 0.4317884147167206 15.263415336608887 0.0 0.0 0.0 1.0
0.3486248254776001 -0.7353706955909729 -0.5811116099357605 0.3196418881416321 0.7010787129402161 -0.20689307153224945 0.6824103593826294 0.7558518052101135 -0.6220524907112122 -0.6453101634979248 0.44342470169067383 15.145440101623535 0.0 0.0 0.0 1.0
0.31820574402809143 -0.7426795959472656 -0.5892131328582764 0.24607229232788086 0.7098533511161804 -0.22530293464660645 0.6673430800437927 0.727229118347168 -0.6283735036849976 -0.6306073665618896 0.45550093054771423 15.003119468688965 0.0 0.0 0.0 1.0
0.2687435746192932 -0.7524014115333557 -0.6013892889022827 -0.05407160893082619 0.7234125733375549 -0.2545721232891083 0.6417688727378845 0.6990492939949036 -0.6359647512435913 -0.6075237989425659 0.47588202357292175 14.793441772460938 0.0 0.0 0.0 1.0
0.23622800409793854 -0.7588353753089905 -0.6069309711456299 -0.2706521153450012 0.730380654335022 -0.2733007073402405 0.6259799003601074 0.7613006830215454 -0.64089035987854 -0.5911645889282227 0.489677369594574 14.800187110900879 0.0 0.0 0.0 1.0
0.1850803792476654 -0.7661191821098328 -0.6154727339744568 -0.4651031792163849 0.740391194820404 -0.3031148910522461 0.5999518632888794 0.785205066204071 -0.6461935639381409 -0.5667299032211304 0.5111272931098938 14.774060249328613 0.0 0.0 0.0 1.0
0.15134282410144806 -0.7697214484214783 -0.6201807856559753 -0.5292178392410278 0.7462176084518433 -0.3225035071372986 0.5823665261268616 0.7942533493041992 -0.6482704877853394 -0.5509268045425415 0.5255711078643799 14.822157859802246 0.0 0.0 0.0 1.0
0.10229603201150894 -0.7734003663063049 -0.6256096363067627 -0.4828585684299469 0.7529147267341614 -0.3508245646953583 0.5568137764930725 0.7412392497062683 -0.6501191854476929 -0.5279905200004578 0.5464165806770325 14.647537231445312 0.0 0.0 0.0 1.0
0.07011876255273819 -0.7745299935340881 -0.628638744354248 -0.39859500527381897 0.7562134265899658 -0.3697139024734497 0.5398637652397156 0.630594789981842 -0.6505571603775024 -0.5132396221160889 0.5597861409187317 14.627945899963379 0.0 0.0 0.0 1.0
0.02427530474960804 -0.774732232093811 -0.6318233013153076 -0.31753042340278625 0.7591391205787659 -0.39694252610206604 0.5158918499946594 0.4690592288970947 -0.6504756212234497 -0.492165207862854 0.5784936547279358 14.420608520507812 0.0 0.0 0.0 1.0
-0.004507854115217924 -0.7744664549827576 -0.6325989365577698 -0.2741040885448456 0.7598411440849304 -0.413909375667572 0.5013186931610107 0.3975965678691864 -0.650093138217926 -0.4784148335456848 0.590337336063385 14.30507755279541 0.0 0.0 0.0 1.0
-0.04677264019846916 -0.7725765109062195 -0.6331965327262878 -0.2590551972389221 0.7597055435180664 -0.43909332156181335 0.4796295762062073 0.3440849184989929 -0.648582935333252 -0.45860937237739563 0.6074682474136353 14.261034965515137 0.0 0.0 0.0 1.0
-0.0748201236128807 -0.7703785300254822 -0.6331815719604492 -0.2346029132604599 0.7591552138328552 -0.45572084188461304 0.4647600054740906 0.35417160391807556 -0.6465951800346375 -0.44590967893600464 0.6189339756965637 14.332467079162598 0.0 0.0 0.0 1.0
-0.11766712367534637 -0.7660368084907532 -0.631935179233551 -0.23548562824726105 0.7575643658638 -0.48068520426750183 0.4416309893131256 0.4446510374546051 -0.6420674920082092 -0.42676612734794617 0.636883020401001 14.158876419067383 0.0 0.0 0.0 1.0
-0.14628352224826813 -0.7626217603683472 -0.6300866603851318 -0.24558301270008087 0.7559018135070801 -0.49704277515411377 0.42609959840774536 0.5137346386909485 -0.6381328701972961 -0.4139522910118103 0.6491763591766357 14.118436813354492 0.0 0.0 0.0 1.0
-0.1757964938879013 -0.7581851482391357 -0.6278939843177795 -0.24036821722984314 0.7539932727813721 -0.5137827396392822 0.4092937409877777 0.5710360407829285 -0.632921576499939 -0.4014754593372345 0.6619877219200134 14.040949821472168 0.0 0.0 0.0 1.0
