-0.24442586302757263 0.7186406850814819 0.651008129119873 -1.443599820137024 -0.44345736503601074 -0.6798943281173706 0.5840284824371338 0.31164589524269104 0.8623233437538147 -0.14594268798828125 0.4848702549934387 4.879118919372559 0.0 0.0 0.0 1.0
-0.24437075853347778 0.7190822958946228 0.6505410075187683 -1.444985270500183 -0.4436729848384857 -0.6794530749320984 0.584378182888031 0.31531596183776855 0.8622280359268188 -0.14582252502441406 0.48507583141326904 4.874662399291992 0.0 0.0 0.0 1.0
-0.24862058460712433 0.7188043594360352 0.6492365598678589 -1.4622585773468018 -0.44582200050354004 -0.679983377456665 0.5821214318275452 0.3200514614582062 0.859901487827301 -0.1447165608406067 0.4895166754722595 4.875786304473877 0.0 0.0 0.0 1.0
-0.25443992018699646 0.7236998081207275 0.6414974331855774 -1.518131971359253 -0.4535564184188843 -0.6751516461372375 0.5817704796791077 0.35819464921951294 0.8541351556777954 -0.14292964339256287 0.5000241994857788 4.840463161468506 0.0 0.0 0.0 1.0
-0.2519480288028717 0.721942663192749 0.6444540023803711 -1.4965862035751343 -0.45126062631607056 -0.6767483353614807 0.5817005634307861 0.34782570600509644 0.8560876250267029 -0.14425842463970184 0.4962897002696991 4.86508321762085 0.0 0.0 0.0 1.0
-0.2608281373977661 0.7204463481903076 0.6425929665565491 -1.5367083549499512 -0.45875367522239685 -0.6781737804412842 0.574130117893219 0.3442845046520233 0.8494196534156799 -0.14504261314868927 0.5073941946029663 4.883668899536133 0.0 0.0 0.0 1.0
-0.26233962178230286 0.7199977040290833 0.6424804925918579 -1.5397127866744995 -0.46192532777786255 -0.6782599091529846 0.5714792013168335 0.3368941843509674 0.8472325205802917 -0.1468563824892044 0.5105196237564087 4.9061455726623535 0.0 0.0 0.0 1.0
-0.2628522217273712 0.7198774218559265 0.6424058079719543 -1.5394550561904907 -0.4619726836681366 -0.6784376502037048 0.571229875087738 0.3293246626853943 0.8470478057861328 -0.14662490785121918 0.5108925700187683 4.904656887054443 0.0 0.0 0.0 1.0
-0.2643263638019562 0.7194817066192627 0.642244279384613 -1.5585676431655884 -0.4639984369277954 -0.6786643862724304 0.569315493106842 0.3323066830635071 0.8454803824424744 -0.14751523733139038 0.5132272839546204 4.895130634307861 0.0 0.0 0.0 1.0
-0.26595282554626465 0.7188799977302551 0.6422465443611145 -1.5662060976028442 -0.46448028087615967 -0.6793643236160278 0.5680864453315735 0.33303162455558777 0.8447054028511047 -0.14722667634487152 0.5145844221115112 4.900551795959473 0.0 0.0 0.0 1.0
-0.2766109108924866 0.712735116481781 0.6445890665054321 -1.5881729125976562 -0.46919721364974976 -0.6855428814888 0.5566731095314026 0.28195667266845703 0.8386539220809937 -0.14845754206180573 0.5240419507026672 4.877658367156982 0.0 0.0 0.0 1.0
-0.277630090713501 0.7111966013908386 0.6458489894866943 -1.5741370916366577 -0.4696810245513916 -0.686937689781189 0.5545415878295898 0.2725515067577362 0.838046133518219 -0.14938558638095856 0.5247501134872437 4.898104667663574 0.0 0.0 0.0 1.0
-0.27774062752723694 0.7112715840339661 0.6457188725471497 -1.5636119842529297 -0.4702797830104828 -0.6867833137512207 0.5542252063751221 0.2669544517993927 0.8376736044883728 -0.1497376561164856 0.5252442955970764 4.891994953155518 0.0 0.0 0.0 1.0
-0.2779483497142792 0.7103637456893921 0.646628201007843 -1.5318429470062256 -0.47126254439353943 -0.6874162554740906 0.5526033639907837 0.25910717248916626 0.8370521664619446 -0.15113647282123566 0.5258340835571289 4.878159999847412 0.0 0.0 0.0 1.0
-0.2777736485004425 0.7098296284675598 0.647289514541626 -1.5053313970565796 -0.47210243344306946 -0.6876927018165588 0.5515415072441101 0.25618767738342285 0.8366367816925049 -0.1523832380771637 0.5261352062225342 4.8742289543151855 0.0 0.0 0.0 1.0
-0.2815236449241638 0.6988787055015564 0.6575050950050354 -1.2176259756088257 -0.47411811351776123 -0.6970449090003967 0.5379036664962769 0.13781464099884033 0.8342400193214417 -0.16030247509479523 0.5275856852531433 4.807653427124023 0.0 0.0 0.0 1.0
-0.2833345830440521 0.6959768533706665 0.6598013043403625 -1.1318206787109375 -0.47248122096061707 -0.7000069618225098 0.5354920625686646 0.14068129658699036 0.8345555663108826 -0.16002029180526733 0.5271721482276917 4.766920566558838 0.0 0.0 0.0 1.0
-0.2855779230594635 0.6936430335044861 0.6612900495529175 -1.05162513256073 -0.47190797328948975 -0.7023520469665527 0.5329206585884094 0.13815537095069885 0.834115207195282 -0.15987767279148102 0.527911901473999 4.748143196105957 0.0 0.0 0.0 1.0
-0.2894192934036255 0.6921015977859497 0.6612350940704346 -0.9868737459182739 -0.4703844487667084 -0.704470157623291 0.5314699411392212 0.10563170164823532 0.8336515426635742 -0.15721707046031952 0.5294410586357117 4.8010783195495605 0.0 0.0 0.0 1.0
-0.2974713146686554 0.688216507434845 0.661716639995575 -0.9686325192451477 -0.46635642647743225 -0.7095227241516113 0.5282889604568481 0.040482085198163986 0.8330801129341125 -0.15144498646259308 0.5320168137550354 4.784688949584961 0.0 0.0 0.0 1.0
-0.37096473574638367 0.6483194231987 0.6648812294006348 -0.9755257368087769 -0.4347373843193054 -0.7539081573486328 0.4925707280635834 -0.20767144858837128 0.820602536201477 -0.10632236301898956 0.5615220665931702 4.705728054046631 0.0 0.0 0.0 1.0
-0.3788703680038452 0.6434037685394287 0.6651983261108398 -0.9304747581481934 -0.4275813400745392 -0.7591645121574402 0.4907580316066742 -0.23095211386680603 0.8207505345344543 -0.09849271178245544 0.5627323985099792 4.693042755126953 0.0 0.0 0.0 1.0
-0.3853302299976349 0.636122465133667 0.6684824824333191 -0.899227499961853 -0.4218460023403168 -0.7657274007797241 0.48549720644950867 -0.25856930017471313 0.8207110166549683 -0.09491991996765137 0.5634036064147949 4.7379255294799805 0.0 0.0 0.0 1.0
-0.3944723904132843 0.6299071311950684 0.6690354943275452 -0.8604109287261963 -0.4139602780342102 -0.7718299627304077 0.48261311650276184 -0.2797192335128784 0.8203830718994141 -0.08657656610012054 0.5652221441268921 4.680604457855225 0.0 0.0 0.0 1.0
-0.40144380927085876 0.6253372430801392 0.6691757440567017 -0.8229014277458191 -0.4101387858390808 -0.7760229706764221 0.4791393280029297 -0.2883801758289337 0.8189194202423096 -0.08210741728544235 0.5680046677589417 4.665876865386963 0.0 0.0 0.0 1.0
-0.4309549331665039 0.6070130467414856 0.6676923036575317 -0.6607561707496643 -0.4085708260536194 -0.7909972667694092 0.45540446043014526 -0.30140700936317444 0.8045792579650879 -0.07654080539941788 0.5888919830322266 4.565829753875732 0.0 0.0 0.0 1.0
-0.439179003238678 0.6024067401885986 0.6665042042732239 -0.634358823299408 -0.4094180166721344 -0.7945665121078491 0.4483759105205536 -0.30282774567604065 0.7996866106987 -0.07596156001091003 0.5955930948257446 4.546351432800293 0.0 0.0 0.0 1.0
-0.44736769795417786 0.5988221168518066 0.6642847061157227 -0.611825704574585 -0.41040170192718506 -0.7973909378051758 0.4424230456352234 -0.30566057562828064 0.79462730884552 -0.07469780743122101 0.6024845838546753 4.523346424102783 0.0 0.0 0.0 1.0
-0.45376303791999817 0.5961433053016663 0.6623535752296448 -0.5976267457008362 -0.41182413697242737 -0.7994325160980225 0.4373883605003357 -0.30802083015441895 0.7902531027793884 -0.07430253177881241 0.6082590818405151 4.499259948730469 0.0 0.0 0.0 1.0
-0.4647161662578583 0.5911757349967957 0.6592041254043579 -0.5807178020477295 -0.4145345687866211 -0.8031070232391357 0.42799559235572815 -0.31242701411247253 0.7824320793151855 -0.07436642795801163 0.6182796359062195 4.4730329513549805 0.0 0.0 0.0 1.0
-0.499002605676651 0.5864821672439575 0.6379929780960083 -0.45204606652259827 -0.4221399426460266 -0.8074541687965393 0.4120868742465973 -0.226905956864357 0.756831705570221 -0.06368990242481232 0.6504992842674255 4.400725364685059 0.0 0.0 0.0 1.0
-0.5048799514770508 0.5871304869651794 0.6327511668205261 -0.4571741819381714 -0.4217424988746643 -0.8073742985725403 0.4126499593257904 -0.2149168848991394 0.7531464099884033 -0.058519355952739716 0.6552449464797974 4.39404296875 0.0 0.0 0.0 1.0
-0.5119214057922363 0.5872646570205688 0.6269423365592957 -0.46372273564338684 -0.4190100431442261 -0.8078196048736572 0.41455766558647156 -0.20499369502067566 0.749911367893219 -0.05047418177127838 0.6596099734306335 4.393302917480469 0.0 0.0 0.0 1.0
-0.517181932926178 0.5871820449829102 0.6226877570152283 -0.4719540774822235 -0.4169389307498932 -0.8082278370857239 0.4158481955528259 -0.18925677239894867 0.7474521994590759 -0.04455360025167465 0.6628199219703674 4.3897833824157715 0.0 0.0 0.0 1.0
-0.5236926674842834 0.5862334966659546 0.6181232333183289 -0.4836213290691376 -0.41490599513053894 -0.8092204928398132 0.4159509837627411 -0.14692242443561554 0.7440423369407654 -0.038632553070783615 0.6670145988464355 4.3689703941345215 0.0 0.0 0.0 1.0
-0.5563121438026428 0.5484355688095093 0.6242877840995789 -0.39171290397644043 -0.4100787043571472 -0.8346110582351685 0.36777690052986145 -0.14960977435112 0.7227393984794617 -0.05140835791826248 0.689206063747406 4.310492515563965 0.0 0.0 0.0 1.0
-0.5633814334869385 0.5400856137275696 0.6252270340919495 -0.3939252197742462 -0.4075368046760559 -0.8399445414543152 0.3583391308784485 -0.16198395192623138 0.7186898589134216 -0.052921414375305176 0.6933139562606812 4.287313938140869 0.0 0.0 0.0 1.0
-0.5711458921432495 0.5324930548667908 0.6246947646141052 -0.3951494097709656 -0.4083583354949951 -0.8444997072219849 0.3465021550655365 -0.1667967587709427 0.7120645046234131 -0.05719603970646858 0.6997805237770081 4.279500484466553 0.0 0.0 0.0 1.0
-0.5743972063064575 0.5299060344696045 0.6239129900932312 -0.3927200436592102 -0.4088129699230194 -0.8460355997085571 0.34219250082969666 -0.16275310516357422 0.7091825008392334 -0.05850930139422417 0.7025929689407349 4.305666446685791 0.0 0.0 0.0 1.0
-0.5764254331588745 0.5279825925827026 0.6236730813980103 -0.37654736638069153 -0.4105258285999298 -0.8470322489738464 0.3376460671424866 -0.1702936738729477 0.706542432308197 -0.06140612065792084 0.7050014734268188 4.356202602386475 0.0 0.0 0.0 1.0
-0.5793969631195068 0.5223507285118103 0.6256587505340576 -0.1711944043636322 -0.420437753200531 -0.84916752576828 0.3196037709712982 -0.2696332335472107 0.6982343792915344 -0.0778731182217598 0.7116210460662842 4.528168201446533 0.0 0.0 0.0 1.0
-0.5797827243804932 0.5222271680831909 0.6254045367240906 -0.15304885804653168 -0.42090874910354614 -0.8491998910903931 0.3188970685005188 -0.25513267517089844 0.6976301670074463 -0.07834722101688385 0.7121614217758179 4.559430122375488 0.0 0.0 0.0 1.0
-0.5793552994728088 0.5232483148574829 0.6249468922615051 -0.11776995658874512 -0.42379945516586304 -0.8483249545097351 0.3173936605453491 -0.2395547479391098 0.6962338089942932 -0.0809684619307518 0.7132338881492615 4.546538352966309 0.0 0.0 0.0 1.0
-0.579359769821167 0.5242409110069275 0.6241103410720825 -0.0878996029496193 -0.42522892355918884 -0.8476539254188538 0.3172745406627655 -0.23196303844451904 0.6953579187393188 -0.08157366514205933 0.7140190005302429 4.540285587310791 0.0 0.0 0.0 1.0
-0.5783230662345886 0.5231902003288269 0.625950813293457 -0.03104206919670105 -0.4270205497741699 -0.8479063510894775 0.3141787648200989 -0.22940215468406677 0.6951228976249695 -0.08559703826904297 0.7137767672538757 4.564451217651367 0.0 0.0 0.0 1.0
-0.5808811783790588 0.5195404291152954 0.6266217231750488 0.4725009799003601 -0.43911367654800415 -0.8482024073600769 0.2961955964565277 -0.16463039815425873 0.6853876709938049 -0.10310369729995728 0.7208421230316162 4.654425621032715 0.0 0.0 0.0 1.0
-0.5811573266983032 0.5188770890235901 0.6269152164459229 0.5386230945587158 -0.441646009683609 -0.8481454849243164 0.29257139563560486 -0.18307854235172272 0.6835238933563232 -0.10684458911418915 0.7220659852027893 4.644923210144043 0.0 0.0 0.0 1.0
-0.5840162038803101 0.5162363052368164 0.6264384984970093 0.5933464765548706 -0.44535592198371887 -0.8489751219749451 0.28442811965942383 -0.22019624710083008 0.6786627769470215 -0.11287745833396912 0.7257241010665894 4.59970235824585 0.0 0.0 0.0 1.0
-0.5886213183403015 0.5146467685699463 0.6234289407730103 0.6342258453369141 -0.450236976146698 -0.8492055535316467 0.2759284973144531 -0.2424330860376358 0.6714250445365906 -0.11827336996793747 0.7315735220909119 4.572950839996338 0.0 0.0 0.0 1.0
-0.5924137830734253 0.5165693759918213 0.6182248592376709 0.6660475730895996 -0.45146986842155457 -0.8484297394752502 0.2763005197048187 -0.2211947739124298 0.6672487258911133 -0.11542568355798721 0.7358369827270508 4.594943523406982 0.0 0.0 0.0 1.0
-0.6236369609832764 0.5149280428886414 0.5881547927856445 0.826396107673645 -0.45884910225868225 -0.8502686023712158 0.25787749886512756 -0.10017986595630646 0.6328778862953186 -0.10905234515666962 0.7665331959724426 4.6656174659729 0.0 0.0 0.0 1.0
-0.6283626556396484 0.5134074687957764 0.5844426155090332 0.830813467502594 -0.457722008228302 -0.8514816164970398 0.25587037205696106 -0.08628527075052261 0.629007875919342 -0.10673284530639648 0.7700371146202087 4.688811779022217 0.0 0.0 0.0 1.0
-0.6400972008705139 0.5099401473999023 0.5746621489524841 0.8100299835205078 -0.45477256178855896 -0.8543405532836914 0.25156331062316895 -0.054312217980623245 0.6192393898963928 -0.10031558573246002 0.7787678241729736 4.714401721954346 0.0 0.0 0.0 1.0
-0.6554808020591736 0.5039209127426147 0.5625021457672119 0.7599052786827087 -0.4498711824417114 -0.8587955832481384 0.24512460827827454 -0.026091553270816803 0.6065977215766907 -0.09237901866436005 0.789623498916626 4.717346668243408 0.0 0.0 0.0 1.0
-0.666924774646759 0.4986966550350189 0.5536361932754517 0.7260159254074097 -0.4458508789539337 -0.8624044060707092 0.23974083364009857 -0.010934597812592983 0.5970162153244019 -0.08695007860660553 0.7975031733512878 4.7304253578186035 0.0 0.0 0.0 1.0
-0.7754826545715332 0.4467882513999939 0.4461019039154053 0.3949114978313446 -0.4014395773410797 -0.8942707777023315 0.19780294597148895 -0.047025687992572784 0.4873119294643402 -0.025690197944641113 0.8728500008583069 4.5971221923828125 0.0 0.0 0.0 1.0
-0.7839104533195496 0.44391968846321106 0.4340733587741852 0.4121016561985016 -0.39879149198532104 -0.8958550095558167 0.1959826499223709 -0.08484488725662231 0.4758673310279846 -0.0194719135761261 0.8793014883995056 4.528295040130615 0.0 0.0 0.0 1.0
-0.7890926003456116 0.4408724308013916 0.4277433454990387 0.42983102798461914 -0.39556756615638733 -0.8974422812461853 0.1952529102563858 -0.11002218723297119 0.46995657682418823 -0.015128763392567635 0.8825598955154419 4.493391513824463 0.0 0.0 0.0 1.0
-0.7965118885040283 0.4360407590866089 0.4188523292541504 0.4694112241268158 -0.3886895477771759 -0.8999110460281372 0.19768798351287842 -0.1393861621618271 0.46312984824180603 -0.005342699587345123 0.8862743377685547 4.443848133087158 0.0 0.0 0.0 1.0
-0.8006296753883362 0.4327259957790375 0.4144156575202942 0.4980771541595459 -0.3844466507434845 -0.9015254378318787 0.19862690567970276 -0.1459946185350418 0.45955726504325867 -0.0002941013954114169 0.8881480693817139 4.42236852645874 0.0 0.0 0.0 1.0
-0.8812471032142639 0.35399889945983887 0.3131905794143677 0.5229551792144775 -0.3035793900489807 -0.9317929744720459 0.1990009993314743 0.021523522213101387 0.3622749149799347 0.08029085397720337 0.9286066293716431 4.502062797546387 0.0 0.0 0.0 1.0
-0.9153952598571777 0.3092276155948639 0.2577398419380188 0.3659402132034302 -0.2648865878582001 -0.9448131918907166 0.1927773505449295 0.07149577885866165 0.30312806367874146 0.10819564014673233 0.9467877745628357 4.552893161773682 0.0 0.0 0.0 1.0
-0.9337667226791382 0.2792486250400543 0.2238301932811737 0.28054875135421753 -0.2396012842655182 -0.9523739218711853 0.18861360847949982 0.09669039398431778 0.2658401429653168 0.12249109894037247 0.9562034010887146 4.591085433959961 0.0 0.0 0.0 1.0
-0.9531503915786743 0.2404392808675766 0.1835571825504303 0.18492989242076874 -0.2065044343471527 -0.9606077075004578 0.185980424284935 0.14837712049484253 0.2210434526205063 0.1393619328737259 0.9652554392814636 4.630422115325928 0.0 0.0 0.0 1.0
-0.9629766941070557 0.21664834022521973 0.16043490171432495 0.12670573592185974 -0.18621087074279785 -0.9648837447166443 0.18526971340179443 0.18774569034576416 0.19493940472602844 0.14853569865226746 0.969502866268158 4.65223503112793 0.0 0.0 0.0 1.0
-0.9846981763839722 0.12951813638210297 0.11659584194421768 0.22043634951114655 -0.11032652109861374 -0.9812211394309998 0.15821848809719086 -0.04215184971690178 0.13489846885204315 0.14293384552001953 0.9804959297180176 4.559671878814697 0.0 0.0 0.0 1.0
-0.9849209785461426 0.12833040952682495 0.11602556705474854 0.25401923060417175 -0.10961692035198212 -0.9817578196525574 0.15535688400268555 -0.07686657458543777 0.13384601473808289 0.14029589295387268 0.9810210466384888 4.513350009918213 0.0 0.0 0.0 1.0
-0.9849348664283752 0.12837037444114685 0.11586365103721619 0.2756567895412445 -0.1097414642572403 -0.9818153381347656 0.15490463376045227 -0.09269370883703232 0.13364188373088837 0.13985592126846313 0.9811117053031921 4.4816060066223145 0.0 0.0 0.0 1.0
-0.9849611520767212 0.12804237008094788 0.11600270867347717 0.3146170675754547 -0.10952258855104446 -0.9819873571395874 0.15396614372730255 -0.11788824945688248 0.13362738490104675 0.13894575834274292 0.9812430143356323 4.45820951461792 0.0 0.0 0.0 1.0
-0.984997570514679 0.12646180391311646 0.11741873621940613 0.36492425203323364 -0.10784157365560532 -0.9822814464569092 0.15327534079551697 -0.131229430437088 0.13472172617912292 0.13831321895122528 0.9811826944351196 4.458141803741455 0.0 0.0 0.0 1.0
-0.9886338114738464 0.10657994449138641 0.10603708773851395 0.514006495475769 -0.08903913199901581 -0.9833753705024719 0.158255934715271 0.03253963589668274 0.12114116549491882 0.14701572060585022 0.9816879034042358 4.4897780418396 0.0 0.0 0.0 1.0
-0.9905295372009277 0.10093673318624496 0.09307553619146347 0.509368360042572 -0.08538290113210678 -0.9837180972099304 0.15814049541950226 0.06075920909643173 0.10752227902412415 0.14869576692581177 0.9830201268196106 4.502262115478516 0.0 0.0 0.0 1.0
-0.992091178894043 0.09488394111394882 0.0821710154414177 0.48485422134399414 -0.08132140338420868 -0.9845547080039978 0.15504467487335205 0.06821779161691666 0.09561310708522797 0.14713619649410248 0.9844841361045837 4.520623683929443 0.0 0.0 0.0 1.0
-0.994522750377655 0.08620515465736389 0.0591033399105072 0.4229637682437897 -0.0763925164937973 -0.9854434132575989 0.1518731415271759 0.0827847421169281 0.07133524864912033 0.1465262472629547 0.9866313338279724 4.5272626876831055 0.0 0.0 0.0 1.0
-0.9966068267822266 0.07436251640319824 0.035284992307424545 0.34829118847846985 -0.06851119548082352 -0.9870409965515137 0.14510789513587952 0.07266538590192795 0.04561832547187805 0.1421981006860733 0.9887864589691162 4.5533127784729 0.0 0.0 0.0 1.0
-0.997249186038971 -0.010669353418052197 -0.07335027307271957 0.03423384577035904 0.0011923696147277951 -0.9917671084403992 0.12804894149303436 -0.04484834149479866 -0.07411258667707443 0.1276092380285263 0.9890516996383667 4.561949729919434 0.0 0.0 0.0 1.0
-0.9965585470199585 -0.019689228385686874 -0.0805196613073349 0.02790718339383602 0.009569899179041386 -0.9922135472297668 0.12418028712272644 -0.08815008401870728 -0.08233770728111267 0.12298236042261124 0.9889872670173645 4.557854652404785 0.0 0.0 0.0 1.0
-0.9962491989135742 -0.026440657675266266 -0.08239167183637619 0.029098834842443466 0.01635751686990261 -0.9925500750541687 0.12073444575071335 -0.12335492670536041 -0.08497016131877899 0.11893387883901596 0.9892597198486328 4.560767650604248 0.0 0.0 0.0 1.0
-0.9962410926818848 -0.02938048541545868 -0.08148892223834991 0.042752478271722794 0.019711392000317574 -0.9929342865943909 0.11701702326536179 -0.148252934217453 -0.08435116708278656 0.11497090756893158 0.9897810816764832 4.581161975860596 0.0 0.0 0.0 1.0
-0.9964843988418579 -0.033686328679323196 -0.07670801877975464 0.07577575743198395 0.02500268816947937 -0.9934527277946472 0.11147448420524597 -0.1805286407470703 -0.07996095716953278 0.10916467010974884 0.9908023476600647 4.602353096008301 0.0 0.0 0.0 1.0
-0.9978580474853516 -0.039271462708711624 -0.0523170530796051 0.2783268690109253 0.0351794958114624 -0.9964131712913513 0.07696262001991272 -0.34829190373420715 -0.05515183508396149 0.07495728135108948 0.9956604242324829 4.688531875610352 0.0 0.0 0.0 1.0
-0.9981922507286072 -0.035481296479701996 -0.048510804772377014 0.3202025592327118 0.03231252357363701 -0.9973870515823364 0.0646139457821846 -0.39865729212760925 -0.05067663639783859 0.06292963027954102 0.9967305064201355 4.693997383117676 0.0 0.0 0.0 1.0
-0.9989833235740662 -0.029310593381524086 -0.03425207361578941 0.4029095470905304 0.027645837515592575 -0.9984595775604248 0.04810549318790436 -0.48506805300712585 -0.03560931235551834 0.047109659761190414 0.9982547760009766 4.685973167419434 0.0 0.0 0.0 1.0
-0.9994048476219177 -0.024387715384364128 -0.024396467953920364 0.4604627788066864 0.023477278649806976 -0.9990419149398804 0.036933399736881256 -0.5418118834495544 -0.025273816660046577 0.03633865714073181 0.9990198612213135 4.675412654876709 0.0 0.0 0.0 1.0
-0.9997315406799316 -0.019255783408880234 -0.012887299992144108 0.5163882970809937 0.018919195979833603 -0.999489426612854 0.02574896812438965 -0.5959497094154358 -0.013376535847783089 0.02549823932349682 0.9995853900909424 4.664811611175537 0.0 0.0 0.0 1.0
-0.9999857544898987 -0.004999090451747179 -0.0018706878181546926 0.5742375254631042 0.0049869706854224205 -0.9999669194221497 0.006428414955735207 -0.6991060972213745 -0.0019027622183784842 0.006418994162231684 0.9999775886535645 4.63702917098999 0.0 0.0 0.0 1.0
-0.9999934434890747 -0.0034326808527112007 -0.001163829816505313 0.5780986547470093 0.0034275224898010492 -0.9999844431877136 0.004405674524605274 -0.7074743509292603 -0.0011789349373430014 0.004401656799018383 0.9999896287918091 4.6407856941223145 0.0 0.0 0.0 1.0
-0.9999986290931702 -0.0015173469437286258 -0.0006756992661394179 0.5851026177406311 0.0015162460040301085 -0.9999975562095642 0.0016269590705633163 -0.7225174307823181 -0.0006781662814319134 0.0016259322874248028 0.9999984502792358 4.636139392852783 0.0 0.0 0.0 1.0
-0.9999999403953552 -0.0002333426382392645 -0.00010292349179508165 0.5847301483154297 0.00023333287390414625 -0.9999999403953552 9.497511200606823e-05 -0.7281851768493652 -0.00010294564708601683 9.495109406998381e-05 1.0 4.636247634887695 0.0 0.0 0.0 1.0
-0.9999982118606567 0.0018632557475939393 0.00028067658422514796 0.5867764949798584 -0.001863987767137587 -0.9999948143959045 -0.002630621660500765 -0.7399653196334839 0.0002757736074272543 -0.002631140174344182 0.9999964833259583 4.632433891296387 0.0 0.0 0.0 1.0
-0.9999103546142578 0.011503955349326134 0.006853618659079075 0.6113500595092773 -0.011589815840125084 -0.9998531341552734 -0.012622601352632046 -0.7968149781227112 0.006707402411848307 -0.012700902298092842 0.9998968243598938 4.648677825927734 0.0 0.0 0.0 1.0
-0.9998885989189148 0.012495717965066433 0.008162446320056915 0.6165663003921509 -0.012614808976650238 -0.9998123049736023 -0.014705310575664043 -0.8057526350021362 0.00797716062515974 -0.014806640334427357 0.999858558177948 4.648410797119141 0.0 0.0 0.0 1.0
-0.9998298287391663 0.01331238355487585 0.012768878601491451 0.6376062631607056 -0.013541944324970245 -0.9997451305389404 -0.01806339994072914 -0.8350967168807983 0.012525157071650028 -0.018233241513371468 0.999755322933197 4.664871692657471 0.0 0.0 0.0 1.0
-0.9997619390487671 0.013904089108109474 0.01681629940867424 0.6557289958000183 -0.014252765104174614 -0.9996821284294128 -0.02079540304839611 -0.8491453528404236 0.016521813347935677 -0.021030129864811897 0.9996423125267029 4.664790153503418 0.0 0.0 0.0 1.0
-0.9996297359466553 0.015084045939147472 0.022647051140666008 0.6783015131950378 -0.015651697292923927 -0.9995623826980591 -0.025100721046328545 -0.8670304417610168 0.022258520126342773 -0.02544589154422283 0.999428391456604 4.648778915405273 0.0 0.0 0.0 1.0
-0.9990096688270569 0.016922347247600555 0.041150059551000595 0.7614032626152039 -0.017809277400374413 -0.9996148347854614 -0.02128337137401104 -0.8593769669532776 0.04077404737472534 -0.021995147690176964 0.9989262819290161 4.615066051483154 0.0 0.0 0.0 1.0
-0.9990096688270569 0.015555815771222115 0.04168634116649628 0.7629836797714233 -0.016400426626205444 -0.9996655583381653 -0.01999627612531185 -0.850820004940033 0.04136134311556816 -0.020660145208239555 0.9989306330680847 4.622922897338867 0.0 0.0 0.0 1.0
-0.9989852905273438 0.013752713799476624 0.04288594797253609 0.7712547779083252 -0.014540702104568481 -0.9997301697731018 -0.0181165412068367 -0.8434718251228333 0.042625222355127335 -0.018721750006079674 0.9989157319068909 4.62753438949585 0.0 0.0 0.0 1.0
-0.9989776611328125 0.012312227860093117 0.04349813982844353 0.7759976983070374 -0.013010792434215546 -0.9997903108596802 -0.0158131942152977 -0.8294890522956848 0.04329432174563408 -0.016362972557544708 0.9989283680915833 4.63381814956665 0.0 0.0 0.0 1.0
-0.9989991784095764 0.011338218115270138 0.04326767101883888 0.775048017501831 -0.011990106664597988 -0.9998180270195007 -0.014836739748716354 -0.8186662197113037 0.04309157282114029 -0.015340674668550491 0.9989533424377441 4.639920234680176 0.0 0.0 0.0 1.0
-0.998909592628479 0.007057343143969774 0.046149447560310364 0.792170524597168 -0.007588341366499662 -0.9999068975448608 -0.011341012082993984 -0.7912049889564514 0.04606511443853378 -0.011678843759000301 0.9988701939582825 4.660257816314697 0.0 0.0 0.0 1.0
-0.9988939166069031 0.006670599803328514 0.04654531180858612 0.794374406337738 -0.0072262464091181755 -0.9999045133590698 -0.011779725551605225 -0.7927682995796204 0.0464622862637043 -0.012103044427931309 0.998846709728241 4.6582746505737305 0.0 0.0 0.0 1.0