0.2588411271572113 0.8632791042327881 0.4333018660545349 1.0838422775268555 -0.6950170397758484 -0.14506879448890686 0.7042061686515808 1.2581697702407837 0.6707850694656372 -0.4834297001361847 0.5624439120292664 7.36900520324707 0.0 0.0 0.0 1.0
0.2730562388896942 0.8596401810646057 0.43180903792381287 1.0636670589447021 -0.6935349702835083 -0.13515813648700714 0.7076308727264404 1.2502046823501587 0.6666704416275024 -0.49269771575927734 0.5592847466468811 7.3769450187683105 0.0 0.0 0.0 1.0
0.28766733407974243 0.8555122017860413 0.4305187165737152 1.0461336374282837 -0.6911813616752625 -0.12571841478347778 0.7116622924804688 1.236976146697998 0.6629599332809448 -0.5022885203361511 0.5551489591598511 7.388131141662598 0.0 0.0 0.0 1.0
0.3013189136981964 0.8512302041053772 0.4296673536300659 1.0211074352264404 -0.6890414953231812 -0.11709704995155334 0.71519935131073 1.2252819538116455 0.6591120362281799 -0.5115617513656616 0.5512493848800659 7.389184474945068 0.0 0.0 0.0 1.0
0.3147512972354889 0.8468965888023376 0.4285998046398163 1.0001516342163086 -0.6857496500015259 -0.10930781811475754 0.7195826768875122 1.211107611656189 0.6562614440917969 -0.5204017162322998 0.5463542342185974 7.399533748626709 0.0 0.0 0.0 1.0
0.4346728026866913 0.8132060170173645 0.38698261976242065 0.8085708022117615 -0.6288873553276062 -0.03349461406469345 0.7767745852470398 1.3313283920288086 0.6446396112442017 -0.5810112357139587 0.49685579538345337 7.440547466278076 0.0 0.0 0.0 1.0
0.4422929286956787 0.8116172552108765 0.38164693117141724 0.7709184885025024 -0.6188693642616272 -0.03180557116866112 0.7848497033119202 1.3217747211456299 0.6491360664367676 -0.583323061466217 0.48821768164634705 7.435319423675537 0.0 0.0 0.0 1.0
0.45026397705078125 0.8089334964752197 0.37800660729408264 0.6906257271766663 -0.614188015460968 -0.026689697057008743 0.7887082695960999 1.3180885314941406 0.6481013894081116 -0.5872940421104431 0.48481985926628113 7.429984092712402 0.0 0.0 0.0 1.0
0.4614451825618744 0.8071243166923523 0.368264377117157 0.6798345446586609 -0.6021478176116943 -0.019906479865312576 0.7981364130973816 1.3193001747131348 0.6515262126922607 -0.5900458097457886 0.4768224060535431 7.404233455657959 0.0 0.0 0.0 1.0
0.48086652159690857 0.7999283075332642 0.3590015769004822 0.7067415118217468 -0.5866963267326355 -0.010718381963670254 0.8097360730171204 1.2966880798339844 0.6515787243843079 -0.5999999046325684 0.46416085958480835 7.367718696594238 0.0 0.0 0.0 1.0
0.5938377976417542 0.7422398328781128 0.31054267287254333 0.5266249775886536 -0.5212846398353577 0.06092772260308266 0.8512051105499268 1.3037331104278564 0.6128776669502258 -0.6673588752746582 0.4230993688106537 7.306971549987793 0.0 0.0 0.0 1.0
0.6072604060173035 0.7294704914093018 0.31481364369392395 0.38055220246315 -0.5211067199707031 0.06659042090177536 0.8508898019790649 1.2545989751815796 0.5997354388237 -0.6807631850242615 0.4205697178840637 7.383525371551514 0.0 0.0 0.0 1.0
0.6151025295257568 0.722069263458252 0.3166462481021881 0.18688969314098358 -0.5255816578865051 0.07614674419164658 0.8473284840583801 1.2649738788604736 0.5877182483673096 -0.6876173615455627 0.4263443946838379 7.410765171051025 0.0 0.0 0.0 1.0
0.6235160231590271 0.7160553336143494 0.31383517384529114 0.11000396311283112 -0.5161280035972595 0.0754924938082695 0.8531780242919922 1.2048486471176147 0.5872305035591125 -0.693949282169342 0.4166469871997833 7.416772842407227 0.0 0.0 0.0 1.0
0.6383277773857117 0.703952968120575 0.3114287853240967 0.0901770070195198 -0.5023763179779053 0.07444246113300323 0.8614385724067688 1.1187680959701538 0.5832286477088928 -0.7063345909118652 0.40116795897483826 7.472363471984863 0.0 0.0 0.0 1.0
0.7649983763694763 0.6059884428977966 0.2180722951889038 0.1471669226884842 -0.3777529001235962 0.14795732498168945 0.9140084385871887 1.1467350721359253 0.5216131210327148 -0.7815923690795898 0.34210100769996643 7.426650524139404 0.0 0.0 0.0 1.0
0.7953228950500488 0.5735555291175842 0.19620281457901 0.1869184672832489 -0.3457759618759155 0.163394495844841 0.9239811897277832 1.1530300378799438 0.4978960454463959 -0.8027055859565735 0.32827308773994446 7.454681873321533 0.0 0.0 0.0 1.0
0.8247939944267273 0.539905846118927 0.16797789931297302 0.19363930821418762 -0.31714287400245667 0.1957794725894928 0.9279497861862183 1.268524408340454 0.4681188762187958 -0.818640410900116 0.332705020904541 7.437725067138672 0.0 0.0 0.0 1.0
0.849358081817627 0.5063402056694031 0.14903166890144348 0.18503065407276154 -0.28828176856040955 0.20850418508052826 0.934569239616394 1.2813230752944946 0.4421362280845642 -0.8367470502853394 0.32306337356567383 7.529183864593506 0.0 0.0 0.0 1.0
0.8680564761161804 0.4779849648475647 0.13419528305530548 0.1412278711795807 -0.2676744759082794 0.22295115888118744 0.9373596906661987 1.312809705734253 0.41812485456466675 -0.8496017456054688 0.32147857546806335 7.545326232910156 0.0 0.0 0.0 1.0
0.9376650452613831 0.3475385010242462 -0.001117924926802516 0.5139761567115784 -0.09254422038793564 0.2527838945388794 0.9630866050720215 1.2240740060806274 0.33499225974082947 -0.9029492139816284 0.26918932795524597 7.479867458343506 0.0 0.0 0.0 1.0
0.9477260708808899 0.318476140499115 -0.019702622666954994 0.5647743344306946 -0.06337620317935944 0.24839384853839874 0.9665836691856384 1.1304930448532104 0.31272783875465393 -0.9148078560829163 0.2555931508541107 7.4733428955078125 0.0 0.0 0.0 1.0
0.95701003074646 0.2873367667198181 -0.039615385234355927 0.608782172203064 -0.034655798226594925 0.24887283146381378 0.967915952205658 1.0515072345733643 0.287977010011673 -0.9249323606491089 0.2481316775083542 7.405981063842773 0.0 0.0 0.0 1.0
0.9650841355323792 0.25471603870391846 -0.06109319627285004 0.6514537334442139 -0.004075201228260994 0.2478056401014328 0.9688012003898621 0.999077320098877 0.2619084417819977 -0.9347257018089294 0.24019131064414978 7.411827087402344 0.0 0.0 0.0 1.0
0.9703804850578308 0.22728154063224792 -0.08188316226005554 0.6270900964736938 0.01859893649816513 0.2676544189453125 0.9633354544639587 1.0789268016815186 0.24086475372314453 -0.9363248348236084 0.2554994225502014 7.321241855621338 0.0 0.0 0.0 1.0
0.9730480909347534 0.07095009088516235 -0.21941617131233215 0.7492799162864685 0.19232837855815887 0.27526968717575073 0.9419322609901428 0.9344342350959778 0.12722881138324738 -0.9587453603744507 0.25420495867729187 7.224092960357666 0.0 0.0 0.0 1.0
0.9705483317375183 0.04187294468283653 -0.2372395545244217 0.7282649874687195 0.2166181057691574 0.2792331278324127 0.935470700263977 0.9591370224952698 0.10541605949401855 -0.9593099355697632 0.26193881034851074 7.1136064529418945 0.0 0.0 0.0 1.0
0.9634138941764832 0.00467115780338645 -0.2679772973060608 0.7869546413421631 0.25632718205451965 0.27602124214172363 0.9263415336608887 0.9457573890686035 0.07829450815916061 -0.9611402153968811 0.26472535729408264 7.0430707931518555 0.0 0.0 0.0 1.0
0.9534425139427185 -0.03672847896814346 -0.29932984709739685 0.8423771858215332 0.297781765460968 0.2715836465358734 0.9151875972747803 0.9395678639411926 0.047679636627435684 -0.9617137312889099 0.2698764503002167 6.98499059677124 0.0 0.0 0.0 1.0
0.9420105814933777 -0.08293039351701736 -0.3251746892929077 0.865731954574585 0.3354286849498749 0.2620786428451538 0.9048770070075989 0.9195266366004944 0.010179536417126656 -0.9614766240119934 0.2746981084346771 7.043632984161377 0.0 0.0 0.0 1.0
0.8475582599639893 -0.3012154996395111 -0.43693727254867554 0.9958525896072388 0.5062045454978943 0.21159231662750244 0.8360536098480225 0.9773303866386414 -0.1593797355890274 -0.929783821105957 0.3318134844303131 6.9486083984375 0.0 0.0 0.0 1.0
0.828383207321167 -0.32462531328201294 -0.45650815963745117 1.0273510217666626 0.5316786170005798 0.19909076392650604 0.8232136368751526 0.920041561126709 -0.1763494312763214 -0.9246519804000854 0.3375197947025299 6.886349201202393 0.0 0.0 0.0 1.0
0.8074167370796204 -0.35217517614364624 -0.47334006428718567 1.0261518955230713 0.5557198524475098 0.1845548450946808 0.8106262683868408 0.8632152080535889 -0.1981252282857895 -0.9175577163696289 0.3447234332561493 6.838027000427246 0.0 0.0 0.0 1.0
0.7841633558273315 -0.3768978714942932 -0.49298661947250366 1.0425293445587158 0.5811740159988403 0.1675471067428589 0.7963445782661438 0.7723040580749512 -0.21754209697246552 -0.9109752774238586 0.3504275679588318 6.757900238037109 0.0 0.0 0.0 1.0
0.7559770345687866 -0.40391793847084045 -0.5151203870773315 0.9994063973426819 0.6103246212005615 0.15043635666370392 0.7777356505393982 0.6745449304580688 -0.2366485595703125 -0.9023409485816956 0.36024749279022217 6.691078186035156 0.0 0.0 0.0 1.0
0.651692271232605 -0.513427734375 -0.5582912564277649 0.6208617091178894 0.690912663936615 0.09814190119504929 0.7162456512451172 0.6335049271583557 -0.3129485845565796 -0.8525022864341736 0.41869205236434937 6.788155555725098 0.0 0.0 0.0 1.0
0.615768313407898 -0.5363633632659912 -0.577186107635498 0.630756139755249 0.7177684903144836 0.07967488467693329 0.6917082667350769 0.6016239523887634 -0.3250197172164917 -0.8402180075645447 0.4340459704399109 6.753039836883545 0.0 0.0 0.0 1.0
0.5846604704856873 -0.5566993355751038 -0.5901339054107666 0.617270827293396 0.7374441027641296 0.0614839605987072 0.6726038455963135 0.6170365214347839 -0.3381543457508087 -0.8284355998039246 0.446481853723526 6.711817264556885 0.0 0.0 0.0 1.0
0.5472649335861206 -0.5815775394439697 -0.601887583732605 0.56382155418396 0.7586285471916199 0.040925558656454086 0.6502367258071899 0.6406885981559753 -0.35353049635887146 -0.8124608397483826 0.46359845995903015 6.696789741516113 0.0 0.0 0.0 1.0
0.5093116164207458 -0.6134119033813477 -0.603595495223999 0.5273808240890503 0.7779955267906189 0.028379593044519424 0.6276285648345947 0.7689381241798401 -0.36786502599716187 -0.7892531156539917 0.49168574810028076 6.517721176147461 0.0 0.0 0.0 1.0
0.31472358107566833 -0.705735981464386 -0.6347328424453735 0.6694720983505249 0.8558249473571777 -0.07821856439113617 0.5113174319267273 0.9968125224113464 -0.41050300002098083 -0.7041438221931458 0.5793692469596863 6.885517597198486 0.0 0.0 0.0 1.0
0.29382944107055664 -0.7187657356262207 -0.6301111578941345 0.6010753512382507 0.8607109785079956 -0.08776285499334335 0.5014721155166626 1.0462061166763306 -0.41574132442474365 -0.689690887928009 0.5928622484207153 6.946918964385986 0.0 0.0 0.0 1.0
0.26892712712287903 -0.7319644093513489 -0.6260242462158203 0.5335601568222046 0.8657867908477783 -0.10107152163982391 0.4900997281074524 1.084654450416565 -0.422008752822876 -0.6738046407699585 0.6065442562103271 6.924861431121826 0.0 0.0 0.0 1.0
0.24255459010601044 -0.7392849922180176 -0.6281918287277222 0.4674220383167267 0.8686120510101318 -0.12289311736822128 0.4800108075141907 1.0236996412277222 -0.4320652484893799 -0.6620838046073914 0.6123435497283936 7.008940696716309 0.0 0.0 0.0 1.0
0.2106517255306244 -0.7395533919334412 -0.6392860412597656 0.4399092495441437 0.8738648295402527 -0.1506584882736206 0.4622361958026886 0.894408643245697 -0.4381622076034546 -0.6560204029083252 0.6145332455635071 6.908724308013916 0.0 0.0 0.0 1.0
-0.00030241787317208946 -0.7569573521614075 -0.6534641981124878 0.27943331003189087 0.8893144726753235 -0.29903021454811096 0.34597793221473694 0.39520639181137085 -0.45729607343673706 -0.5810304880142212 0.6732636094093323 7.0990166664123535 0.0 0.0 0.0 1.0
-0.034705206751823425 -0.7629188895225525 -0.6455619931221008 0.2020459622144699 0.8870899677276611 -0.3210201561450958 0.3316888213157654 0.41850319504737854 -0.4602900743484497 -0.5611602067947388 0.6879187822341919 7.1601948738098145 0.0 0.0 0.0 1.0
-0.07089027762413025 -0.7754734754562378 -0.6273878216743469 0.15216884016990662 0.8839074373245239 -0.3403165638446808 0.32076817750930786 0.5274189710617065 -0.4622576832771301 -0.531813383102417 0.7095719575881958 6.8731865882873535 0.0 0.0 0.0 1.0
-0.1206185594201088 -0.7782403230667114 -0.6162736415863037 0.11748936772346497 0.879064679145813 -0.37215176224708557 0.2979066073894501 0.5875943899154663 -0.46119025349617004 -0.505811333656311 0.7290120124816895 7.150487422943115 0.0 0.0 0.0 1.0
-0.16023552417755127 -0.783204197883606 -0.6007626056671143 0.06056573614478111 0.8742401003837585 -0.39518406987190247 0.28201743960380554 0.6919187903404236 -0.4582890570163727 -0.48002153635025024 0.7480310201644897 7.086827278137207 0.0 0.0 0.0 1.0
-0.38418272137641907 -0.7630290985107422 -0.519798219203949 -0.058710381388664246 0.824083685874939 -0.5372526049613953 0.17957091331481934 1.135572910308838 -0.4162807762622833 -0.3593691885471344 0.8352030515670776 7.74043607711792 0.0 0.0 0.0 1.0
-0.41348204016685486 -0.7605694532394409 -0.5005664229393005 -0.04537829011678696 0.8189593553543091 -0.5509214997291565 0.16059617698192596 1.1757985353469849 -0.39791733026504517 -0.34353992342948914 0.8506715893745422 7.695560455322266 0.0 0.0 0.0 1.0
-0.4430680274963379 -0.753984808921814 -0.4849717915058136 -0.06892811506986618 0.8086093664169312 -0.5696954727172852 0.14696268737316132 1.2245018482208252 -0.38709384202957153 -0.3270382583141327 0.8620929718017578 7.727488040924072 0.0 0.0 0.0 1.0
-0.4738616347312927 -0.7393256425857544 -0.4783855378627777 -0.1191619485616684 0.7948330640792847 -0.5929457545280457 0.12905721366405487 1.149409532546997 -0.379071980714798 -0.3190813958644867 0.868614673614502 7.731857776641846 0.0 0.0 0.0 1.0
-0.5071679949760437 -0.7244896292686462 -0.46679267287254333 -0.06344426423311234 0.7828492522239685 -0.6137831211090088 0.10206551104784012 1.035954236984253 -0.36045485734939575 -0.31366389989852905 0.8784573078155518 7.7952423095703125 0.0 0.0 0.0 1.0
-0.6745483875274658 -0.6376740336418152 -0.3719627559185028 0.10849860310554504 0.6877568364143372 -0.7259359955787659 -0.00272806896828115 0.8711919784545898 -0.2682815492153168 -0.2576601505279541 0.9282436370849609 8.173776626586914 0.0 0.0 0.0 1.0
-0.711658775806427 -0.6079195141792297 -0.3521018326282501 0.15416985750198364 0.6534526348114014 -0.7568374276161194 -0.014027259312570095 0.9257987141609192 -0.2579564154148102 -0.24006448686122894 0.9358565807342529 8.288811683654785 0.0 0.0 0.0 1.0
-0.7455254197120667 -0.5814813375473022 -0.32568588852882385 0.2275313138961792 0.6215298175811768 -0.7829988598823547 -0.0247694980353117 0.9899501800537109 -0.24060867726802826 -0.22088977694511414 0.945153534412384 8.372657775878906 0.0 0.0 0.0 1.0
-0.7755998373031616 -0.5513357520103455 -0.30736595392227173 0.24974413216114044 0.5885383486747742 -0.807650089263916 -0.03638624772429466 1.052345871925354 -0.2281831055879593 -0.2091178148984909 0.9508954882621765 8.583442687988281 0.0 0.0 0.0 1.0
-0.7990561723709106 -0.532700777053833 -0.2788172662258148 0.23321527242660522 0.560366153717041 -0.8278915882110596 -0.02419337071478367 1.3064407110214233 -0.21794262528419495 -0.17557162046432495 0.9600393772125244 8.615435600280762 0.0 0.0 0.0 1.0
-0.8928700089454651 -0.4087938070297241 -0.18886715173721313 0.10888665169477463 0.4216316044330597 -0.9062087535858154 -0.031819719821214676 1.5161539316177368 -0.15814535319805145 -0.10804323107004166 0.981486976146698 8.831195831298828 0.0 0.0 0.0 1.0
-0.9085652828216553 -0.3783445358276367 -0.17710021138191223 0.13056227564811707 0.39160385727882385 -0.9189963936805725 -0.04573922976851463 1.448861002922058 -0.14544926583766937 -0.11091020703315735 0.9831293821334839 8.910334587097168 0.0 0.0 0.0 1.0
-0.9210082292556763 -0.3494953513145447 -0.17203742265701294 0.010810958221554756 0.3620941638946533 -0.9309423565864563 -0.04726680368185043 1.3948969841003418 -0.14363740384578705 -0.10582686215639114 0.9839558005332947 8.90141773223877 0.0 0.0 0.0 1.0
-0.9284984469413757 -0.3286712169647217 -0.1728174239397049 -0.155624657869339 0.340519517660141 -0.939243495464325 -0.04322212561964989 1.360565423965454 -0.1481117606163025 -0.09897938370704651 0.9840050935745239 8.871824264526367 0.0 0.0 0.0 1.0
-0.9350142478942871 -0.3083840012550354 -0.17506462335586548 -0.3366200923919678 0.3200119435787201 -0.9464867115020752 -0.04189534857869148 1.3072324991226196 -0.15277647972106934 -0.09519551694393158 0.9836651682853699 8.855855941772461 0.0 0.0 0.0 1.0
-0.9670387506484985 -0.20850925147533417 -0.14615052938461304 -0.9579678177833557 0.21510232985019684 -0.9761093854904175 -0.030683772638440132 0.9660901427268982 -0.13626104593276978 -0.061109717935323715 0.9887863993644714 8.65322208404541 0.0 0.0 0.0 1.0
-0.9735583066940308 -0.19102317094802856 -0.1252771019935608 -0.9131149649620056 0.19611100852489471 -0.9801376461982727 -0.029506541788578033 0.9622371196746826 -0.1171523779630661 -0.05329455807805061 0.9916829466819763 8.62550163269043 0.0 0.0 0.0 1.0
-0.9792394638061523 -0.1737094223499298 -0.10447521507740021 -0.8875768184661865 0.17702586948871613 -0.9839307069778442 -0.023284805938601494 0.9987528920173645 -0.09875158220529556 -0.04129621759057045 0.9942548871040344 8.582348823547363 0.0 0.0 0.0 1.0
-0.9860950708389282 -0.14618375897407532 -0.07903716713190079 -0.813060462474823 0.14850835502147675 -0.9886113405227661 -0.024348314851522446 0.9921876192092896 -0.0745777115225792 -0.035747431218624115 0.9965742826461792 8.589298248291016 0.0 0.0 0.0 1.0
-0.992149293422699 -0.1133451908826828 -0.05284518375992775 -0.7454090714454651 0.11444160342216492 -0.993263304233551 -0.018195392563939095 1.0470224618911743 -0.050426822155714035 -0.024100234732031822 0.9984369277954102 8.578775405883789 0.0 0.0 0.0 1.0
-0.9987841844558716 0.046135880053043365 0.01736861653625965 -1.0807236433029175 -0.0460333414375782 -0.9989203214645386 0.006257983855903149 1.2717026472091675 0.01763858087360859 0.0054508401080966 0.9998295903205872 8.784200668334961 0.0 0.0 0.0 1.0
-0.9967922568321228 0.07114855945110321 0.03664763271808624 -1.0183558464050293 -0.07043009996414185 -0.9973052740097046 0.020537538453936577 1.3660016059875488 0.038010090589523315 0.01789056323468685 0.9991171956062317 8.72574520111084 0.0 0.0 0.0 1.0
-0.993514895439148 0.09096824377775192 0.06821230798959732 -0.8576017618179321 -0.0889069139957428 -0.995503842830658 0.032675713300704956 1.4188977479934692 0.07087806612253189 0.026399260386824608 0.997135579586029 8.694234848022461 0.0 0.0 0.0 1.0
-0.9890362024307251 0.1114487573504448 0.09688430279493332 -0.7351273894309998 -0.10806572437286377 -0.9933584332466125 0.0395074188709259 1.4303970336914062 0.10064389556646347 0.02860439568758011 0.9945112466812134 8.704931259155273 0.0 0.0 0.0 1.0
-0.982556939125061 0.14041127264499664 0.12192830443382263 -0.6260980367660522 -0.1354023814201355 -0.9896039366722107 0.04847927764058113 1.4338338375091553 0.12746776640415192 0.031124267727136612 0.99135422706604 8.643010139465332 0.0 0.0 0.0 1.0
-0.9214649200439453 0.31386902928352356 0.22888566553592682 -0.5676849484443665 -0.3042052686214447 -0.9494649171829224 0.07730134576559067 1.2113709449768066 0.24158141016960144 0.0016022511990740895 0.9703792333602905 8.648041725158691 0.0 0.0 0.0 1.0
-0.9117475152015686 0.3309108316898346 0.2433403581380844 -0.6250267028808594 -0.3204396367073059 -0.9436583518981934 0.0826280266046524 1.1504688262939453 0.25697267055511475 -0.002639999845996499 0.9664150476455688 8.60440731048584 0.0 0.0 0.0 1.0
-0.8933166265487671 0.36015409231185913 0.26883912086486816 -0.5423547029495239 -0.3493528962135315 -0.9327780604362488 0.08875608444213867 1.0748205184936523 0.28273311257362366 -0.014632439240813255 0.9590870141983032 8.601266860961914 0.0 0.0 0.0 1.0
-0.866442859172821 0.40385109186172485 0.29356610774993896 -0.4622172713279724 -0.39261290431022644 -0.914351761341095 0.0990757942199707 1.0705540180206299 0.30843454599380493 -0.029414329677820206 0.9507907032966614 8.660831451416016 0.0 0.0 0.0 1.0
-0.8351166248321533 0.4523465037345886 0.31299012899398804 -0.3806256055831909 -0.4381980895996094 -0.8910261392593384 0.11855334043502808 1.135462999343872 0.3325095772743225 -0.03814581036567688 0.9423280954360962 8.660383224487305 0.0 0.0 0.0 1.0
-0.6224016547203064 0.6701568961143494 0.40435874462127686 0.005097112152725458 -0.6505704522132874 -0.7301843166351318 0.2087796926498413 1.2297528982162476 0.43517154455184937 -0.13311903178691864 0.8904521465301514 8.845026016235352 0.0 0.0 0.0 1.0
-0.5747728943824768 0.7038390040397644 0.41742879152297974 0.18848934769630432 -0.6784746050834656 -0.6950787901878357 0.237776517868042 1.2666960954666138 0.4575023055076599 -0.146547332406044 0.8770493268966675 8.782586097717285 0.0 0.0 0.0 1.0
-0.5395353436470032 0.7246109247207642 0.4287664294242859 0.2452796846628189 -0.6972658634185791 -0.6699771285057068 0.25485482811927795 1.2653611898422241 0.4719342887401581 -0.1614609956741333 0.8667227625846863 8.739350318908691 0.0 0.0 0.0 1.0
-0.5102394819259644 0.7419494986534119 0.4349328875541687 0.3024479150772095 -0.7112958431243896 -0.6483293175697327 0.2715277671813965 1.2758598327636719 0.4834396243095398 -0.17082177102565765 0.8585488200187683 8.659072875976562 0.0 0.0 0.0 1.0
-0.4653764069080353 0.7646980881690979 0.4457147419452667 0.44596564769744873 -0.7281822562217712 -0.6170448660850525 0.29833918809890747 1.2624866962432861 0.5031654238700867 -0.18572154641151428 0.8439976572990417 8.533332824707031 0.0 0.0 0.0 1.0
-0.2975153625011444 0.8307737708091736 0.47042492032051086 0.25721877813339233 -0.7793683409690857 -0.4959370195865631 0.3829248547554016 0.8829284310340881 0.551425039768219 -0.2527082562446594 0.7950276732444763 8.037970542907715 0.0 0.0 0.0 1.0
-0.27834975719451904 0.8326648473739624 0.47873857617378235 0.21984177827835083 -0.7793739438056946 -0.48711079359054565 0.39408037066459656 0.776898980140686 0.561335563659668 -0.26342418789863586 0.7845444679260254 7.9665727615356445 0.0 0.0 0.0 1.0
-0.24993833899497986 0.8354648947715759 0.48941728472709656 0.2854919731616974 -0.7769891023635864 -0.47466984391212463 0.41349300742149353 0.672112226486206 0.5777705311775208 -0.27692413330078125 0.7677853107452393 7.934930801391602 0.0 0.0 0.0 1.0
-0.2080877423286438 0.8411887884140015 0.49910008907318115 0.37940189242362976 -0.7761586904525757 -0.4525245130062103 0.43908917903900146 0.588012158870697 0.595211923122406 -0.2960118055343628 0.7470607757568359 7.841734409332275 0.0 0.0 0.0 1.0
-0.16528774797916412 0.8488736748695374 0.5020890831947327 0.42860639095306396 -0.7765465378761292 -0.4258570373058319 0.46435031294822693 0.5639452338218689 0.607992947101593 -0.31314411759376526 0.7295789122581482 7.775260925292969 0.0 0.0 0.0 1.0
0.07465936243534088 0.8761205077171326 0.4762759804725647 0.49656686186790466 -0.7658900618553162 -0.25548720359802246 0.5900328159332275 0.5660711526870728 0.6386222243309021 -0.4088265001773834 0.6519374847412109 7.601974010467529 0.0 0.0 0.0 1.0
0.11960966885089874 0.8783017992973328 0.4629032611846924 0.5449233055114746 -0.7612940669059753 -0.21814298629760742 0.61061030626297 0.6099725961685181 0.6372792720794678 -0.4254404306411743 0.642553985118866 7.5446577072143555 0.0 0.0 0.0 1.0
0.15601298213005066 0.8780452013015747 0.45243409276008606 0.6025357246398926 -0.7522507905960083 -0.1912272870540619 0.6305163502693176 0.6028624176979065 0.6401395797729492 -0.4387126564979553 0.63067626953125 7.511985778808594 0.0 0.0 0.0 1.0
0.1840752810239792 0.8771084547042847 0.4436180889606476 0.7091690897941589 -0.7372170686721802 -0.17530865967273712 0.6525165438652039 0.5672797560691833 0.6500979065895081 -0.4471549987792969 0.614349365234375 7.440923690795898 0.0 0.0 0.0 1.0
0.2207898646593094 0.8733022809028625 0.43427523970603943 0.7827913761138916 -0.7231805324554443 -0.15217439830303192 0.6736860871315002 0.5318881273269653 0.6544171571731567 -0.4628024399280548 0.5979565978050232 7.324676990509033 0.0 0.0 0.0 1.0
0.3264172375202179 0.852055013179779 0.40921148657798767 0.6716134548187256 -0.6856059432029724 -0.08459880948066711 0.7230404615402222 0.1416451334953308 0.6506890654563904 -0.5165706872940063 0.5565595030784607 6.982782363891602 0.0 0.0 0.0 1.0
0.33353957533836365 0.8505667448043823 0.40655577182769775 0.6327168345451355 -0.6819944381713867 -0.08004003763198853 0.7269643545150757 0.11321467161178589 0.6508724093437195 -0.5197401642799377 0.5533852577209473 6.956640243530273 0.0 0.0 0.0 1.0
0.34397950768470764 0.8467628955841064 0.4057964086532593 0.6322823166847229 -0.6752839088439941 -0.07720045000314713 0.7335065007209778 0.05912799388170242 0.6524337530136108 -0.5263389945030212 0.5452499389648438 6.9560112953186035 0.0 0.0 0.0 1.0
0.36344215273857117 0.8396586775779724 0.4035877585411072 0.6593555808067322 -0.6670332551002502 -0.06789086759090424 0.741928219795227 0.020002184435725212 0.6503664255142212 -0.5388544201850891 0.5354058742523193 6.910419464111328 0.0 0.0 0.0 1.0
0.38927972316741943 0.833263635635376 0.3925977945327759 0.7131849527359009 -0.65594881772995 -0.048455361276865005 0.7532484531402588 0.03407815843820572 0.6466779708862305 -0.5507484078407288 0.5277156233787537 6.910787105560303 0.0 0.0 0.0 1.0
0.44589418172836304 0.8141918182373047 0.3718468248844147 0.6587862968444824 -0.6329431533813477 -0.006934429984539747 0.7741672396659851 0.10378158837556839 0.6328991651535034 -0.5805545449256897 0.5122451186180115 6.9746551513671875 0.0 0.0 0.0 1.0
0.46163979172706604 0.8066259622573853 0.3691115081310272 0.7309555411338806 -0.6218273043632507 -0.002491408959031105 0.7831504344940186 0.059288665652275085 0.6326290965080261 -0.5910570025444031 0.5004318952560425 7.004857540130615 0.0 0.0 0.0 1.0