-0.6285110116004944 0.6168074011802673 0.47383812069892883 0.29426702857017517 -0.6149640083312988 -0.7670714855194092 0.1828128844499588 1.2238537073135376 0.4762280583381653 -0.17649349570274353 0.8614272475242615 14.552407264709473 0.0 0.0 0.0 1.0
-0.6295954585075378 0.6176719069480896 0.4712652862071991 0.2826693058013916 -0.6152002215385437 -0.7668046355247498 0.18313753604888916 1.2589571475982666 0.4744873046875 -0.17461992800235748 0.8627685904502869 14.524491310119629 0.0 0.0 0.0 1.0
-0.6313364505767822 0.618812084197998 0.46742475032806396 0.25822702050209045 -0.6157032251358032 -0.7664244174957275 0.18303866684436798 1.3104195594787598 0.4715122878551483 -0.17223595082759857 0.8648762702941895 14.532564163208008 0.0 0.0 0.0 1.0
-0.6356834173202515 0.6223640441894531 0.45669418573379517 0.15488749742507935 -0.6176767349243164 -0.7649271488189697 0.18265235424041748 1.43564772605896 0.46301403641700745 -0.16598030924797058 0.8706713318824768 14.540367126464844 0.0 0.0 0.0 1.0
-0.6410844326019287 0.6242485642433167 0.44645771384239197 0.0789492279291153 -0.6178554892539978 -0.7648747563362122 0.18226687610149384 1.58100426197052 0.45526406168937683 -0.15899790823459625 0.8760446906089783 14.467074394226074 0.0 0.0 0.0 1.0
-0.7063379883766174 0.5504751801490784 0.44504350423812866 0.4724811911582947 -0.5578717589378357 -0.8198860883712769 0.12870852649211884 0.8086976408958435 0.435735821723938 -0.15736548602581024 0.8862112760543823 14.334588050842285 0.0 0.0 0.0 1.0
-0.7185201644897461 0.5366416573524475 0.44243016839027405 0.5104167461395264 -0.5456464290618896 -0.8293987512588501 0.11986517906188965 0.7838829755783081 0.43127569556236267 -0.15528488159179688 0.8887563943862915 14.256575584411621 0.0 0.0 0.0 1.0
-0.7350688576698303 0.5185701251029968 0.43675947189331055 0.5371475219726562 -0.5283771753311157 -0.8418217897415161 0.11024385690689087 0.7841663360595703 0.42484280467033386 -0.1497368961572647 0.8927975296974182 14.107465744018555 0.0 0.0 0.0 1.0
-0.7533925175666809 0.4999570846557617 0.42713305354118347 0.5218837857246399 -0.5105903148651123 -0.854092538356781 0.0991135761141777 0.7817337512969971 0.41436368227005005 -0.1434185802936554 0.8987401723861694 13.985376358032227 0.0 0.0 0.0 1.0
-0.7724417448043823 0.4806966483592987 0.4150475859642029 0.5091989636421204 -0.4918080270290375 -0.8662487864494324 0.08796539157629013 0.7283046245574951 0.4018191397190094 -0.13617560267448425 0.9055371880531311 13.835268020629883 0.0 0.0 0.0 1.0
-0.8820948600769043 0.36919885873794556 0.29257622361183167 0.2759358286857605 -0.37768298387527466 -0.9254755973815918 0.02916269563138485 0.7214776277542114 0.2815389931201935 -0.08477679640054703 0.9557974338531494 12.78802490234375 0.0 0.0 0.0 1.0
-0.8946260213851929 0.35621094703674316 0.2697369158267975 0.03934153914451599 -0.3633478879928589 -0.9313236474990845 0.024791570380330086 0.8123821020126343 0.2600433826446533 -0.0758291557431221 0.9626148343086243 12.49945068359375 0.0 0.0 0.0 1.0
-0.9053487181663513 0.3449932038784027 0.24763570725917816 -0.12315031886100769 -0.3509117662906647 -0.9361663460731506 0.02129548415541649 0.8257175087928772 0.2391750067472458 -0.06761844456195831 0.968619167804718 12.323246002197266 0.0 0.0 0.0 1.0
-0.9123162031173706 0.3367937505245209 0.2329142838716507 -0.26337873935699463 -0.34231242537498474 -0.9394217133522034 0.0175781287252903 0.7335697412490845 0.22472494840621948 -0.06369264423847198 0.9723383784294128 12.199492454528809 0.0 0.0 0.0 1.0
-0.9215863943099976 0.32572704553604126 0.2111406773328781 -0.44568702578544617 -0.33035755157470703 -0.9437522888183594 0.013984085991978645 0.49260008335113525 0.20381948351860046 -0.05686437338590622 0.9773556590080261 11.970300674438477 0.0 0.0 0.0 1.0
-0.9843132495880127 0.15231925249099731 0.08902966976165771 -0.8713871240615845 -0.1569899022579193 -0.9864324331283569 -0.048013024032115936 0.6035498380661011 0.08050844073295593 -0.06123661249876022 0.9948710799217224 12.463099479675293 0.0 0.0 0.0 1.0
-0.9873273968696594 0.136214017868042 0.08142714202404022 -0.9017510414123535 -0.1413196176290512 -0.9881073236465454 -0.06060228869318962 0.5372130870819092 0.0722038745880127 -0.07134155184030533 0.9948351383209229 12.613776206970215 0.0 0.0 0.0 1.0
-0.9899066090583801 0.12183905392885208 0.07238922268152237 -0.9824554920196533 -0.12707176804542542 -0.9892255067825317 -0.07270258665084839 0.5104882717132568 0.06275124847888947 -0.08116739988327026 0.9947231411933899 12.823575973510742 0.0 0.0 0.0 1.0
-0.9920675754547119 0.1093347892165184 0.06203043460845947 -1.0475610494613647 -0.11424250155687332 -0.9900606870651245 -0.08202769607305527 0.45420360565185547 0.052445411682128906 -0.08846352994441986 0.9946978092193604 12.958935737609863 0.0 0.0 0.0 1.0
-0.9934345483779907 0.10073237121105194 0.05422905832529068 -1.0437726974487305 -0.10528388619422913 -0.9904600381851196 -0.08890548348426819 0.35493093729019165 0.04475605487823486 -0.09403122216463089 0.9945627450942993 13.113019943237305 0.0 0.0 0.0 1.0
-0.9955733418464661 0.08306034654378891 0.04398486018180847 -0.38883092999458313 -0.08479779213666916 -0.9956257343292236 -0.03922732174396515 0.4213580787181854 0.04053422063589096 -0.042783498764038086 0.9982617497444153 11.868388175964355 0.0 0.0 0.0 1.0
-0.996609628200531 0.07181921601295471 0.04013967141509056 -0.29220324754714966 -0.07291092723608017 -0.9969882369041443 -0.026428109034895897 0.11386840790510178 0.03812073543667793 -0.029265129938721657 0.9988445043563843 11.756067276000977 0.0 0.0 0.0 1.0
-0.9973049163818359 0.06330455839633942 0.03708731383085251 -0.2613426744937897 -0.06404165923595428 -0.9977656602859497 -0.01903475821018219 -0.06294476240873337 0.03579946234822273 -0.021358590573072433 0.9991307258605957 11.763778686523438 0.0 0.0 0.0 1.0
-0.9981234669685364 0.05181388184428215 0.032631952315568924 -0.25322213768959045 -0.05220404267311096 -0.9985734224319458 -0.011219492182135582 -0.1957680732011795 0.03200407326221466 -0.01290195807814598 0.9994044899940491 11.773980140686035 0.0 0.0 0.0 1.0
-0.9987923502922058 0.040907520800828934 0.027211356908082962 -0.36983293294906616 -0.04106311872601509 -0.999143123626709 -0.00518399104475975 -0.22397653758525848 0.026975974440574646 -0.006295113358646631 0.999616265296936 11.858636856079102 0.0 0.0 0.0 1.0
-0.994889497756958 -0.07956255227327347 -0.06216702237725258 -1.3032071590423584 0.08100005984306335 -0.9964938759803772 -0.02095174603164196 -0.4001283049583435 -0.06028208136558533 -0.025880204513669014 0.9978458285331726 12.487530708312988 0.0 0.0 0.0 1.0
-0.9864914417266846 -0.1214115098118782 -0.10997197777032852 -1.6453733444213867 0.12571477890014648 -0.991515576839447 -0.03305525332689285 -0.43223294615745544 -0.10502564162015915 -0.04643382504582405 0.9933848977088928 12.823963165283203 0.0 0.0 0.0 1.0
-0.9712786674499512 -0.16114060580730438 -0.17507565021514893 -2.1441640853881836 0.16967466473579407 -0.9848847389221191 -0.03482186794281006 -0.4683169424533844 -0.16681812703609467 -0.06352764368057251 0.983938992023468 13.070027351379395 0.0 0.0 0.0 1.0
-0.9570388793945312 -0.18988943099975586 -0.21913142502307892 -2.464203357696533 0.20092518627643585 -0.9791768193244934 -0.029014073312282562 -0.5296415686607361 -0.2090589553117752 -0.07179661840200424 0.9752638339996338 13.574954986572266 0.0 0.0 0.0 1.0
-0.9492793083190918 -0.2037569135427475 -0.23948262631893158 -2.5721659660339355 0.21502263844013214 -0.9763700366020203 -0.021606577560305595 -0.6139708161354065 -0.22942116856575012 -0.07200486212968826 0.9706602096557617 13.715417861938477 0.0 0.0 0.0 1.0
-0.9080557227134705 -0.25764304399490356 -0.3302345871925354 -2.6694250106811523 0.25751423835754395 -0.9652280211448669 0.04495897516608238 -0.5968120098114014 -0.3303350508213043 -0.04421485215425491 0.942827582359314 13.760871887207031 0.0 0.0 0.0 1.0
-0.8988538384437561 -0.276145339012146 -0.34030216932296753 -2.3807365894317627 0.2752716839313507 -0.9599646925926208 0.05189725384116173 -0.2610878050327301 -0.341009259223938 -0.04702751338481903 0.9388828873634338 13.744914054870605 0.0 0.0 0.0 1.0
-0.8775777816772461 -0.3183136582374573 -0.3585158884525299 -2.0607287883758545 0.32051506638526917 -0.9456427693367004 0.05504390969872475 0.06575298309326172 -0.3565491735935211 -0.06660442799329758 0.9318994283676147 13.869565963745117 0.0 0.0 0.0 1.0
-0.8445064425468445 -0.3728806972503662 -0.3844072222709656 -2.0054993629455566 0.380947470664978 -0.9227638244628906 0.05818888545036316 0.2567092180252075 -0.37641459703445435 -0.09729807078838348 0.9213279485702515 14.215333938598633 0.0 0.0 0.0 1.0
-0.825969934463501 -0.3901228904724121 -0.40691250562667847 -2.0194456577301025 0.401468962430954 -0.9138256311416626 0.061199817806482315 0.23838840425014496 -0.39572253823280334 -0.1128135398030281 0.9114147424697876 14.422119140625 0.0 0.0 0.0 1.0
-0.6976720094680786 -0.5015278458595276 -0.5115893483161926 -1.9260318279266357 0.5272641181945801 -0.8429023027420044 0.10727661848068237 0.5607674717903137 -0.48502203822135925 -0.1948987990617752 0.8525069355964661 14.034629821777344 0.0 0.0 0.0 1.0
-0.6596891283988953 -0.5381947159767151 -0.5245538353919983 -1.9990589618682861 0.5603471994400024 -0.8173606991767883 0.13391238451004028 0.8453101515769958 -0.5008206367492676 -0.20559173822402954 0.8407798409461975 14.192440032958984 0.0 0.0 0.0 1.0
-0.653436005115509 -0.5431464910507202 -0.5272696614265442 -1.8947129249572754 0.5607860088348389 -0.8152043223381042 0.1447790265083313 0.8564386963844299 -0.5084686875343323 -0.20108163356781006 0.8372728228569031 14.266921043395996 0.0 0.0 0.0 1.0
-0.6524947285652161 -0.5367189645767212 -0.5349611043930054 -1.8314086198806763 0.5524242520332336 -0.8201321959495544 0.14903244376182556 0.6103028059005737 -0.5187273621559143 -0.19828259944915771 0.8316285014152527 14.263428688049316 0.0 0.0 0.0 1.0
-0.6419131755828857 -0.5383867621421814 -0.5459736585617065 -1.8217376470565796 0.5566321611404419 -0.8169013857841492 0.1511050909757614 0.16081392765045166 -0.5273596048355103 -0.2069101482629776 0.8240631222724915 14.153868675231934 0.0 0.0 0.0 1.0
-0.43284502625465393 -0.6220957636833191 -0.652412474155426 -2.916534662246704 0.6788665652275085 -0.7011113166809082 0.2181355506181717 0.38567638397216797 -0.593114972114563 -0.3484821319580078 0.7257925868034363 14.785341262817383 0.0 0.0 0.0 1.0
-0.435226708650589 -0.6270391941070557 -0.6460646390914917 -2.6241681575775146 0.6782928705215454 -0.7002376317977905 0.22267936170101166 0.43485915660858154 -0.592027485370636 -0.3413050174713135 0.7300783395767212 14.629467010498047 0.0 0.0 0.0 1.0
-0.4403574764728546 -0.6326066255569458 -0.6370981931686401 -2.225916862487793 0.6794716715812683 -0.6986473798751831 0.22407615184783936 0.22827443480491638 -0.5868590474128723 -0.33421656489372253 0.7374928593635559 14.421480178833008 0.0 0.0 0.0 1.0
-0.4352196753025055 -0.6402640342712402 -0.6329658627510071 -1.9777123928070068 0.6857085227966309 -0.691311776638031 0.22779782116413116 -0.022065920755267143 -0.5834275484085083 -0.3348879814147949 0.7399069666862488 14.437399864196777 0.0 0.0 0.0 1.0
-0.4229310154914856 -0.6466707587242126 -0.6347805261611938 -1.8304905891418457 0.6933648586273193 -0.6819565892219543 0.23276688158512115 -0.02204529009759426 -0.5834162831306458 -0.34169015288352966 0.7367993593215942 14.479063987731934 0.0 0.0 0.0 1.0
-0.21606872975826263 -0.7145001292228699 -0.6654351353645325 -1.7676693201065063 0.7822813391685486 -0.5345048904418945 0.3199068605899811 0.24956123530864716 -0.5842518210411072 -0.4514355957508087 0.6744298934936523 14.660508155822754 0.0 0.0 0.0 1.0
-0.1988779455423355 -0.7103486657142639 -0.6751683950424194 -1.7842729091644287 0.7791773676872253 -0.5324676632881165 0.33069750666618347 -0.24264442920684814 -0.5944158434867859 -0.46030744910240173 0.6593836545944214 14.433196067810059 0.0 0.0 0.0 1.0
-0.17646069824695587 -0.7044671773910522 -0.6874500513076782 -1.6505249738693237 0.7779987454414368 -0.5276597142219543 0.34101787209510803 -0.48917534947395325 -0.602975606918335 -0.4746590554714203 0.6411857604980469 14.235716819763184 0.0 0.0 0.0 1.0
-0.1378292739391327 -0.7022937536239624 -0.6984171867370605 -1.5145713090896606 0.7880992293357849 -0.5048699975013733 0.35214468836784363 -0.36531856656074524 -0.5999189019203186 -0.5018861889839172 0.6230630278587341 14.31270694732666 0.0 0.0 0.0 1.0
-0.07769869267940521 -0.7052500247955322 -0.7046881318092346 -1.37093186378479 0.810594379901886 -0.45619475841522217 0.3671826422214508 -0.021744322031736374 -0.5804305672645569 -0.5426865816116333 0.6071174144744873 14.556145668029785 0.0 0.0 0.0 1.0
0.11821901053190231 -0.6909124851226807 -0.7132070064544678 -1.6743322610855103 0.8319947719573975 -0.3231475055217743 0.45095497369766235 -0.4679267704486847 -0.5420414805412292 -0.6466959714889526 0.5366333723068237 14.303481101989746 0.0 0.0 0.0 1.0
0.12672406435012817 -0.6850497126579285 -0.7173896431922913 -1.3753414154052734 0.8223990201950073 -0.33181124925613403 0.4621267318725586 -0.5525454878807068 -0.5546177625656128 -0.6485431790351868 0.5213357210159302 14.338494300842285 0.0 0.0 0.0 1.0
0.13786745071411133 -0.6797981262207031 -0.7203242778778076 -1.0733482837677002 0.820792019367218 -0.3286247253417969 0.4672325849533081 -0.4434555470943451 -0.5543401837348938 -0.6556525826454163 0.5126662254333496 14.294845581054688 0.0 0.0 0.0 1.0
0.16472695767879486 -0.6698213219642639 -0.7240196466445923 -0.6954035758972168 0.8264599442481995 -0.3069201707839966 0.4719787836074829 -0.1971011906862259 -0.538357675075531 -0.6761208772659302 0.5030224323272705 14.607427597045898 0.0 0.0 0.0 1.0
0.20512840151786804 -0.6581356525421143 -0.7244169116020203 -0.500578761100769 0.8356374502182007 -0.26756590604782104 0.47970667481422424 0.10494980216026306 -0.5095413327217102 -0.7037513852119446 0.4950774312019348 14.884657859802246 0.0 0.0 0.0 1.0
0.40552178025245667 -0.5974081158638 -0.691849410533905 -1.467055082321167 0.8188733458518982 -0.09891349077224731 0.5653870701789856 0.13425655663013458 -0.4062000513076782 -0.7958138585090637 0.44909000396728516 14.372310638427734 0.0 0.0 0.0 1.0
0.4494149088859558 -0.5792738199234009 -0.6800500750541687 -1.590759038925171 0.806794285774231 -0.0636516883969307 0.5873937606811523 0.414407879114151 -0.38354814052581787 -0.8126440644264221 0.4387487769126892 14.60157585144043 0.0 0.0 0.0 1.0
0.5017597675323486 -0.5536751747131348 -0.6645908355712891 -1.6975517272949219 0.7890986204147339 -0.021749282255768776 0.6138814091682434 0.7812628746032715 -0.35434526205062866 -0.8324486613273621 0.42599138617515564 15.071327209472656 0.0 0.0 0.0 1.0
0.5457314252853394 -0.5285115242004395 -0.6502713561058044 -1.7345589399337769 0.7737212181091309 0.019832897931337357 0.6332157254219055 0.9903590679168701 -0.3217650353908539 -0.8486944437026978 0.41974398493766785 15.55500316619873 0.0 0.0 0.0 1.0
0.5688166618347168 -0.5144016742706299 -0.641746461391449 -1.7233195304870605 0.7645115256309509 0.04298468679189682 0.6431753039360046 0.9971581697463989 -0.30326515436172485 -0.8564714193344116 0.417716383934021 15.596335411071777 0.0 0.0 0.0 1.0
0.6896616816520691 -0.38032978773117065 -0.6162109971046448 -1.088437557220459 0.7027623653411865 0.14633189141750336 0.696212649345398 0.7666003704071045 -0.17461907863616943 -0.913201093673706 0.36820095777511597 15.771833419799805 0.0 0.0 0.0 1.0
0.7242820262908936 -0.34353864192962646 -0.5978266596794128 -1.3804088830947876 0.6746098399162292 0.1738324910402298 0.7174146771430969 1.2287111282348633 -0.14253796637058258 -0.9229103326797485 0.3576582968235016 16.16351318359375 0.0 0.0 0.0 1.0
0.7495409250259399 -0.31534531712532043 -0.5820187330245972 -1.4439113140106201 0.6512763500213623 0.1939927637577057 0.7336251735687256 1.5320072174072266 -0.11843784898519516 -0.9289370775222778 0.35078245401382446 16.392019271850586 0.0 0.0 0.0 1.0
0.7661468386650085 -0.2950819432735443 -0.570916473865509 -1.3640093803405762 0.6345822215080261 0.20689964294433594 0.7446461915969849 1.5906850099563599 -0.1016092374920845 -0.9328017830848694 0.3457692563533783 16.522687911987305 0.0 0.0 0.0 1.0
0.7728108167648315 -0.2819901406764984 -0.5685464143753052 -1.1028045415878296 0.6278921961784363 0.20947857201099396 0.7495799660682678 1.5212525129318237 -0.09227585792541504 -0.9362693428993225 0.33894672989845276 16.68459129333496 0.0 0.0 0.0 1.0
0.8357294201850891 -0.13520924746990204 -0.5322356224060059 -0.5988013744354248 0.5487666130065918 0.2414376437664032 0.8003518581390381 0.24669110774993896 0.020286738872528076 -0.9609507322311401 0.2759748697280884 16.33624839782715 0.0 0.0 0.0 1.0
0.8521513938903809 -0.09233349561691284 -0.515084981918335 -0.631386935710907 0.5194867849349976 0.26780349016189575 0.8114275932312012 0.7101452350616455 0.06301960349082947 -0.959039032459259 0.2761751413345337 16.51007652282715 0.0 0.0 0.0 1.0
0.8602486848831177 -0.06487230956554413 -0.5057308673858643 -0.577548086643219 0.50155109167099 0.2861543297767639 0.8164325952529907 1.1098214387893677 0.09175321459770203 -0.9559850096702576 0.27870064973831177 16.60280418395996 0.0 0.0 0.0 1.0
0.8658364415168762 -0.03868648409843445 -0.4988292455673218 -0.5845835208892822 0.4859082102775574 0.3026488721370697 0.8199371099472046 1.4185726642608643 0.119249626994133 -0.9523166418075562 0.28084251284599304 16.786434173583984 0.0 0.0 0.0 1.0
0.8698822259902954 -0.02555118501186371 -0.49259722232818604 -0.6807488203048706 0.47516199946403503 0.31143638491630554 0.8229389190673828 1.5165122747421265 0.13238564133644104 -0.9499234557151794 0.2830539345741272 16.898052215576172 0.0 0.0 0.0 1.0
0.8963104486465454 0.07193457335233688 -0.43755340576171875 -0.5094876289367676 0.39164310693740845 0.3343265652656555 0.8572289347648621 0.6092057228088379 0.20795013010501862 -0.9397079944610596 0.2714877128601074 16.131433486938477 0.0 0.0 0.0 1.0
0.8986361622810364 0.12171795219182968 -0.4214710295200348 -0.4026874303817749 0.3589878976345062 0.34818220138549805 0.8659658432006836 0.9914027452468872 0.25215229392051697 -0.9294912219047546 0.2691938281059265 16.29920196533203 0.0 0.0 0.0 1.0
0.8958980441093445 0.18069107830524445 -0.4058539569377899 -0.31768798828125 0.32258087396621704 0.36355748772621155 0.8739379644393921 1.3886876106262207 0.3054640293121338 -0.9138799905776978 0.26742294430732727 16.40142822265625 0.0 0.0 0.0 1.0
0.8947615623474121 0.22637701034545898 -0.38490933179855347 -0.5142333507537842 0.2876744866371155 0.36704787611961365 0.8846011757850647 1.5119788646697998 0.34153351187705994 -0.902235746383667 0.263297438621521 16.82012176513672 0.0 0.0 0.0 1.0
0.899346113204956 0.2391943633556366 -0.36600908637046814 -0.7761157751083374 0.2670091390609741 0.3624328374862671 0.8929437398910522 1.3965983390808105 0.3462408185005188 -0.9007932543754578 0.262085497379303 16.74117660522461 0.0 0.0 0.0 1.0
0.924810528755188 0.3254864513874054 -0.19693665206432343 -1.1461933851242065 0.09810353815555573 0.29611778259277344 0.9500999450683594 0.9444335699081421 0.36756110191345215 -0.897982656955719 0.24192146956920624 17.054929733276367 0.0 0.0 0.0 1.0
0.9082216620445251 0.38484999537467957 -0.16438961029052734 -1.516169548034668 0.044681355357170105 0.3013967275619507 0.9524513483047485 1.433638095855713 0.41609740257263184 -0.8723821043968201 0.2565394341945648 17.421411514282227 0.0 0.0 0.0 1.0
0.8956381678581238 0.4247593879699707 -0.13195370137691498 -2.008591413497925 -0.004287424962967634 0.30490046739578247 0.9523745775222778 1.7127960920333862 0.44476279616355896 -0.8524172306060791 0.2749015986919403 17.395212173461914 0.0 0.0 0.0 1.0
0.896635115146637 0.4270853102207184 -0.11680596321821213 -2.1443042755126953 -0.020833374932408333 0.30420923233032227 0.9523773789405823 1.7651153802871704 0.4422798454761505 -0.8515015244483948 0.28166231513023376 17.289623260498047 0.0 0.0 0.0 1.0
0.9028399586677551 0.41484352946281433 -0.11307027190923691 -1.906122088432312 -0.019929910078644753 0.30306047201156616 0.9527629017829895 1.6219656467437744 0.42951467633247375 -0.8579389452934265 0.2818828821182251 17.050256729125977 0.0 0.0 0.0 1.0
0.8412988781929016 0.5401656031608582 -0.020912330597639084 -0.8419241309165955 -0.1446671485900879 0.2622540593147278 0.9540933966636658 0.35692301392555237 0.52085280418396 -0.7996523380279541 0.2987782657146454 16.03837013244629 0.0 0.0 0.0 1.0
0.8140515685081482 0.5807528495788574 -0.006791443098336458 -0.6670446395874023 -0.17291544377803802 0.25350862741470337 0.9517529010772705 0.6344730854034424 0.5544549226760864 -0.7736016511917114 0.30679023265838623 16.31012535095215 0.0 0.0 0.0 1.0
0.7902198433876038 0.612817108631134 -0.0027922342997044325 -0.4674234390258789 -0.18862123787403107 0.24755477905273438 0.9503360986709595 0.8027007579803467 0.5830734372138977 -0.7504477500915527 0.31121301651000977 16.255342483520508 0.0 0.0 0.0 1.0
0.7833513617515564 0.6215790510177612 0.0003222243394702673 -0.4572703242301941 -0.19409935176372528 0.2441231608390808 0.9501206874847412 0.8230949640274048 0.5904964208602905 -0.7443408966064453 0.3118823170661926 16.26337432861328 0.0 0.0 0.0 1.0
0.7871413230895996 0.6165347099304199 0.017131902277469635 -0.7299799919128418 -0.21251113712787628 0.24503175914287567 0.9459378719329834 0.7599493861198425 0.5790056586265564 -0.7482275366783142 0.32389509677886963 16.193668365478516 0.0 0.0 0.0 1.0
0.5939194560050964 0.796866238117218 0.11074211448431015 -0.5649109482765198 -0.3798256516456604 0.1563844084739685 0.9117435812950134 1.5593206882476807 0.7092193365097046 -0.5835649967193604 0.395550012588501 16.333608627319336 0.0 0.0 0.0 1.0
0.5880492329597473 0.7964085340499878 0.141179159283638 -1.008458137512207 -0.39624524116516113 0.13149671256542206 0.9086794257164001 1.271483063697815 0.7051154971122742 -0.5902897715568542 0.39289963245391846 17.022796630859375 0.0 0.0 0.0 1.0
0.5982022881507874 0.7818887829780579 0.17551058530807495 -1.497473120689392 -0.4175926446914673 0.11723258346319199 0.9010398983955383 1.0180827379226685 0.6839374303817749 -0.6122960448265076 0.3966398239135742 16.860698699951172 0.0 0.0 0.0 1.0
0.6112688779830933 0.7657566666603088 0.1999177783727646 -1.7471082210540771 -0.4356640577316284 0.11469286680221558 0.8927723169326782 0.9878233075141907 0.6607171893119812 -0.6328209042549133 0.40372082591056824 16.994232177734375 0.0 0.0 0.0 1.0
0.6154557466506958 0.7599427700042725 0.20904840528964996 -1.5656614303588867 -0.4441462457180023 0.11528710275888443 0.8885060548782349 1.0851863622665405 0.6511131525039673 -0.6396842002868652 0.40847983956336975 16.981834411621094 0.0 0.0 0.0 1.0
0.38946935534477234 0.8684723377227783 0.3067074120044708 -1.4141192436218262 -0.5273063778877258 -0.06277663260698318 0.8473529815673828 0.06750115007162094 0.7551566958427429 -0.49174681305885315 0.4335014224052429 17.342248916625977 0.0 0.0 0.0 1.0
0.39207807183265686 0.8596207499504089 0.3276078999042511 -1.72771418094635 -0.546145498752594 -0.06906305998563766 0.8348385691642761 0.12193082273006439 0.7402701377868652 -0.5062434673309326 0.44239985942840576 17.27572250366211 0.0 0.0 0.0 1.0
0.40748557448387146 0.8459270596504211 0.3440391421318054 -1.9427800178527832 -0.5562641024589539 -0.06885434687137604 0.8281481266021729 0.2915426194667816 0.7242414951324463 -0.5288350582122803 0.4425017237663269 17.328983306884766 0.0 0.0 0.0 1.0
0.4215388596057892 0.8355993032455444 0.3522481322288513 -1.7452332973480225 -0.5604061484336853 -0.06533756107091904 0.8256366848945618 0.45407435297966003 0.7129164934158325 -0.5454399585723877 0.4407326877117157 17.05203628540039 0.0 0.0 0.0 1.0
0.4192342460155487 0.8341580033302307 0.3583616614341736 -1.2312506437301636 -0.5567579865455627 -0.07556796818971634 0.8272303342819214 0.6550723910331726 0.7171214818954468 -0.5463240146636963 0.4327434301376343 16.852218627929688 0.0 0.0 0.0 1.0
0.2727416157722473 0.8571584820747375 0.4369111955165863 -0.8272297978401184 -0.586421549320221 -0.211902916431427 0.7817972302436829 0.9612592458724976 0.7627068758010864 -0.46944278478622437 0.44486144185066223 16.224103927612305 0.0 0.0 0.0 1.0
0.258308082818985 0.8566415905952454 0.4465894401073456 -0.8426879048347473 -0.5902964472770691 -0.22598379850387573 0.7749073505401611 0.8155519366264343 0.7647398710250854 -0.46378499269485474 0.4472990334033966 16.22782325744629 0.0 0.0 0.0 1.0
0.24814099073410034 0.8557255864143372 0.45404818654060364 -0.7884396910667419 -0.5921420454978943 -0.23696333169937134 0.7702052593231201 0.6342606544494629 0.7666771411895752 -0.4599805176258087 0.44791078567504883 16.244476318359375 0.0 0.0 0.0 1.0
0.24235549569129944 0.8550467491149902 0.45843085646629333 -0.7398163676261902 -0.5932744145393372 -0.2432621270418167 0.7673649787902832 0.5041587948799133 0.7676517963409424 -0.4579504132270813 0.4483214318752289 16.248985290527344 0.0 0.0 0.0 1.0
0.23721706867218018 0.852682888507843 0.4654673933982849 -0.6928470134735107 -0.5948905944824219 -0.25129348039627075 0.7635160684585571 0.352748304605484 0.7680060267448425 -0.45802122354507446 0.44764190912246704 16.31258201599121 0.0 0.0 0.0 1.0
0.23899532854557037 0.8427907824516296 0.48227059841156006 -0.7216924428939819 -0.6097308993339539 -0.25628533959388733 0.7500306963920593 0.35827192664146423 0.7557178139686584 -0.47330912947654724 0.4526245892047882 16.19950294494629 0.0 0.0 0.0 1.0
0.23996423184871674 0.8420081734657288 0.48315563797950745 -0.8019869923591614 -0.6120817065238953 -0.2550771236419678 0.7485263347625732 0.3542998731136322 0.7535072565078735 -0.4753502607345581 0.4541684091091156 16.204011917114258 0.0 0.0 0.0 1.0