-0.9983327388763428 -0.007844997569918633 -0.05718603357672691 -0.880431592464447 0.007174402941018343 -0.9999032020568848 0.011922439560294151 5.909038543701172 -0.05727402865886688 0.011492285877466202 0.9982923269271851 10.833968162536621 0.0 0.0 0.0 1.0
-0.9983288645744324 -0.007622952107340097 -0.05728304013609886 -0.8357591032981873 0.006848885212093592 -0.9998827576637268 0.013697215355932713 5.860936164855957 -0.057380735874176025 0.013282000087201595 0.9982640147209167 10.900840759277344 0.0 0.0 0.0 1.0
-0.9982747435569763 -0.007153465412557125 -0.05827837437391281 -0.806608259677887 0.006194515153765678 -0.9998427033424377 0.016618719324469566 5.818721771240234 -0.05838809162378311 0.016229040920734406 0.998162031173706 10.906023025512695 0.0 0.0 0.0 1.0
-0.9982591867446899 -0.006701637990772724 -0.0585978701710701 -0.8045202493667603 0.005610635504126549 -0.9998081922531128 0.018763212487101555 5.785451412200928 -0.05871237441897392 0.018401777371764183 0.9981053471565247 10.880717277526855 0.0 0.0 0.0 1.0
-0.9982641339302063 -0.00664658285677433 -0.05851912125945091 -0.8286618590354919 0.005401366390287876 -0.9997561573982239 0.021411322057247162 5.7538957595825195 -0.05864716321229935 0.02105807326734066 0.9980566501617432 10.861676216125488 0.0 0.0 0.0 1.0
-0.9982293844223022 -0.006513009779155254 -0.059124745428562164 -0.8691679239273071 0.00509110651910305 -0.9996949434280396 0.024168072268366814 5.720691680908203 -0.05926411598920822 0.023824268952012062 0.9979580044746399 10.86595344543457 0.0 0.0 0.0 1.0
-0.9981879591941833 -0.006090286187827587 -0.05986446514725685 -0.9130564332008362 0.004565711133182049 -0.9996625781059265 0.025570983067154884 5.6936821937561035 -0.05999999865889549 0.025251323357224464 0.997878909111023 10.966109275817871 0.0 0.0 0.0 1.0
-0.9982602000236511 -0.006727906875312328 -0.058577001094818115 -0.9543236494064331 0.005178502760827541 -0.9996337294578552 0.026562465354800224 5.665024757385254 -0.05873425677418709 0.026212912052869797 0.9979294538497925 11.11298656463623 0.0 0.0 0.0 1.0
-0.998297929763794 -0.006647748406976461 -0.057940322905778885 -0.9851005673408508 0.005054906476289034 -0.9996064305305481 0.027594417333602905 5.647687911987305 -0.05810096114873886 0.027254566550254822 0.9979386329650879 11.256823539733887 0.0 0.0 0.0 1.0
-0.9983665943145752 -0.007112659048289061 -0.05668862164020538 -1.0083434581756592 0.005540733691304922 -0.9995970726013184 0.027838217094540596 5.634860038757324 -0.05686378479003906 0.027478648349642754 0.9980037212371826 11.363628387451172 0.0 0.0 0.0 1.0
-0.9985625147819519 -0.007557606790214777 -0.05306355282664299 -1.0106961727142334 0.006091969087719917 -0.9995969533920288 0.027728043496608734 5.625272750854492 -0.0532517209649086 0.027364924550056458 0.9982060790061951 11.432329177856445 0.0 0.0 0.0 1.0
-0.9986964464187622 -0.007710219360888004 -0.05045735090970993 -1.0110708475112915 0.006315899081528187 -0.9995953440666199 0.027734976261854172 5.63441276550293 -0.05065077543258667 0.027380138635635376 0.9983410239219666 11.414134979248047 0.0 0.0 0.0 1.0
-0.998833179473877 -0.0080342348664999 -0.04762127250432968 -1.0235623121261597 0.006726445164531469 -0.9995975494384766 0.02755921334028244 5.64968204498291 -0.047823525965213776 0.02720673382282257 0.9984852075576782 11.377983093261719 0.0 0.0 0.0 1.0
-0.999110996723175 -0.007552343886345625 -0.04147547110915184 -1.0300049781799316 0.006537620443850756 -0.999677300453186 0.024547003209590912 5.680421352386475 -0.041647475212812424 0.024254029616713524 0.998837947845459 11.424527168273926 0.0 0.0 0.0 1.0
-0.9992721676826477 -0.00707723293453455 -0.0374842993915081 -1.0054097175598145 0.006241382099688053 -0.9997302889823914 0.022368963807821274 5.678258895874023 -0.03763250261545181 0.02211872860789299 0.999046802520752 11.450143814086914 0.0 0.0 0.0 1.0
-0.9994699358940125 -0.0062188562005758286 -0.03195588290691376 -0.9593769311904907 0.005625425837934017 -0.9998106956481934 0.018626760691404343 5.658041477203369 -0.03206567093729973 0.01843712292611599 0.9993156790733337 11.482999801635742 0.0 0.0 0.0 1.0
-0.9997881054878235 -0.004150617402046919 -0.020161552354693413 -0.8400306701660156 0.003911659121513367 -0.9999217987060547 0.011877194046974182 5.572585105895996 -0.02020927332341671 0.011795812286436558 0.9997261762619019 11.487967491149902 0.0 0.0 0.0 1.0
-0.9998992681503296 -0.002877122024074197 -0.013898497447371483 -0.7819618582725525 0.0027607495430856943 -0.9999610185623169 0.00838497281074524 5.520107269287109 -0.013922080397605896 0.00834575854241848 0.9998682737350464 11.524386405944824 0.0 0.0 0.0 1.0
-0.9999784827232361 -0.0014512492343783379 -0.0064002652652561665 -0.7292073369026184 0.0014262719778344035 -0.9999913573265076 0.0039053759537637234 5.463749408721924 -0.006405877415090799 0.003896163310855627 0.999971866607666 11.611626625061035 0.0 0.0 0.0 1.0
-1.0 -0.00010074154124595225 0.00011450752208475024 -0.6957938075065613 0.00010078063496621326 -0.9999999403953552 0.00034147730912081897 5.4055867195129395 0.00011447311408119276 0.0003414888633415103 0.9999999403953552 11.668133735656738 0.0 0.0 0.0 1.0
-0.999880850315094 0.0036875451914966106 0.014989525079727173 -0.6712515950202942 -0.0037924840580672026 -0.9999684691429138 -0.006978429388254881 5.249325275421143 0.014963318593800068 -0.007034445181488991 0.99986332654953 11.788284301757812 0.0 0.0 0.0 1.0
-0.9996966123580933 0.005924259778112173 0.023907791823148727 -0.6811058521270752 -0.00621283333748579 -0.9999085068702698 -0.012014106847345829 5.153934478759766 0.023834429681301117 -0.012158997356891632 0.9996419548988342 11.87878704071045 0.0 0.0 0.0 1.0
-0.999424159526825 0.008413497358560562 0.03287230804562569 -0.6950480341911316 -0.009001345373690128 -0.9998014569282532 -0.0177758876234293 5.053319931030273 0.03271622583270073 -0.018061544746160507 0.9993014931678772 11.975750923156738 0.0 0.0 0.0 1.0
-0.9985345602035522 0.01459712628275156 0.052112359553575516 -0.6742760539054871 -0.016211694106459618 -0.9993972778320312 -0.0306953527033329 4.858413219451904 0.05163288861513138 -0.03149519860744476 0.9981693625450134 12.240904808044434 0.0 0.0 0.0 1.0
-0.9979652762413025 0.017841162160038948 0.061212748289108276 -0.6449607610702515 -0.020108047872781754 -0.9991269707679749 -0.03661896288394928 4.767024993896484 0.060505982488393784 -0.03777531906962395 0.9974527955055237 12.284103393554688 0.0 0.0 0.0 1.0
-0.9972988367080688 0.021061798557639122 0.07036622613668442 -0.6238670349121094 -0.02408662624657154 -0.9988095164299011 -0.042418625205755234 4.674969673156738 0.06938904523849487 -0.04399893060326576 0.996618926525116 12.290817260742188 0.0 0.0 0.0 1.0
-0.9960904717445374 0.02868375927209854 0.08355267345905304 -0.6022870540618896 -0.03319311514496803 -0.9980378746986389 -0.053090643137693405 4.5072736740112305 0.08186589181423187 -0.05565645918250084 0.9950881004333496 12.389322280883789 0.0 0.0 0.0 1.0
-0.9955158233642578 0.03242027759552002 0.08886586129665375 -0.5766616463661194 -0.03758857771754265 -0.9976597428321838 -0.05711548402905464 4.436279296875 0.08680618554353714 -0.06019970774650574 0.994404673576355 12.386981964111328 0.0 0.0 0.0 1.0
-0.994996190071106 0.03541983291506767 0.09342359751462936 -0.5623050928115845 -0.0412348248064518 -0.9972816705703735 -0.061065349727869034 4.38020133972168 0.09100671857595444 -0.06461209803819656 0.9937520027160645 12.34949779510498 0.0 0.0 0.0 1.0
-0.994421124458313 0.039854805916547775 0.09766363352537155 -0.5630006790161133 -0.0462932214140892 -0.9968388080596924 -0.06456998735666275 4.326290130615234 0.09478148072957993 -0.068730928003788 0.9931226372718811 12.27761173248291 0.0 0.0 0.0 1.0
-0.9943049550056458 0.04041765630245209 0.09861045330762863 -0.5674542784690857 -0.046941060572862625 -0.9967964887619019 -0.06475530564785004 4.3316330909729 0.09567729383707047 -0.06901540607213974 0.9930169582366943 12.279695510864258 0.0 0.0 0.0 1.0
-0.9942408800125122 0.04003843292593956 0.09940847754478455 -0.5701642036437988 -0.04654812067747116 -0.9968603849411011 -0.0640520229935646 4.345455646514893 0.09653183072805405 -0.06831041723489761 0.9929830431938171 12.25814437866211 0.0 0.0 0.0 1.0
-0.9944021701812744 0.036928970366716385 0.09899766743183136 -0.5807529091835022 -0.04291849955916405 -0.9973307847976685 -0.05907059833407402 4.407421112060547 0.09655200690031052 -0.0629887655377388 0.9933328628540039 12.157901763916016 0.0 0.0 0.0 1.0
-0.9945604801177979 0.03452030569314957 0.09827417880296707 -0.5764204263687134 -0.04003562033176422 -0.9976991415023804 -0.05471392720937729 4.460727214813232 0.09615932404994965 -0.05835077911615372 0.9936541318893433 12.074570655822754 0.0 0.0 0.0 1.0
-0.9949284195899963 0.03184780478477478 0.09541019052267075 -0.567286491394043 -0.03660329431295395 -0.9981516003608704 -0.048513904213905334 4.530117511749268 0.09368877112865448 -0.05176019296050072 0.9942551255226135 11.979630470275879 0.0 0.0 0.0 1.0
-0.9953567385673523 0.028356311842799187 0.09198317676782608 -0.571893572807312 -0.032064419239759445 -0.998721182346344 -0.03908851370215416 4.619068622589111 0.09075713902711868 -0.04185640066862106 0.9949930310249329 11.82654094696045 0.0 0.0 0.0 1.0
-0.9964548349380493 0.018912378698587418 0.08197619020938873 -0.6941611170768738 -0.020064767450094223 -0.9997107982635498 -0.013256588950753212 4.884378910064697 0.08170177042484283 -0.014854425564408302 0.9965460896492004 11.379270553588867 0.0 0.0 0.0 1.0
-0.9971513152122498 0.016301367431879044 0.07364483177661896 -0.739899218082428 -0.01648164726793766 -0.9998624920845032 -0.0018408531323075294 4.979316234588623 0.07360469549894333 -0.0030493971426039934 0.997282862663269 11.268363952636719 0.0 0.0 0.0 1.0
-0.9977205991744995 0.013371377252042294 0.0661424770951271 -0.7385969758033752 -0.013007446192204952 -0.999897837638855 0.005929835140705109 5.029875755310059 0.06621500849723816 0.005055973771959543 0.9977925419807434 11.292927742004395 0.0 0.0 0.0 1.0
-0.9985024929046631 0.00951281189918518 0.05387264862656593 -0.7401432991027832 -0.008324055932462215 -0.9997178316116333 0.022247590124607086 5.036616802215576 0.05406908318400383 0.02176583558320999 0.9982999563217163 11.215775489807129 0.0 0.0 0.0 1.0
-0.9988484978675842 0.006779334507882595 0.0474945530295372 -0.7717881798744202 -0.005479265004396439 -0.9996081590652466 0.02744993567466736 5.003870487213135 0.04766203835606575 0.027158090844750404 0.9984942674636841 11.166396141052246 0.0 0.0 0.0 1.0
-0.9991015195846558 0.003255706513300538 0.042256202548742294 -0.7981799244880676 -0.0019306250615045428 -0.9995062351226807 0.031361281871795654 4.954150676727295 0.04233743995428085 0.03125151991844177 0.998614490032196 11.14490795135498 0.0 0.0 0.0 1.0
-0.9994151592254639 -0.003920963034033775 0.033969856798648834 -0.8458424806594849 0.005168857052922249 -0.9993120431900024 0.036725763231515884 4.811763763427734 0.03380248695611954 0.03687987104058266 0.9987478256225586 11.180133819580078 0.0 0.0 0.0 1.0
-0.9994964003562927 -0.0077745686285197735 0.030765414237976074 -0.8633116483688354 0.008953340351581573 -0.9992237091064453 0.038364436477422714 4.715242385864258 0.030443264171481133 0.03862056881189346 0.9987900853157043 11.203286170959473 0.0 0.0 0.0 1.0
-0.9995150566101074 -0.011471567675471306 0.02894936501979828 -0.8730676770210266 0.01259371917694807 -0.9991644024848938 0.038882721215486526 4.609767436981201 0.02847912907600403 0.039228443056344986 0.9988243579864502 11.216453552246094 0.0 0.0 0.0 1.0
-0.9994735717773438 -0.01833190955221653 0.02676830254495144 -0.9029253721237183 0.019400859251618385 -0.9990018606185913 0.04023546352982521 4.38324499130249 0.026003990322351456 0.04073360934853554 0.9988316297531128 11.115440368652344 0.0 0.0 0.0 1.0
-0.999415934085846 -0.02164105512201786 0.026446443051099777 -0.9119561910629272 0.022696616128087044 -0.9989303350448608 0.040287263691425323 4.272011756896973 0.025546295568346977 0.04086397960782051 0.9988380670547485 11.096048355102539 0.0 0.0 0.0 1.0
-0.9993676543235779 -0.024606386199593544 0.02566664293408394 -0.9166058301925659 0.025673896074295044 -0.9987823963165283 0.04212617129087448 4.164566516876221 0.02459881640970707 0.04275849834084511 0.9987825751304626 11.06411361694336 0.0 0.0 0.0 1.0
-0.9993187785148621 -0.027160990983247757 0.024984639137983322 -0.922235369682312 0.028249284252524376 -0.9986192584037781 0.044289302080869675 4.0697760581970215 0.023747200146317482 0.04496493190526962 0.9987062811851501 11.043066024780273 0.0 0.0 0.0 1.0
-0.9991918802261353 -0.03260372579097748 0.023506853729486465 -0.9307430386543274 0.033856526017189026 -0.9979105591773987 0.05502919852733612 3.9425714015960693 0.02166358008980751 0.05578058958053589 0.9982079863548279 10.88001823425293 0.0 0.0 0.0 1.0
-0.9991118907928467 -0.03560878336429596 0.02252650260925293 -0.9249503016471863 0.03700057789683342 -0.9972169399261475 0.064725361764431 3.922743797302246 0.02015901729464531 0.0655013769865036 0.9976488351821899 10.74219799041748 0.0 0.0 0.0 1.0
-0.9990010857582092 -0.038690727204084396 0.022357719019055367 -0.9070523381233215 0.040294766426086426 -0.996261715888977 0.07641321420669556 3.937500476837158 0.01931765489280224 0.07723778486251831 0.9968255162239075 10.572980880737305 0.0 0.0 0.0 1.0
-0.9987860918045044 -0.04510802403092384 0.01979006640613079 -0.8841851949691772 0.04700634628534317 -0.9929069876670837 0.10920695215463638 3.9679770469665527 0.014723584987223148 0.11000464111566544 0.9938220381736755 10.159463882446289 0.0 0.0 0.0 1.0
-0.9986997842788696 -0.04766528680920601 0.01807636022567749 -0.8612843155860901 0.049583256244659424 -0.9906318187713623 0.1272401064634323 3.9572269916534424 0.011842082254588604 0.12797096371650696 0.9917072057723999 10.00849437713623 0.0 0.0 0.0 1.0
-0.9986399412155151 -0.04938787594437599 0.016706159338355064 -0.8054624199867249 0.05128282681107521 -0.9882491827011108 0.1439918577671051 3.931373119354248 0.009398396126925945 0.14465275406837463 0.9894378185272217 9.905115127563477 0.0 0.0 0.0 1.0
-0.9985761046409607 -0.05150879919528961 0.013876942917704582 -0.63304203748703 0.05315759778022766 -0.982609748840332 0.1779109686613083 3.82796573638916 0.004471638705581427 0.1783953160047531 0.9839487075805664 9.696717262268066 0.0 0.0 0.0 1.0
-0.9985827207565308 -0.05181480571627617 0.012158435769379139 -0.543645441532135 0.053188540041446686 -0.9796844124794006 0.19336356222629547 3.7542200088500977 0.0018923338502645493 0.19373619556427002 0.9810518622398376 9.631936073303223 0.0 0.0 0.0 1.0
-0.998577892780304 -0.052221279591321945 0.010728680528700352 -0.4581415057182312 0.053310979157686234 -0.9769015312194824 0.20693321526050568 3.6725194454193115 -0.00032545297290198505 0.20721089839935303 0.9782962203025818 9.608009338378906 0.0 0.0 0.0 1.0
-0.9985154271125793 -0.05400439351797104 0.007107758894562721 -0.3471905291080475 0.054179947823286057 -0.9712526202201843 0.23180364072322845 3.5001590251922607 -0.005614985711872578 0.23184460401535034 0.972736656665802 9.46328353881836 0.0 0.0 0.0 1.0
-0.9984542727470398 -0.055358655750751495 0.004953679628670216 -0.3184366524219513 0.0549028180539608 -0.968497633934021 0.2428950071334839 3.4180519580841064 -0.008648714050650597 0.24279151856899261 0.970039963722229 9.3530855178833 0.0 0.0 0.0 1.0
-0.9983262419700623 -0.057746198028326035 0.0031721661798655987 -0.2838820815086365 0.056662339717149734 -0.9656597375869751 0.25355592370033264 3.332263469696045 -0.011578657664358616 0.25331127643585205 0.9673155546188354 9.263917922973633 0.0 0.0 0.0 1.0
-0.9979264140129089 -0.0643647238612175 1.2661704204219859e-05 -0.19539743661880493 0.061903215944767 -0.9597086906433105 0.27409353852272034 3.140619993209839 -0.017629804089665413 0.27352598309516907 0.9617030620574951 9.102724075317383 0.0 0.0 0.0 1.0
-0.9976290464401245 -0.06879809498786926 -0.0017715931171551347 -0.16396117210388184 0.06543371081352234 -0.9561904072761536 0.28533902764320374 3.034264087677002 -0.02132475934922695 0.28454655408859253 0.958424985408783 8.975020408630371 0.0 0.0 0.0 1.0
-0.9972384572029114 -0.07423236966133118 -0.0022466578520834446 -0.15569940209388733 0.07023733109235764 -0.9525341987609863 0.2962184250354767 2.9209706783294678 -0.02412901446223259 0.2952426075935364 0.9551175832748413 8.898404121398926 0.0 0.0 0.0 1.0
-0.9967840313911438 -0.080065056681633 -0.003336813533678651 -0.14966638386249542 0.07521166652441025 -0.9491071701049805 0.3058411180973053 2.800424337387085 -0.02765418030321598 0.304606556892395 0.9520767331123352 8.916324615478516 0.0 0.0 0.0 1.0
-0.9955781102180481 -0.09386544674634933 -0.003676057793200016 -0.15505965054035187 0.08763593435287476 -0.9421731233596802 0.3234652280807495 2.5063347816467285 -0.03382568806409836 0.3217127323150635 0.9462329149246216 8.840008735656738 0.0 0.0 0.0 1.0
-0.9948647022247314 -0.10116714984178543 -0.003075799671933055 -0.17172516882419586 0.0945187583565712 -0.939495861530304 0.32926249504089355 2.33724308013916 -0.03620024770498276 0.3272809088230133 0.9442334175109863 8.80967903137207 0.0 0.0 0.0 1.0
-0.9940565228462219 -0.10882551968097687 -0.002936465200036764 -0.17674891650676727 0.10165497660636902 -0.9375354051589966 0.3327065110206604 2.1620664596557617 -0.03895999863743782 0.3304305672645569 0.9430258274078369 8.857220649719238 0.0 0.0 0.0 1.0
-0.9923081398010254 -0.12369931489229202 -0.004797759000211954 -0.14146608114242554 0.11486615240573883 -0.934515118598938 0.3368786573410034 1.8142380714416504 -0.046155236661434174 0.3337363302707672 0.9415358304977417 8.983328819274902 0.0 0.0 0.0 1.0
-0.9913854598999023 -0.13076667487621307 -0.007415373809635639 -0.09979785233736038 0.12075041979551315 -0.9344460964202881 0.3350071907043457 1.6458054780960083 -0.05073704198002815 0.33122584223747253 0.9421864151954651 9.113260269165039 0.0 0.0 0.0 1.0
-0.9904295206069946 -0.137380912899971 -0.013260208070278168 -0.049525149166584015 0.12506552040576935 -0.9339574575424194 0.334786593914032 1.4838238954544067 -0.05837775766849518 0.3299241364002228 0.9422006607055664 9.074902534484863 0.0 0.0 0.0 1.0
-0.9880421757698059 -0.14794103801250458 -0.043429479002952576 0.0060226935893297195 0.1255972981452942 -0.9356445074081421 0.3298403322696686 1.2103394269943237 -0.08943147957324982 0.3204415440559387 0.943037211894989 8.951494216918945 0.0 0.0 0.0 1.0
-0.9862143993377686 -0.15061062574386597 -0.06853928416967392 0.008693729527294636 0.12095140665769577 -0.9387905597686768 0.3225570023059845 1.0926306247711182 -0.11292454600334167 0.30982041358947754 0.9440653324127197 9.006693840026855 0.0 0.0 0.0 1.0
-0.9835742115974426 -0.1527901589870453 -0.0961092859506607 -0.004323326051235199 0.11551574617624283 -0.9419423341751099 0.3152787685394287 0.9524029493331909 -0.13870090246200562 0.2989979088306427 0.9441198706626892 8.950394630432129 0.0 0.0 0.0 1.0
-0.976318359375 -0.14774386584758759 -0.15803225338459015 0.07519912719726562 0.09571806341409683 -0.9500988125801086 0.29690125584602356 0.7993929982185364 -0.19401158392429352 0.27474358677864075 0.9417406320571899 8.936652183532715 0.0 0.0 0.0 1.0
-0.9720266461372375 -0.14346306025981903 -0.18596388399600983 0.16387058794498444 0.0850491002202034 -0.9530342221260071 0.2906758785247803 0.7965087294578552 -0.218931183218956 0.26672863960266113 0.9385760426521301 8.855154037475586 0.0 0.0 0.0 1.0
-0.9674472212791443 -0.13913798332214355 -0.21139183640480042 0.28746843338012695 0.07490212470293045 -0.9553021192550659 0.2859852910041809 0.8268558979034424 -0.24173448979854584 0.260841965675354 0.9346261024475098 8.734037399291992 0.0 0.0 0.0 1.0
-0.9572935700416565 -0.13145656883716583 -0.257503867149353 0.5905669927597046 0.05586940422654152 -0.9579771757125854 0.2813509702682495 0.9589269757270813 -0.28366824984550476 0.2549488842487335 0.9244097471237183 8.453036308288574 0.0 0.0 0.0 1.0
-0.9515646696090698 -0.1280020773410797 -0.27953553199768066 0.7405766248703003 0.046283118426799774 -0.9584885835647583 0.28134939074516296 1.0381420850753784 -0.3039449155330658 0.25478437542915344 0.9179882407188416 8.280660629272461 0.0 0.0 0.0 1.0
-0.9446715712547302 -0.1252405345439911 -0.3031672537326813 0.8763882517814636 0.03672641143202782 -0.9588133096694946 0.2816527485847473 1.125624656677246 -0.3259551227092743 0.254935085773468 0.9103633165359497 8.15858268737793 0.0 0.0 0.0 1.0
-0.9372280240058899 -0.12390294671058655 -0.3259626626968384 1.0091776847839355 0.02802896313369274 -0.9584900736808777 0.28374481201171875 1.2201638221740723 -0.34758880734443665 0.256797194480896 0.9017966389656067 8.037565231323242 0.0 0.0 0.0 1.0
-0.919528067111969 -0.12769757211208344 -0.3717007637023926 1.2302712202072144 0.014080064371228218 -0.9558410048484802 0.29354679584503174 1.4429246187210083 -0.39277204871177673 0.26469093561172485 0.8807206153869629 7.866061687469482 0.0 0.0 0.0 1.0
-0.9100748896598816 -0.13345204293727875 -0.3923700451850891 1.29768705368042 0.009994897060096264 -0.9535306096076965 0.3011302947998047 1.57035493850708 -0.4143233001232147 0.27012941241264343 0.8691180944442749 7.795314311981201 0.0 0.0 0.0 1.0
-0.9013611078262329 -0.14133386313915253 -0.40935665369033813 1.3290544748306274 0.008005631156265736 -0.9505237340927124 0.3105488121509552 1.7183181047439575 -0.4329942762851715 0.276639461517334 0.8578965663909912 7.713171005249023 0.0 0.0 0.0 1.0
-0.8845523595809937 -0.15924762189388275 -0.4384145140647888 1.4286123514175415 0.0013609735760837793 -0.9407916069030762 0.33898279070854187 1.9772248268127441 -0.466438889503479 0.29925137758255005 0.8323961496353149 7.56705379486084 0.0 0.0 0.0 1.0
-0.876871645450592 -0.16635224223136902 -0.4510243833065033 1.5521138906478882 -0.004840870387852192 -0.9351148009300232 0.3543117940425873 2.0473337173461914 -0.48070016503334045 0.3128693401813507 0.8191704154014587 7.627499103546143 0.0 0.0 0.0 1.0
-0.8693705201148987 -0.1712692230939865 -0.46353182196617126 1.6819227933883667 -0.014335758984088898 -0.9288822412490845 0.3700976073741913 2.082428216934204 -0.49395284056663513 0.3283970355987549 0.8050875663757324 7.700214385986328 0.0 0.0 0.0 1.0
-0.8524752855300903 -0.17983047664165497 -0.4908634424209595 1.8774065971374512 -0.03942694142460823 -0.9141797423362732 0.4033868610858917 2.0523881912231445 -0.5212786197662354 0.3632305860519409 0.7722254395484924 7.841907501220703 0.0 0.0 0.0 1.0
-0.8428483605384827 -0.18430618941783905 -0.505606472492218 1.9173636436462402 -0.053521763533353806 -0.9061583280563354 0.41953837871551514 2.00888729095459 -0.5354830622673035 0.38066819310188293 0.7538896799087524 7.938923358917236 0.0 0.0 0.0 1.0
-0.832482635974884 -0.18935024738311768 -0.5206909775733948 1.8939117193222046 -0.06822892278432846 -0.8976000547409058 0.43549856543540955 1.9693362712860107 -0.5498340129852295 0.39807119965553284 0.7343173027038574 8.053049087524414 0.0 0.0 0.0 1.0
-0.8110619783401489 -0.20080862939357758 -0.549412727355957 1.7910096645355225 -0.09861300140619278 -0.8788512349128723 0.4667932987213135 1.8923187255859375 -0.5765881538391113 0.4327775537967682 0.6930004954338074 8.242260932922363 0.0 0.0 0.0 1.0
-0.8020340204238892 -0.2080811709165573 -0.5598604083061218 1.7531088590621948 -0.11226783692836761 -0.8681244850158691 0.4834829866886139 1.8571206331253052 -0.586632251739502 0.45062413811683655 0.6729045510292053 8.289881706237793 0.0 0.0 0.0 1.0
-0.7932807207107544 -0.2149600386619568 -0.5696471333503723 1.706404685974121 -0.12595708668231964 -0.8574228882789612 0.4989597499370575 1.836281418800354 -0.5956848859786987 0.46756625175476074 0.6531013250350952 8.3639554977417 0.0 0.0 0.0 1.0
-0.7796681523323059 -0.23152844607830048 -0.5818179845809937 1.630463719367981 -0.14926204085350037 -0.8336395025253296 0.5317575335502625 1.8171766996383667 -0.6081434488296509 0.5014377236366272 0.6154037117958069 8.458276748657227 0.0 0.0 0.0 1.0
-0.7751937508583069 -0.240086629986763 -0.5843227505683899 1.6023566722869873 -0.15909849107265472 -0.8209535479545593 0.5483821034431458 1.8095604181289673 -0.611361026763916 0.5180672407150269 0.5982006788253784 8.511058807373047 0.0 0.0 0.0 1.0
-0.771507740020752 -0.2479419857263565 -0.5859186053276062 1.593320369720459 -0.1686752438545227 -0.8082689046859741 0.5641365051269531 1.8055850267410278 -0.6134529113769531 0.5340656638145447 0.5817640423774719 8.606124877929688 0.0 0.0 0.0 1.0
-0.7702983021736145 -0.2553471028804779 -0.5843272805213928 1.6068201065063477 -0.1764742136001587 -0.7951785922050476 0.580127477645874 1.791812777519226 -0.6127784252166748 0.5499899387359619 0.5674625039100647 8.632713317871094 0.0 0.0 0.0 1.0
-0.7744860053062439 -0.26712143421173096 -0.5734261274337769 1.7468630075454712 -0.1871187537908554 -0.7691709399223328 0.6110340356826782 1.7028053998947144 -0.6042830348014832 0.5805361270904541 0.5457287430763245 8.681142807006836 0.0 0.0 0.0 1.0
-0.7792508006095886 -0.27216798067092896 -0.5645288228988647 1.8311123847961426 -0.189261332154274 -0.756524384021759 0.625980019569397 1.6391655206680298 -0.5974515676498413 0.5946388840675354 0.538011372089386 8.797268867492676 0.0 0.0 0.0 1.0
-0.7847197651863098 -0.2763170003890991 -0.5548547506332397 1.886928677558899 -0.19056124985218048 -0.7442480325698853 0.6401416063308716 1.570313572883606 -0.589831531047821 0.6080656051635742 0.5313708782196045 8.955482482910156 0.0 0.0 0.0 1.0
-0.7991121411323547 -0.28328362107276917 -0.5302548408508301 1.9620503187179565 -0.18630193173885345 -0.7219097018241882 0.6664367914199829 1.3886327743530273 -0.5715867280960083 0.6313452124595642 0.5241104960441589 9.175661087036133 0.0 0.0 0.0 1.0
-0.8068699240684509 -0.2862202227115631 -0.5167580246925354 1.9828388690948486 -0.18208807706832886 -0.7116789817810059 0.6784961223602295 1.272648572921753 -0.5619651675224304 0.6415536403656006 0.5221150517463684 9.252418518066406 0.0 0.0 0.0 1.0
-0.8145469427108765 -0.28897130489349365 -0.5029999017715454 1.997032880783081 -0.17664283514022827 -0.7023611664772034 0.6895549893379211 1.1440818309783936 -0.5525491833686829 0.650526225566864 0.5210614204406738 9.324230194091797 0.0 0.0 0.0 1.0
-0.8290754556655884 -0.2943482995033264 -0.47538718581199646 2.008452892303467 -0.16393330693244934 -0.6848891973495483 0.7099666595458984 0.8557422161102295 -0.5345650315284729 0.6665477156639099 0.5195713043212891 9.45166015625 0.0 0.0 0.0 1.0
-0.8356905579566956 -0.29700586199760437 -0.46196192502975464 2.0006330013275146 -0.1564624011516571 -0.677542507648468 0.7186484932899475 0.708003044128418 -0.5264416337013245 0.6728474497795105 0.5197455883026123 9.503334999084473 0.0 0.0 0.0 1.0
-0.8418088555335999 -0.2998354136943817 -0.44883912801742554 1.972320556640625 -0.14860638976097107 -0.6706564426422119 0.726729691028595 0.5586664080619812 -0.518916130065918 0.678467869758606 0.5200070738792419 9.553953170776367 0.0 0.0 0.0 1.0
-0.8518437743186951 -0.307033896446228 -0.42437294125556946 1.8418552875518799 -0.1319204717874527 -0.6583135724067688 0.7410939335823059 0.2592748701572418 -0.5069114565849304 0.6872797012329102 0.5202762484550476 9.662325859069824 0.0 0.0 0.0 1.0
-0.8569501042366028 -0.31105929613113403 -0.4109485149383545 1.7690339088439941 -0.12164696305990219 -0.6527417898178101 0.7477500438690186 0.12063143402338028 -0.5008378624916077 0.6907750964164734 0.5215277075767517 9.667351722717285 0.0 0.0 0.0 1.0
-0.861572265625 -0.3151259422302246 -0.3979809880256653 1.708727240562439 -0.11144241690635681 -0.6474502682685852 0.7539156079292297 -0.012000837363302708 -0.49525126814842224 0.6939047574996948 0.5227068066596985 9.665568351745605 0.0 0.0 0.0 1.0
-0.8717607855796814 -0.32338255643844604 -0.3680446147918701 1.6477359533309937 -0.08656039088964462 -0.6377356648445129 0.765376091003418 -0.2204338163137436 -0.4822244644165039 0.6990829110145569 0.5279608368873596 9.573060989379883 0.0 0.0 0.0 1.0
-0.8769629597663879 -0.3278665542602539 -0.35133954882621765 1.6330950260162354 -0.07262464612722397 -0.6322891116142273 0.7713210582733154 -0.297229140996933 -0.4750385284423828 0.701935887336731 0.5306829214096069 9.561655044555664 0.0 0.0 0.0 1.0
-0.881999671459198 -0.33229658007621765 -0.33414900302886963 1.6205346584320068 -0.05828625336289406 -0.6267017126083374 0.7770763635635376 -0.35517582297325134 -0.46763157844543457 0.7048574090003967 0.5333824157714844 9.532814025878906 0.0 0.0 0.0 1.0
-0.8869770765304565 -0.3369843661785126 -0.31577396392822266 1.6014670133590698 -0.04295117408037186 -0.6206102967262268 0.7829419374465942 -0.3980855643749237 -0.4598117768764496 0.7080143690109253 0.535993218421936 9.45882797241211 0.0 0.0 0.0 1.0
-0.8955270648002625 -0.34658297896385193 -0.27912628650665283 1.530993103981018 -0.013421224430203438 -0.6059197783470154 0.795412540435791 -0.4877487123012543 -0.4448045790195465 0.716059684753418 0.5379660129547119 9.29741096496582 0.0 0.0 0.0 1.0
-0.8992568850517273 -0.3513103723526001 -0.260610967874527 1.506508231163025 0.0013016493758186698 -0.5979364514350891 0.8015424609184265 -0.528269350528717 -0.43741896748542786 0.7204533219337463 0.538155734539032 9.221176147460938 0.0 0.0 0.0 1.0
-0.9026284217834473 -0.3561769425868988 -0.2416607290506363 1.4993360042572021 0.016435673460364342 -0.5895647406578064 0.8075538873672485 -0.5578247308731079 -0.4301067292690277 0.7249492406845093 0.538011908531189 9.133833885192871 0.0 0.0 0.0 1.0
-0.9088776111602783 -0.36574697494506836 -0.20042622089385986 1.5201339721679688 0.04879654943943024 -0.5705202221870422 0.8198326230049133 -0.589659571647644 -0.41419851779937744 0.7353473901748657 0.5363802313804626 8.95411491394043 0.0 0.0 0.0 1.0
-0.9112908840179443 -0.37043091654777527 -0.17980509996414185 1.536913514137268 0.0654071494936943 -0.5613518357276917 0.8249884843826294 -0.5809623599052429 -0.40653514862060547 0.7400439381599426 0.5357836484909058 8.84486198425293 0.0 0.0 0.0 1.0
-0.9132705330848694 -0.3751024901866913 -0.15885546803474426 1.5569566488265991 0.08194078505039215 -0.5511617660522461 0.8303652405738831 -0.5634444952011108 -0.39902710914611816 0.745331346988678 0.5340960025787354 8.859284400939941 0.0 0.0 0.0 1.0
-0.916043221950531 -0.38409295678138733 -0.11548773944377899 1.5645294189453125 0.11747460812330246 -0.5322563648223877 0.8383930325508118 -0.5066268444061279 -0.3834899663925171 0.7544373869895935 0.5326910018920898 8.647342681884766 0.0 0.0 0.0 1.0
-0.9166041612625122 -0.3885910212993622 -0.09398844093084335 1.5423239469528198 0.135198175907135 -0.5225196480751038 0.8418400287628174 -0.4703066945075989 -0.3762422800064087 0.758927047252655 0.5314804911613464 8.612161636352539 0.0 0.0 0.0 1.0
-0.9167401790618896 -0.3928210735321045 -0.0726572796702385 1.507551670074463 0.15287445485591888 -0.5130001306533813 0.8446657657623291 -0.43508225679397583 -0.3690757155418396 0.7632315754890442 0.5303401350975037 8.5475435256958 0.0 0.0 0.0 1.0
-0.9154355525970459 -0.40125274658203125 -0.031209111213684082 1.442786455154419 0.1879788190126419 -0.49485114216804504 0.848402202129364 -0.37216076254844666 -0.35586756467819214 0.7707908749580383 0.5284313559532166 8.440747261047363 0.0 0.0 0.0 1.0
-0.9141561985015869 -0.40519624948501587 -0.01159693207591772 1.4142651557922363 0.20470212399959564 -0.4861399829387665 0.8495675325393677 -0.3608739674091339 -0.34987929463386536 0.7742635011672974 0.5273523926734924 8.421878814697266 0.0 0.0 0.0 1.0
-0.91246098279953 -0.40909379720687866 0.007566229440271854 1.3840221166610718 0.22107933461666107 -0.4773763418197632 0.8504326939582825 -0.36895066499710083 -0.34429478645324707 0.7776593565940857 0.5260294675827026 8.413525581359863 0.0 0.0 0.0 1.0
-0.9080538153648376 -0.4165763854980469 0.04361581802368164 1.2841180562973022 0.25271809101104736 -0.46186012029647827 0.8501874804496765 -0.40798211097717285 -0.3340236246585846 0.7830385565757751 0.5246702432632446 8.326529502868652 0.0 0.0 0.0 1.0
-0.9053354263305664 -0.4203222095966339 0.06080297753214836 1.2043464183807373 0.26788145303726196 -0.45407015085220337 0.8497410416603088 -0.4386104345321655 -0.3295562267303467 0.7855886220932007 0.5236822962760925 8.318835258483887 0.0 0.0 0.0 1.0
-0.9022790193557739 -0.4241870045661926 0.07718762010335922 1.113553524017334 0.28267383575439453 -0.44681796431541443 0.8487927913665771 -0.4751879870891571 -0.325558066368103 0.7876668572425842 0.5230610370635986 8.288636207580566 0.0 0.0 0.0 1.0
-0.8991857171058655 -0.4275705814361572 0.09299682825803757 1.0141242742538452 0.29677602648735046 -0.43975532054901123 0.8476669192314148 -0.5190927386283875 -0.32154157757759094 0.7898092865943909 0.5223144292831421 8.264531135559082 0.0 0.0 0.0 1.0
-0.8924134969711304 -0.4337483048439026 0.12434031814336777 0.7977607846260071 0.3249160349369049 -0.4265228807926178 0.8441017866134644 -0.630109429359436 -0.31309372186660767 0.7936879992485046 0.5215665698051453 8.240065574645996 0.0 0.0 0.0 1.0
-0.8889946937561035 -0.43616828322410583 0.139447882771492 0.6860976219177246 0.3385532796382904 -0.4209953546524048 0.8415132761001587 -0.6969753503799438 -0.30833449959754944 0.7953113317489624 0.5219287872314453 8.206422805786133 0.0 0.0 0.0 1.0
-0.8854847550392151 -0.43803536891937256 0.15505404770374298 0.5718427896499634 0.352377325296402 -0.41549521684646606 0.8385666012763977 -0.7733005285263062 -0.3028976321220398 0.7971754670143127 0.5222684144973755 8.184680938720703 0.0 0.0 0.0 1.0
-0.8781271576881409 -0.44074857234954834 0.18610036373138428 0.3551368713378906 0.3799694776535034 -0.40612250566482544 0.8310762643814087 -0.9317497611045837 -0.29071614146232605 0.8005030751228333 0.5240982174873352 8.120201110839844 0.0 0.0 0.0 1.0
-0.8745225667953491 -0.4409541189670563 0.2019152045249939 0.26190951466560364 0.39358898997306824 -0.4020273983478546 0.8267173767089844 -1.0087616443634033 -0.2833689749240875 0.8024546504020691 0.5251367092132568 8.087307929992676 0.0 0.0 0.0 1.0
-0.8707959651947021 -0.4408183693885803 0.21770057082176208 0.19161739945411682 0.4071710407733917 -0.39845001697540283 0.8218572735786438 -1.0770379304885864 -0.27554696798324585 0.8043113350868225 0.5264571309089661 8.054849624633789 0.0 0.0 0.0 1.0
-0.8633828163146973 -0.43823716044425964 0.2500365972518921 0.12187398225069046 0.4346810281276703 -0.39445760846138 0.8096021413803101 -1.1957175731658936 -0.2561689019203186 0.8076827526092529 0.5310612916946411 7.927308082580566 0.0 0.0 0.0 1.0
-0.8595531582832336 -0.4361138641834259 0.26640766859054565 0.09393276274204254 0.4484618008136749 -0.3937234878540039 0.8024112582206726 -1.2334579229354858 -0.24505171179771423 0.8091887831687927 0.534006655216217 7.88128662109375 0.0 0.0 0.0 1.0
-0.8557895421981812 -0.4329328238964081 0.2831844389438629 0.058136045932769775 0.46204906702041626 -0.39346450567245483 0.7947932481765747 -1.258091926574707 -0.23266905546188354 0.8110208511352539 0.5367590188980103 7.830501079559326 0.0 0.0 0.0 1.0
-0.8479028940200806 -0.42494791746139526 0.3169857859611511 0.009254761971533298 0.4888197183609009 -0.39520445466041565 0.7777330875396729 -1.2652523517608643 -0.20522186160087585 0.814391016960144 0.5428178906440735 7.76953649520874 0.0 0.0 0.0 1.0
-0.8438284397125244 -0.42024731636047363 0.333685040473938 0.00606561079621315 0.5017372965812683 -0.3973728120326996 0.7683453559875488 -1.2467739582061768 -0.1902977079153061 0.8157739043235779 0.5461682677268982 7.70297384262085 0.0 0.0 0.0 1.0
-0.8398574590682983 -0.41528376936912537 0.3495408594608307 -0.002614322118461132 0.5138244032859802 -0.4006345272064209 0.7586016058921814 -1.2171680927276611 -0.17499680817127228 0.8167198896408081 0.5498588681221008 7.635900020599365 0.0 0.0 0.0 1.0
-0.8356072306632996 -0.4101092219352722 0.3654736280441284 -0.008022007532417774 0.5258420705795288 -0.4047100841999054 0.7481309175491333 -1.1845639944076538 -0.1589045226573944 0.8173249959945679 0.5538313388824463 7.56358003616333 0.0 0.0 0.0 1.0
-0.8270432353019714 -0.39998430013656616 0.39498358964920044 0.006831697653979063 0.5477336645126343 -0.4153505861759186 0.726272463798523 -1.1128849983215332 -0.12644092738628387 0.8170045614242554 0.5625977516174316 7.3934736251831055 0.0 0.0 0.0 1.0
-0.8226149082183838 -0.3949905037879944 0.40900757908821106 0.007302313577383757 0.5578609704971313 -0.42152154445648193 0.7149201035499573 -1.0748443603515625 -0.10998116433620453 0.8162732720375061 0.5670996904373169 7.33221435546875 0.0 0.0 0.0 1.0
-0.8182915449142456 -0.3905015289783478 0.42179080843925476 -0.0017820423236116767 0.5670561194419861 -0.42835474014282227 0.7035336494445801 -1.0382133722305298 -0.09405486285686493 0.8148747086524963 0.5719553232192993 7.311127185821533 0.0 0.0 0.0 1.0
-0.8097569346427917 -0.38240504264831543 0.4450393617153168 -0.07413548231124878 0.583471417427063 -0.4445153474807739 0.6796817183494568 -0.9879763722419739 -0.06208689883351326 0.8100447654724121 0.5830718278884888 7.3594794273376465 0.0 0.0 0.0 1.0
-0.8057097792625427 -0.3795824944972992 0.4546964764595032 -0.11504963040351868 0.5904568433761597 -0.45403796434402466 0.6672407388687134 -0.9793196320533752 -0.04682345315814018 0.8060810565948486 0.589949905872345 7.385225296020508 0.0 0.0 0.0 1.0
-0.8018237352371216 -0.3779586851596832 0.46284550428390503 -0.15155662596225739 0.5966881513595581 -0.46457424759864807 0.6543195247650146 -0.984422504901886 -0.032279640436172485 0.8008233308792114 0.5980300903320312 7.402550220489502 0.0 0.0 0.0 1.0
-0.7942174673080444 -0.37572723627090454 0.47754332423210144 -0.25058260560035706 0.6076292991638184 -0.4881415069103241 0.6265017986297607 -0.9962704181671143 -0.002285070950165391 0.7877479791641235 0.6159933805465698 7.40459680557251 0.0 0.0 0.0 1.0
-0.791122317314148 -0.37618574500083923 0.4822963774204254 -0.30601975321769714 0.6115562915802002 -0.5008569955825806 0.6124876737594604 -1.0046436786651611 0.011152409017086029 0.7795040607452393 0.6262978911399841 7.42073917388916 0.0 0.0 0.0 1.0
-0.7884237766265869 -0.3768232464790344 0.48620176315307617 -0.37321871519088745 0.6146161556243896 -0.5149500370025635 0.5975561738014221 -1.0058236122131348 0.02519657090306282 0.7699549794197083 0.6376005411148071 7.4129557609558105 0.0 0.0 0.0 1.0
-0.7840685248374939 -0.37951821088790894 0.49112367630004883 -0.5428755879402161 0.6185047030448914 -0.5438540577888489 0.5671637654304504 -1.0048142671585083 0.051850635558366776 0.7484575510025024 0.6611526608467102 7.480465888977051 0.0 0.0 0.0 1.0
-0.7827739119529724 -0.38153383135795593 0.4916267991065979 -0.6189618110656738 0.61890709400177 -0.559752345085144 0.5510275363922119 -0.9979753494262695 0.06495361030101776 0.7356013059616089 0.6742935180664062 7.508462905883789 0.0 0.0 0.0 1.0
-0.7821444869041443 -0.3836625814437866 0.49097153544425964 -0.6941877603530884 0.6182494759559631 -0.5759439468383789 0.5348421335220337 -0.9877505898475647 0.07757315039634705 0.7218667268753052 0.6876705884933472 7.512541770935059 0.0 0.0 0.0 1.0
-0.7825387120246887 -0.38832294940948486 0.48666054010391235 -0.8177881836891174 0.6142825484275818 -0.608910322189331 0.5018816590309143 -0.9190744757652283 0.10144045948982239 0.6916888952255249 0.7150358557701111 7.5070600509643555 0.0 0.0 0.0 1.0
-0.7836772203445435 -0.3906659483909607 0.4829390048980713 -0.8796539306640625 0.6108798384666443 -0.6256243586540222 0.48520103096961975 -0.8402334451675415 0.11258689314126968 0.6752586960792542 0.7289375066757202 7.476325035095215 0.0 0.0 0.0 1.0
-0.7852620482444763 -0.39239242672920227 0.47894856333732605 -0.9676973819732666 0.6066545844078064 -0.6423067450523376 0.46841466426849365 -0.7430134415626526 0.12382952123880386 0.6583845615386963 0.7424257397651672 7.477592945098877 0.0 0.0 0.0 1.0
-0.7873709201812744 -0.3934955894947052 0.47456109523773193 -1.0790592432022095 0.6014699935913086 -0.659169614315033 0.45136377215385437 -0.6350375413894653 0.13520658016204834 0.6408249735832214 0.7556867599487305 7.499897480010986 0.0 0.0 0.0 1.0
