0.6598622798919678 0.5280060172080994 0.5345946550369263 0.33260637521743774 -0.48733440041542053 -0.24079769849777222 0.839357852935791 2.5023558139801025 0.5719151496887207 -0.8143869638442993 0.09842218458652496 11.143019676208496 0.0 0.0 0.0 1.0
0.659040629863739 0.5290799140930176 0.534546434879303 0.3173924684524536 -0.4867500960826874 -0.24177569150924683 0.8394157886505127 2.504936933517456 0.5733583569526672 -0.813399612903595 0.09818970412015915 11.173698425292969 0.0 0.0 0.0 1.0
0.657401978969574 0.5306298136711121 0.5350276827812195 0.2848348617553711 -0.48683416843414307 -0.2428637444972992 0.8390528559684753 2.5328235626220703 0.575165331363678 -0.8120647668838501 0.0986696258187294 11.190710067749023 0.0 0.0 0.0 1.0
0.6551349759101868 0.5321785807609558 0.5362686514854431 0.20956207811832428 -0.48726198077201843 -0.24483324587345123 0.8382317423820496 2.5757699012756348 0.5773853659629822 -0.810458242893219 0.0989115834236145 11.217891693115234 0.0 0.0 0.0 1.0
0.6547027230262756 0.5297217965126038 0.5392208695411682 0.20198024809360504 -0.48610979318618774 -0.2512187361717224 0.837010383605957 2.5325405597686768 0.5788450241088867 -0.8101135492324829 0.09302935004234314 11.313119888305664 0.0 0.0 0.0 1.0
0.5406487584114075 0.5833582878112793 0.6061287522315979 0.0050947596319019794 -0.532474160194397 -0.3205086588859558 0.783419132232666 2.5993359088897705 0.6512835621833801 -0.7463024258613586 0.13734059035778046 12.035428047180176 0.0 0.0 0.0 1.0
0.5028002262115479 0.5943231582641602 0.6276718378067017 0.044480100274086 -0.5483179688453674 -0.3420557975769043 0.7631154656410217 2.4921770095825195 0.6682359576225281 -0.7278583645820618 0.15389232337474823 12.260749816894531 0.0 0.0 0.0 1.0
0.4662943184375763 0.6096239686012268 0.641036868095398 -0.005190007388591766 -0.5585857629776001 -0.35900264978408813 0.7477292418479919 2.466287851333618 0.6859675645828247 -0.7067359685897827 0.17312638461589813 12.326339721679688 0.0 0.0 0.0 1.0
0.42556461691856384 0.6226314306259155 0.6566771268844604 -0.15551811456680298 -0.5737440586090088 -0.37552347779273987 0.7278735041618347 2.462024450302124 0.699794590473175 -0.6865218281745911 0.19742156565189362 12.355667114257812 0.0 0.0 0.0 1.0
0.38384443521499634 0.6301716566085815 0.6749423146247864 -0.2604878842830658 -0.5831278562545776 -0.40132206678390503 0.7063302993774414 2.336327314376831 0.7159785628318787 -0.664698600769043 0.2134254276752472 12.499896049499512 0.0 0.0 0.0 1.0
0.15895332396030426 0.6489720344543457 0.7440223097801208 -0.38781240582466125 -0.6223684549331665 -0.519145131111145 0.5857865214347839 1.5818158388137817 0.7664145827293396 -0.5561687350273132 0.3213798701763153 12.629236221313477 0.0 0.0 0.0 1.0
0.13179834187030792 0.6516026854515076 0.7470228672027588 -0.4644699990749359 -0.6203442215919495 -0.5335740447044373 0.574866771697998 1.5442782640457153 0.7731767296791077 -0.5391777753829956 0.333893746137619 12.580042839050293 0.0 0.0 0.0 1.0
0.10023356229066849 0.6473636031150818 0.7555617690086365 -0.6404247283935547 -0.6221005320549011 -0.5518677234649658 0.5553674101829529 1.5076309442520142 0.7764948010444641 -0.5257018208503723 0.34740954637527466 12.607399940490723 0.0 0.0 0.0 1.0
0.06754965335130692 0.6435272097587585 0.7624367475509644 -0.8123230934143066 -0.6308563351631165 -0.5644806027412415 0.5323362946510315 1.446970820426941 0.7729536294937134 -0.5169472098350525 0.36784273386001587 12.519787788391113 0.0 0.0 0.0 1.0
0.038041021674871445 0.6396421790122986 0.7677309513092041 -0.8355579376220703 -0.6371332406997681 -0.5763411521911621 0.5117539167404175 1.3069628477096558 0.7698143124580383 -0.5086145401000977 0.38561269640922546 12.48776912689209 0.0 0.0 0.0 1.0
-0.16138623654842377 0.6181074380874634 0.7693488597869873 -0.32374516129493713 -0.6487463712692261 -0.6539075374603271 0.389272540807724 0.7186715006828308 0.7436952590942383 -0.4362890422344208 0.5065266489982605 12.649078369140625 0.0 0.0 0.0 1.0
-0.18998286128044128 0.6192524433135986 0.7618615031242371 -0.1226496696472168 -0.6496339440345764 -0.6611161231994629 0.37536802887916565 0.7478422522544861 0.7361265420913696 -0.4236176013946533 0.5278881192207336 12.549251556396484 0.0 0.0 0.0 1.0
-0.22009406983852386 0.6210106611251831 0.7522661089897156 -0.03985089808702469 -0.6554890871047974 -0.6652726531028748 0.3574162423610687 0.7277786731719971 0.7224213480949402 -0.41443705558776855 0.5534883141517639 12.414848327636719 0.0 0.0 0.0 1.0
-0.2516217827796936 0.6234347820281982 0.7402807474136353 -0.07575520873069763 -0.6599119305610657 -0.6700288653373718 0.3399670422077179 0.6250607371330261 0.7079567313194275 -0.40297698974609375 0.5800058841705322 12.331012725830078 0.0 0.0 0.0 1.0
-0.2944105267524719 0.6265235543251038 0.7216582298278809 -0.22264568507671356 -0.6571795344352722 -0.6809728145599365 0.3230960965156555 0.6405485272407532 0.6938570141792297 -0.3791361153125763 0.6122240424156189 12.222443580627441 0.0 0.0 0.0 1.0
-0.5013867020606995 0.5889317393302917 0.6338539123535156 -0.16224268078804016 -0.5897999405860901 -0.7686450481414795 0.2476305067539215 0.4155074954032898 0.6330461502075195 -0.24968835711479187 0.7327402830123901 11.976706504821777 0.0 0.0 0.0 1.0
-0.5259297490119934 0.5877869129180908 0.6147392988204956 0.0028343028388917446 -0.5829578042030334 -0.7754145264625549 0.24267786741256714 0.42624741792678833 0.6193206310272217 -0.23073558509349823 0.7504685521125793 11.921883583068848 0.0 0.0 0.0 1.0
-0.5432977676391602 0.5918569564819336 0.595426619052887 0.10765880346298218 -0.5828106999397278 -0.7763775587081909 0.2399366796016693 0.37637606263160706 0.6042840480804443 -0.21666395664215088 0.7667447328567505 11.799651145935059 0.0 0.0 0.0 1.0
-0.5641052722930908 0.603011429309845 0.5640588998794556 0.16574561595916748 -0.5788342356681824 -0.7759621739387512 0.25066640973091125 0.4634791612625122 0.588843047618866 -0.18509435653686523 0.7867680191993713 11.609777450561523 0.0 0.0 0.0 1.0
-0.5828105211257935 0.6128340363502502 0.5336350202560425 0.14297281205654144 -0.5740951299667358 -0.7752827405929565 0.2633465826511383 0.7490360140800476 0.5751057863235474 -0.1528761088848114 0.8036679625511169 11.423069953918457 0.0 0.0 0.0 1.0
-0.709570050239563 0.5619198083877563 0.4251547157764435 0.5470673441886902 -0.4913651645183563 -0.8270525336265564 0.27302810549736023 0.7110728025436401 0.5050451755523682 -0.015173659659922123 0.8629595041275024 10.920219421386719 0.0 0.0 0.0 1.0
-0.7450661063194275 0.533981442451477 0.39967525005340576 0.508606493473053 -0.46723219752311707 -0.8454754948616028 0.2585832476615906 0.6801782846450806 0.4759942591190338 0.005920471623539925 0.8794284462928772 10.756428718566895 0.0 0.0 0.0 1.0
-0.7882907390594482 0.49147382378578186 0.37020424008369446 0.22028926014900208 -0.43389976024627686 -0.8706104159355164 0.23188035190105438 0.5385844707489014 0.43626677989959717 0.02215760573744774 0.8995445370674133 10.591447830200195 0.0 0.0 0.0 1.0
-0.8258864879608154 0.4463542401790619 0.34449875354766846 0.009184008464217186 -0.3965981602668762 -0.894173264503479 0.20775973796844482 0.457610547542572 0.4007759988307953 0.03495839610695839 0.9155088663101196 10.57701587677002 0.0 0.0 0.0 1.0
-0.8487756848335266 0.41105127334594727 0.33259090781211853 0.03925967961549759 -0.3672938048839569 -0.9108315110206604 0.1883646845817566 0.39336252212524414 0.3803618252277374 0.03772076591849327 0.9240682125091553 10.703808784484863 0.0 0.0 0.0 1.0
-0.9497023820877075 0.2329043596982956 0.2093345820903778 0.2093050628900528 -0.21814888715744019 -0.9716315865516663 0.09134048968553543 0.5279083847999573 0.2246696949005127 0.04108016937971115 0.9735686779022217 10.835925102233887 0.0 0.0 0.0 1.0
-0.9602789878845215 0.21065546572208405 0.1829988807439804 0.24259719252586365 -0.19944486021995544 -0.9768111109733582 0.07785782217979431 0.5583802461624146 0.1951565146446228 0.038267046213150024 0.9800252914428711 10.855768203735352 0.0 0.0 0.0 1.0
-0.9697798490524292 0.18678712844848633 0.15696364641189575 0.20369891822338104 -0.17892202734947205 -0.9818471074104309 0.06295357644557953 0.5505101084709167 0.1658732146024704 0.03296685591340065 0.9855958819389343 10.8878812789917 0.0 0.0 0.0 1.0
-0.9767308831214905 0.16726872324943542 0.1342310905456543 0.1457015872001648 -0.16180512309074402 -0.9855191111564636 0.05070703104138374 0.6014947891235352 0.14076900482177734 0.027807841077446938 0.9896518588066101 10.982084274291992 0.0 0.0 0.0 1.0
-0.9833978414535522 0.1433180719614029 0.11130441725254059 0.11170739680528641 -0.13985151052474976 -0.989427924156189 0.038392260670661926 0.6768137812614441 0.11563000082969666 0.02218877337872982 0.9930444955825806 11.108846664428711 0.0 0.0 0.0 1.0
-0.9977424740791321 0.042849525809288025 0.05170924961566925 0.9532697200775146 -0.04299097880721092 -0.9990741610527039 -0.0016258397372439504 0.9961032271385193 0.05159170925617218 -0.003845200641080737 0.9986608624458313 11.397987365722656 0.0 0.0 0.0 1.0
-0.9992547035217285 0.03240051493048668 0.02098136954009533 0.9047485589981079 -0.03247804567217827 -0.9994667768478394 -0.0033648826647549868 1.0823369026184082 0.020861158147454262 -0.004043808672577143 0.9997742176055908 11.372429847717285 0.0 0.0 0.0 1.0
-0.9998264312744141 0.018304824829101562 -0.003472581272944808 0.8527750968933105 -0.018286187201738358 -0.9998186230659485 -0.005325014237314463 1.1903150081634521 -0.0035694248508661985 -0.00526058953255415 0.9999797940254211 11.37537956237793 0.0 0.0 0.0 1.0
-0.999557375907898 0.001224197563715279 -0.029724381864070892 0.7151772379875183 -0.0009674088796600699 -0.9999620914459229 -0.008651835843920708 1.2789626121520996 -0.029733847826719284 -0.008619250729680061 0.9995206594467163 11.306586265563965 0.0 0.0 0.0 1.0
-0.9983487725257874 -0.016917884349822998 -0.05489571392536163 0.6449504494667053 0.01786794327199459 -0.9996981620788574 -0.016862185671925545 1.3467868566513062 -0.05459387227892876 -0.01781521737575531 0.9983497262001038 11.283188819885254 0.0 0.0 0.0 1.0
-0.971588671207428 -0.12016694247722626 -0.20390038192272186 0.40939781069755554 0.12605322897434235 -0.9918931126594543 -0.016082003712654114 1.8146454095840454 -0.20031486451625824 -0.04132739454507828 0.978859543800354 11.125387191772461 0.0 0.0 0.0 1.0
-0.9658716917037964 -0.13315370678901672 -0.2221755087375641 0.4825748801231384 0.1407429575920105 -0.9898712635040283 -0.01860966347157955 1.7811574935913086 -0.2174472063779831 -0.04924418777227402 0.9748290777206421 11.158936500549316 0.0 0.0 0.0 1.0
-0.9605696797370911 -0.14609047770500183 -0.23656602203845978 0.6528056859970093 0.1554475724697113 -0.987614631652832 -0.021292684599757195 1.76199471950531 -0.230525404214859 -0.057226721197366714 0.9713820815086365 11.160747528076172 0.0 0.0 0.0 1.0
-0.9550241827964783 -0.15411119163036346 -0.2533348500728607 0.7199100852012634 0.16418950259685516 -0.9862458109855652 -0.01900029368698597 1.7571630477905273 -0.24692226946353912 -0.059740662574768066 0.9671920537948608 11.132433891296387 0.0 0.0 0.0 1.0
-0.9490476250648499 -0.15971584618091583 -0.2716604769229889 0.6786961555480957 0.171698197722435 -0.9849307537078857 -0.020763875916600227 1.7527925968170166 -0.2642504572868347 -0.06634952872991562 0.9621691107749939 11.201323509216309 0.0 0.0 0.0 1.0
-0.8516461253166199 -0.31189048290252686 -0.42121636867523193 -0.5282889604568481 0.3264489471912384 -0.9443997740745544 0.03924425318837166 2.0599939823150635 -0.410036563873291 -0.10408341884613037 0.9061107635498047 11.32413387298584 0.0 0.0 0.0 1.0
-0.8324707746505737 -0.34235838055610657 -0.4356410801410675 -0.8035324811935425 0.3505406975746155 -0.9343298673629761 0.06441256403923035 2.2499582767486572 -0.4290846288204193 -0.09908834844827652 0.8978128433227539 11.254809379577637 0.0 0.0 0.0 1.0
-0.8142867088317871 -0.3698199987411499 -0.4474039673805237 -1.0418767929077148 0.3729797899723053 -0.9239475727081299 0.08489379286766052 2.42049503326416 -0.44477322697639465 -0.09774474054574966 0.8902936577796936 11.214165687561035 0.0 0.0 0.0 1.0
-0.802550196647644 -0.3867531418800354 -0.4542413353919983 -1.1191705465316772 0.3866511881351471 -0.9170405268669128 0.09766022861003876 2.5252840518951416 -0.45432811975479126 -0.09725571423768997 0.8855096101760864 11.261361122131348 0.0 0.0 0.0 1.0
-0.7919933795928955 -0.40503543615341187 -0.4568290114402771 -1.1093446016311646 0.4014502763748169 -0.9092316031455994 0.11016163229942322 2.6377718448638916 -0.4599827229976654 -0.0961468517780304 0.8827069997787476 11.270466804504395 0.0 0.0 0.0 1.0
-0.7415192127227783 -0.4750218689441681 -0.47381794452667236 -0.7870638966560364 0.43656063079833984 -0.8778671622276306 0.19688576459884644 3.0317187309265137 -0.5094742774963379 -0.0608556866645813 0.8583312630653381 11.415413856506348 0.0 0.0 0.0 1.0
-0.7318688631057739 -0.480758935213089 -0.48294803500175476 -0.7698923945426941 0.4408978819847107 -0.8744519948959351 0.20234309136867523 2.777635335922241 -0.5195931196212769 -0.06484216451644897 0.8519498109817505 11.45816707611084 0.0 0.0 0.0 1.0
-0.7230842709541321 -0.49132439494132996 -0.48554036021232605 -0.7951390743255615 0.4479389488697052 -0.8685999512672424 0.2118602991104126 2.6744868755340576 -0.52583247423172 -0.06429959833621979 0.8481543064117432 11.50634765625 0.0 0.0 0.0 1.0
-0.7151592969894409 -0.5013313889503479 -0.4870462119579315 -0.7983604669570923 0.454230934381485 -0.8629610538482666 0.22129730880260468 2.4917287826538086 -0.531245231628418 -0.06296862661838531 0.8448747992515564 11.589729309082031 0.0 0.0 0.0 1.0
-0.7122403979301453 -0.5039564371109009 -0.4886118471622467 -0.5390021800994873 0.46644967794418335 -0.8599746227264404 0.2070467174053192 2.0926544666290283 -0.5245363116264343 -0.0804458037018776 0.8475789427757263 11.985626220703125 0.0 0.0 0.0 1.0
-0.6864495873451233 -0.525945782661438 -0.502163290977478 -0.4478388726711273 0.4447647035121918 -0.8500036001205444 0.2822732627391815 1.9421133995056152 -0.5753010511398315 -0.02957814559340477 0.8174067735671997 12.651304244995117 0.0 0.0 0.0 1.0
-0.6891869902610779 -0.5227146744728088 -0.5017874836921692 -0.4223862290382385 0.4311707019805908 -0.8524158000946045 0.2957686483860016 2.037216901779175 -0.5823341608047485 -0.012516163289546967 0.8128531575202942 12.69665813446045 0.0 0.0 0.0 1.0
-0.6847890019416809 -0.5240856409072876 -0.5063578486442566 -0.3023071587085724 0.4253383278846741 -0.8516467213630676 0.30624356865882874 2.010035276412964 -0.5917358994483948 -0.00566117325797677 0.8061120510101318 12.798277854919434 0.0 0.0 0.0 1.0
-0.6689515113830566 -0.5361425876617432 -0.5148349404335022 -0.34560486674308777 0.4329289197921753 -0.8440532684326172 0.3164595663547516 2.082491397857666 -0.6042155623435974 -0.011190810240805149 0.79674232006073 12.643600463867188 0.0 0.0 0.0 1.0
-0.6512609720230103 -0.5457866191864014 -0.5272344350814819 -0.3708903193473816 0.44134753942489624 -0.837607204914093 0.32191067934036255 2.2473318576812744 -0.6173098683357239 -0.02304575964808464 0.7863824963569641 12.591585159301758 0.0 0.0 0.0 1.0
-0.4377874732017517 -0.6300761699676514 -0.641362726688385 -0.3068931996822357 0.5077807903289795 -0.7619667053222656 0.40195199847221375 1.9016340970993042 -0.741957426071167 -0.14970210194587708 0.6535200476646423 11.79886245727539 0.0 0.0 0.0 1.0
-0.39126238226890564 -0.6480432152748108 -0.6534169912338257 -0.08506439626216888 0.5228285193443298 -0.7408365607261658 0.42167702317237854 1.8996540307998657 -0.757340133190155 -0.17663869261741638 0.6286769509315491 11.737161636352539 0.0 0.0 0.0 1.0
-0.35659366846084595 -0.6732407808303833 -0.6477559804916382 0.09695631265640259 0.5292088985443115 -0.716934859752655 0.45380863547325134 2.0622057914733887 -0.7699213624000549 -0.18097294867038727 0.6119394898414612 11.538225173950195 0.0 0.0 0.0 1.0
-0.337456613779068 -0.6944900155067444 -0.6354578137397766 0.1443813294172287 0.5258297324180603 -0.6989886164665222 0.48468342423439026 2.2942633628845215 -0.7807855606079102 -0.17058299481868744 0.6010618209838867 11.341383934020996 0.0 0.0 0.0 1.0
-0.3102370500564575 -0.7133297920227051 -0.6284214854240417 0.11440742760896683 0.5245194435119629 -0.6797534823417664 0.5126544237136841 2.4478189945220947 -0.7928633689880371 -0.17057491838932037 0.5850400924682617 11.336468696594238 0.0 0.0 0.0 1.0
-0.027910668402910233 -0.8035179376602173 -0.5946258902549744 -0.7318711280822754 0.5985968708992004 -0.4898422360420227 0.633826732635498 2.80061936378479 -0.8005640506744385 -0.33825066685676575 0.49465513229370117 11.257489204406738 0.0 0.0 0.0 1.0
0.02635045349597931 -0.8068090677261353 -0.5902243256568909 -0.9060677886009216 0.612321138381958 -0.45367467403411865 0.647489070892334 2.7901649475097656 -0.790169894695282 -0.37846845388412476 0.48207172751426697 11.2095365524292 0.0 0.0 0.0 1.0
0.06508402526378632 -0.803634524345398 -0.5915535092353821 -0.9155660271644592 0.6211868524551392 -0.4313133656978607 0.6542901992797852 2.689054012298584 -0.7809551358222961 -0.4100491404533386 0.47113561630249023 11.226643562316895 0.0 0.0 0.0 1.0
0.11038253456354141 -0.7988627552986145 -0.591298520565033 -0.7666101455688477 0.6299832463264465 -0.4039146602153778 0.663305401802063 2.5927236080169678 -0.7687241435050964 -0.4457255005836487 0.458685040473938 11.19400691986084 0.0 0.0 0.0 1.0
0.15511806309223175 -0.796924352645874 -0.583823561668396 -0.5411087870597839 0.6315023899078369 -0.37447622418403625 0.6789493560791016 2.4409334659576416 -0.7596993446350098 -0.47400331497192383 0.44517162442207336 11.019225120544434 0.0 0.0 0.0 1.0
0.43032556772232056 -0.7040584683418274 -0.5649084448814392 -0.6560583114624023 0.6074795722961426 -0.23701421916484833 0.7581509351730347 1.0637246370315552 -0.6676738858222961 -0.6694220900535583 0.32570788264274597 9.524829864501953 0.0 0.0 0.0 1.0
0.4670684039592743 -0.6742769479751587 -0.5720119476318359 -0.5645228028297424 0.5990571975708008 -0.23451480269432068 0.7655934691429138 0.9452775716781616 -0.650367259979248 -0.70025235414505 0.29439598321914673 9.427562713623047 0.0 0.0 0.0 1.0
0.5017646551132202 -0.6504755020141602 -0.5701875686645508 -0.49355053901672363 0.5872595906257629 -0.2278115153312683 0.7766776084899902 0.8621097803115845 -0.6351050734519958 -0.7245574593544006 0.2676902115345001 9.296539306640625 0.0 0.0 0.0 1.0
0.5365034341812134 -0.6230889558792114 -0.5691434144973755 -0.4153560996055603 0.5743594169616699 -0.22451306879520416 0.7872135043144226 0.770891547203064 -0.6182841658592224 -0.7492356300354004 0.23742498457431793 9.128890037536621 0.0 0.0 0.0 1.0
0.5638359189033508 -0.600520670413971 -0.5669779777526855 -0.34168651700019836 0.5632153153419495 -0.22252464294433594 0.7957834601402283 0.6878242492675781 -0.6040509343147278 -0.7680219411849976 0.21275503933429718 9.042494773864746 0.0 0.0 0.0 1.0
0.7202993035316467 -0.4797627925872803 -0.5009956359863281 -0.1474905163049698 0.4727228581905365 -0.18905434012413025 0.8606925010681152 0.4435632526874542 -0.5076436400413513 -0.8567882776260376 0.09061913937330246 9.341536521911621 0.0 0.0 0.0 1.0
0.7420571446418762 -0.4573299288749695 -0.4901025593280792 -0.07319258153438568 0.45949214696884155 -0.1853155642747879 0.868634045124054 0.43850797414779663 -0.48807597160339355 -0.8697744011878967 0.07262475788593292 9.500609397888184 0.0 0.0 0.0 1.0
0.7698670625686646 -0.4243156611919403 -0.4767189025878906 0.0476297028362751 0.4427487552165985 -0.18289166688919067 0.8777950406074524 0.3230016827583313 -0.45965009927749634 -0.8868522047996521 0.0470629520714283 9.680066108703613 0.0 0.0 0.0 1.0
0.8056061863899231 -0.3861792981624603 -0.4492930471897125 -0.04134067893028259 0.4139573872089386 -0.17561736702919006 0.8931952714920044 0.11861027032136917 -0.42383718490600586 -0.9055517911911011 0.018383348360657692 9.734579086303711 0.0 0.0 0.0 1.0
0.8390833139419556 -0.34495341777801514 -0.4206498861312866 -0.2763237953186035 0.38802045583724976 -0.16245779395103455 0.9072197079658508 -0.04260781407356262 -0.3812864124774933 -0.9244536757469177 -0.0024666348472237587 9.604559898376465 0.0 0.0 0.0 1.0
0.9804108142852783 -0.05212030187249184 -0.1899423897266388 -0.30078360438346863 0.18723084032535553 -0.05277775228023529 0.9808971285820007 -0.4517214298248291 -0.06114938482642174 -0.997245192527771 -0.04198535159230232 9.343082427978516 0.0 0.0 0.0 1.0
0.9835163950920105 -0.018670830875635147 -0.17985256016254425 -0.004096078220754862 0.17895731329917908 -0.04185719043016434 0.9829660654067993 -0.45927688479423523 -0.02588091604411602 -0.9989491105079651 -0.03782594949007034 9.351320266723633 0.0 0.0 0.0 1.0
0.9865718483924866 0.007010978180915117 -0.16317737102508545 -0.038749128580093384 0.1632988452911377 -0.02349345199763775 0.9862968921661377 -0.1061205044388771 0.003081306116655469 -0.9996994137763977 -0.024322861805558205 9.329740524291992 0.0 0.0 0.0 1.0
0.9883500933647156 0.032475151121616364 -0.14869266748428345 -0.19369728863239288 0.1492154598236084 -0.014302819967269897 0.9887012839317322 0.22075103223323822 0.029981499537825584 -0.9993702173233032 -0.018981987610459328 9.246257781982422 0.0 0.0 0.0 1.0
0.9895839691162109 0.06510702520608902 -0.12839275598526 -0.18337984383106232 0.12868785858154297 -0.00034164381213486195 0.9916850924491882 0.5128238201141357 0.06452179700136185 -0.9978782534599304 -0.008716568350791931 9.28150463104248 0.0 0.0 0.0 1.0
0.9670730233192444 0.25254857540130615 -0.0314483679831028 -0.4894631803035736 0.015264421701431274 0.06578836590051651 0.9977168440818787 1.3828054666519165 0.2540408968925476 -0.9653450846672058 0.05976714566349983 9.122393608093262 0.0 0.0 0.0 1.0
0.9584376811981201 0.28511843085289 -0.010233698412775993 -0.5431411266326904 -0.006171829998493195 0.05658148229122162 0.9983789324760437 1.4370297193527222 0.2852352559566498 -0.9568207859992981 0.055989526212215424 9.301422119140625 0.0 0.0 0.0 1.0
0.9502736926078796 0.31104591488838196 0.015176867134869099 -0.3972502648830414 -0.026357147842645645 0.031772077083587646 0.9991475343704224 1.359918475151062 0.3102985620498657 -0.9498636722564697 0.038390450179576874 9.60500717163086 0.0 0.0 0.0 1.0
0.9398664236068726 0.3381367623806 0.04811061918735504 -0.2797310948371887 -0.05218741297721863 0.002970256609842181 0.9986329078674316 1.394361138343811 0.33753159642219543 -0.941092312335968 0.02043812908232212 9.78256607055664 0.0 0.0 0.0 1.0
0.9300966262817383 0.3568451702594757 0.0870736613869667 -0.26061227917671204 -0.0837215781211853 -0.02486174926161766 0.9961789846420288 1.4426242113113403 0.35764646530151367 -0.9338326454162598 0.006751812994480133 9.827997207641602 0.0 0.0 0.0 1.0
0.8431601524353027 0.46634891629219055 0.2675810158252716 -0.5796183943748474 -0.2468850463628769 -0.10629324615001678 0.9631975293159485 2.0851690769195557 0.4776282012462616 -0.8781915903091431 0.025512343272566795 9.96387004852295 0.0 0.0 0.0 1.0
0.8258523941040039 0.48590222001075745 0.2861238121986389 -0.486616849899292 -0.2650657594203949 -0.11333870887756348 0.957546055316925 1.9594866037368774 0.4977026581764221 -0.8666333556175232 0.03519498556852341 9.929593086242676 0.0 0.0 0.0 1.0
0.8062064051628113 0.505465567111969 0.30746668577194214 -0.3913080096244812 -0.28633254766464233 -0.1214224249124527 0.9504052996635437 1.9809004068374634 0.5177305340766907 -0.8542605638504028 0.04683970659971237 9.805192947387695 0.0 0.0 0.0 1.0
0.7906885743141174 0.5147567987442017 0.3314167261123657 -0.296117901802063 -0.3126419484615326 -0.12592750787734985 0.9414867162704468 2.012361526489258 0.5263711810112 -0.8480375409126282 0.06136513128876686 9.61838436126709 0.0 0.0 0.0 1.0
0.7721801400184631 0.5270426869392395 0.3549138307571411 -0.3797723650932312 -0.33622249960899353 -0.13504260778427124 0.9320504069328308 1.9285987615585327 0.539158821105957 -0.8390408158302307 0.07292637974023819 9.579941749572754 0.0 0.0 0.0 1.0
0.6788575649261475 0.5617621541023254 0.472837895154953 -0.2147173285484314 -0.4598132371902466 -0.17682139575481415 0.8702332973480225 1.7807313203811646 0.5724719762802124 -0.8081815838813782 0.13826912641525269 9.552520751953125 0.0 0.0 0.0 1.0
0.6695433855056763 0.5658049583435059 0.48122382164001465 -0.10626265406608582 -0.47424811124801636 -0.17298658192157745 0.8632290363311768 1.80741286277771 0.571664571762085 -0.8061888217926025 0.1525098979473114 9.480352401733398 0.0 0.0 0.0 1.0
0.655409038066864 0.5690590739250183 0.4965992271900177 -0.18612490594387054 -0.49349287152290344 -0.17508761584758759 0.8519443273544312 1.8280675411224365 0.5717549920082092 -0.8034401535987854 0.16607259213924408 9.433784484863281 0.0 0.0 0.0 1.0
0.6412545442581177 0.5700141191482544 0.5136891603469849 -0.31708458065986633 -0.5098750591278076 -0.18375271558761597 0.840394139289856 1.9306533336639404 0.5734283328056335 -0.8008238673210144 0.17280374467372894 9.277026176452637 0.0 0.0 0.0 1.0
0.6279681324958801 0.5717700719833374 0.527953565120697 -0.3738176226615906 -0.5232751369476318 -0.19193479418754578 0.8302674889564514 1.9450660943984985 0.5760548114776611 -0.7976465225219727 0.17866414785385132 9.18068790435791 0.0 0.0 0.0 1.0
0.5966367721557617 0.5795256495475769 0.5551347732543945 -0.08220037072896957 -0.5387749671936035 -0.22341515123844147 0.8122851848602295 1.9382437467575073 0.5947656035423279 -0.7837319374084473 0.1789361983537674 9.041845321655273 0.0 0.0 0.0 1.0
0.600629448890686 0.574890673160553 0.5556483268737793 -0.06490839272737503 -0.5374978184700012 -0.22415503859519958 0.8129271864891052 1.9293957948684692 0.5918956398963928 -0.7869277596473694 0.17436835169792175 9.04732894897461 0.0 0.0 0.0 1.0