-0.9985527396202087 0.015569538809359074 0.05147862434387207 0.304016649723053 -0.01591642200946808 -0.999853253364563 -0.006335290614515543 0.20166648924350739 0.051372431218624115 -0.007145476993173361 0.9986540079116821 5.808375358581543 0.0 0.0 0.0 1.0
-0.99854576587677 0.015106035396456718 0.05175076425075531 0.3075837790966034 -0.015453419648110867 -0.9998606443405151 -0.0063190758228302 0.2015085071325302 0.0516480952501297 -0.007109612692147493 0.9986400604248047 5.806874752044678 0.0 0.0 0.0 1.0
-0.998516321182251 0.013378383591771126 0.05278416723012924 0.329359233379364 -0.013680906035006046 -0.999891996383667 -0.0053741298615932465 0.20617863535881042 0.05270656943321228 -0.006088291294872761 0.9985914826393127 5.7963948249816895 0.0 0.0 0.0 1.0
-0.998511552810669 0.010746781714260578 0.05347178876399994 0.3491639792919159 -0.010954021476209164 -0.9999336004257202 -0.0035841043572872877 0.21408623456954956 0.05342971906065941 -0.004164500627666712 0.9985629320144653 5.788136959075928 0.0 0.0 0.0 1.0
-0.9986952543258667 0.007880302146077156 0.05045425891876221 0.3544299602508545 -0.007934094406664371 -0.9999681711196899 -0.0008659649756737053 0.2278665155172348 0.05044582858681679 -0.0012651439756155014 0.9987260103225708 5.7735185623168945 0.0 0.0 0.0 1.0
-0.9991018772125244 0.005568648222833872 0.042005740106105804 0.3472019135951996 -0.005510585382580757 -0.9999836683273315 0.0014979171101003885 0.24082741141319275 0.042013395577669144 0.0012650955468416214 0.9991162419319153 5.768704891204834 0.0 0.0 0.0 1.0
-0.9995483160018921 0.0020358162000775337 0.029982691630721092 0.32898083329200745 -0.0019333657110109925 -0.9999921917915344 0.0034455801360309124 0.2554713189601898 0.029989471659064293 0.0033860565163195133 0.9995445013046265 5.776087760925293 0.0 0.0 0.0 1.0
-0.9998683929443359 -0.0006330394535325468 0.016209252178668976 0.3073444366455078 0.000677273899782449 -0.9999960660934448 0.00272361864335835 0.25995537638664246 0.016207464039325714 0.0027342382818460464 0.999864935874939 5.785961151123047 0.0 0.0 0.0 1.0
-0.9999957084655762 -4.4159933167975396e-05 0.002923432271927595 0.2805606722831726 4.437269672052935e-05 -1.0 7.271453068824485e-05 0.2409943789243698 0.002923429012298584 7.284394087037072e-05 0.9999957084655762 5.791131496429443 0.0 0.0 0.0 1.0
-0.9999708533287048 0.0026353290304541588 -0.007163620088249445 0.2709033787250519 -0.0026104904245585203 -0.9999905824661255 -0.0034744651056826115 0.21458694338798523 -0.007172708865255117 -0.0034556633327156305 0.9999682903289795 5.786737442016602 0.0 0.0 0.0 1.0
-0.9998336434364319 0.005284314975142479 -0.01745670847594738 0.28507357835769653 -0.005135531537234783 -0.9999502301216125 -0.008556870743632317 0.1767730563879013 -0.01750105619430542 -0.008465797640383244 0.9998109936714172 5.768835544586182 0.0 0.0 0.0 1.0
-0.9997023344039917 0.004463853780180216 -0.023984719067811966 0.3285939693450928 -0.004194397479295731 -0.9999276399612427 -0.011273093521595001 0.14357760548591614 -0.024033306166529655 -0.011169136501848698 0.9996487498283386 5.747016429901123 0.0 0.0 0.0 1.0
-0.9995142221450806 0.00015208797412924469 -0.031164901331067085 0.38871851563453674 0.00019419250020291656 -0.9999383091926575 -0.011107904836535454 0.12273764610290527 -0.031164666637778282 -0.011108561418950558 0.999452531337738 5.751728057861328 0.0 0.0 0.0 1.0
-0.9991261959075928 -0.006656426005065441 -0.041261669248342514 0.4183516502380371 0.007001308724284172 -0.9999417066574097 -0.008219567127525806 0.13547787070274353 -0.041204553097486496 -0.008501270785927773 0.9991145730018616 5.752850532531738 0.0 0.0 0.0 1.0
-0.9984381794929504 -0.01324753649532795 -0.05427488684654236 0.4202513098716736 0.013455270789563656 -0.9999035000801086 -0.0034638019278645515 0.15542137622833252 -0.05422376096248627 -0.004188674967736006 0.998520016670227 5.773190975189209 0.0 0.0 0.0 1.0
-0.997663676738739 -0.023887639865279198 -0.06400452554225922 0.43500450253486633 0.023904738947749138 -0.9997141361236572 0.0004987507709302008 0.18151576817035675 -0.06399814784526825 -0.0010324260219931602 0.997949481010437 5.798661708831787 0.0 0.0 0.0 1.0
-0.9961344003677368 -0.0438220240175724 -0.07613074779510498 0.48861557245254517 0.043476589024066925 -0.9990352988243103 0.00618966668844223 0.24030019342899323 -0.07632854580879211 0.002855834551155567 0.9970786571502686 5.84763765335083 0.0 0.0 0.0 1.0
-0.9930149912834167 -0.06873989850282669 -0.09589583426713943 0.5419362783432007 0.06775171309709549 -0.9976105093955994 0.013526957482099533 0.3200216591358185 -0.09659653156995773 0.0069353654980659485 0.9952994585037231 5.927875518798828 0.0 0.0 0.0 1.0
-0.9880127310752869 -0.08911929279565811 -0.12605002522468567 0.5129886865615845 0.0874284878373146 -0.995991587638855 0.01889413222670555 0.3792494833469391 -0.12722860276699066 0.007647280115634203 0.9918439388275146 6.007828235626221 0.0 0.0 0.0 1.0
-0.9819306135177612 -0.0992693156003952 -0.16111445426940918 0.4259566366672516 0.09745252132415771 -0.9950557351112366 0.01915956474840641 0.39656296372413635 -0.1622198224067688 0.0031123522203415632 0.9867497086524963 6.055746078491211 0.0 0.0 0.0 1.0
-0.9771225452423096 -0.1035686731338501 -0.18575523793697357 0.38768255710601807 0.1029168963432312 -0.9946026802062988 0.013174631632864475 0.3674463927745819 -0.18611714243888855 -0.006244122050702572 0.9825077056884766 6.073598384857178 0.0 0.0 0.0 1.0
-0.9734629392623901 -0.11068925261497498 -0.20029424130916595 0.42313051223754883 0.11193843185901642 -0.9937019944190979 0.005113572813570499 0.3159216642379761 -0.19959880411624908 -0.017442749813199043 0.9797224402427673 6.062852382659912 0.0 0.0 0.0 1.0
-0.9708149433135986 -0.1226118728518486 -0.20611818134784698 0.5019022822380066 0.12464147061109543 -0.992196798324585 0.003159887855872512 0.304950088262558 -0.20489723980426788 -0.022623205557465553 0.978522002696991 6.059821128845215 0.0 0.0 0.0 1.0
-0.9673882722854614 -0.13506941497325897 -0.21428070962429047 0.5527486205101013 0.13682503998279572 -0.9905726313591003 0.006688108202069998 0.3413364887237549 -0.21316397190093994 -0.02284896932542324 0.9767492413520813 6.081052780151367 0.0 0.0 0.0 1.0
-0.9600770473480225 -0.14898917078971863 -0.23675796389579773 0.526237964630127 0.14994093775749207 -0.9885945916175842 0.014086329378187656 0.4028947651386261 -0.23615635931491852 -0.021975750103592873 0.9714665412902832 6.14105224609375 0.0 0.0 0.0 1.0
-0.9474364519119263 -0.16446295380592346 -0.2744378447532654 0.46056291460990906 0.16618913412094116 -0.9859452843666077 0.01711803488433361 0.4282724857330322 -0.27339598536491394 -0.02939033880829811 0.9614524841308594 6.252310276031494 0.0 0.0 0.0 1.0
-0.9340423345565796 -0.17334742844104767 -0.3122748136520386 0.38386350870132446 0.176759734749794 -0.9840970039367676 0.017579413950443268 0.4256489872932434 -0.3103560507297516 -0.03877769410610199 0.9498291611671448 6.377718448638916 0.0 0.0 0.0 1.0
-0.9194794297218323 -0.1773383766412735 -0.3508685231208801 0.3248004913330078 0.18350692093372345 -0.9828900694847107 0.01588428020477295 0.4110625982284546 -0.34768208861351013 -0.04978153482079506 0.9362900257110596 6.486948490142822 0.0 0.0 0.0 1.0
-0.9057881832122803 -0.17897914350032806 -0.3840758502483368 0.28751716017723083 0.1875009685754776 -0.9821423888206482 0.015483519062399864 0.40006405115127563 -0.3799884021282196 -0.057989805936813354 0.9231716990470886 6.53197717666626 0.0 0.0 0.0 1.0
-0.894270658493042 -0.18340887129306793 -0.40821710228919983 0.31543663144111633 0.19129644334316254 -0.981289803981781 0.021817967295646667 0.41282784938812256 -0.40458086133003235 -0.05857930704951286 0.9126241207122803 6.556625843048096 0.0 0.0 0.0 1.0
-0.8854818344116211 -0.1925337016582489 -0.42290976643562317 0.39934539794921875 0.1981930285692215 -0.9796716570854187 0.031031420454382896 0.4341307580471039 -0.4202873110771179 -0.05634000897407532 0.9056403040885925 6.574978828430176 0.0 0.0 0.0 1.0
-0.8736868500709534 -0.20782284438610077 -0.43986475467681885 0.4426474869251251 0.21218152344226837 -0.9764162302017212 0.03987906500697136 0.46559634804725647 -0.43777886033058167 -0.0584893599152565 0.8971781730651855 6.600487232208252 0.0 0.0 0.0 1.0
-0.8611463308334351 -0.22172369062900543 -0.4574555456638336 0.4807629883289337 0.22648422420024872 -0.9729638695716858 0.045235175639390945 0.491933673620224 -0.45511743426322937 -0.06465236097574234 0.8880811929702759 6.676079750061035 0.0 0.0 0.0 1.0
-0.8441205620765686 -0.23754370212554932 -0.4806593656539917 0.5284237861633301 0.24379870295524597 -0.9685107469558716 0.05048923194408417 0.5353667140007019 -0.47751715779304504 -0.07456512749195099 0.8754526972770691 6.814123630523682 0.0 0.0 0.0 1.0
-0.8269994258880615 -0.24532796442508698 -0.5058519244194031 0.5461379289627075 0.25355616211891174 -0.9658193588256836 0.05387284979224205 0.5621274709701538 -0.5017780661582947 -0.08370905369520187 0.8609364628791809 6.960387706756592 0.0 0.0 0.0 1.0
-0.8125872015953064 -0.2460893988609314 -0.5283389091491699 0.5479262471199036 0.25605615973472595 -0.9650565385818481 0.05568813532590866 0.5594335198402405 -0.5235811471939087 -0.09003297239542007 0.8472052812576294 7.046271800994873 0.0 0.0 0.0 1.0
-0.7977756857872009 -0.2476082444190979 -0.5497673153877258 0.5502541065216064 0.2597416639328003 -0.9639796614646912 0.05724918469786644 0.5493093729019165 -0.5441399216651917 -0.09712547063827515 0.8333536982536316 7.084427356719971 0.0 0.0 0.0 1.0
-0.7827675342559814 -0.2542162537574768 -0.5680220723152161 0.605048656463623 0.2674112021923065 -0.9615954160690308 0.06185036152601242 0.5334332585334778 -0.561930775642395 -0.10348101705312729 0.8206859827041626 7.120828628540039 0.0 0.0 0.0 1.0
-0.7670506834983826 -0.2650247812271118 -0.5842902660369873 0.6149168610572815 0.2783871293067932 -0.9579828381538391 0.06906178593635559 0.5437260270118713 -0.5780431032180786 -0.1096850112080574 0.8086008429527283 7.161985874176025 0.0 0.0 0.0 1.0
-0.7415764927864075 -0.2746983766555786 -0.61204993724823 0.5153430700302124 0.2896791398525238 -0.9540060758590698 0.07719086110591888 0.5253797173500061 -0.6051035523414612 -0.1200551763176918 0.7870428562164307 7.2257304191589355 0.0 0.0 0.0 1.0
-0.708996593952179 -0.2817300856113434 -0.646492063999176 0.3860861659049988 0.30282220244407654 -0.9495393633842468 0.08169303089380264 0.4879234731197357 -0.6368850469589233 -0.13785207271575928 0.7585342526435852 7.329588890075684 0.0 0.0 0.0 1.0
-0.6755999326705933 -0.28536882996559143 -0.6798009872436523 0.2857503890991211 0.31545284390449524 -0.9452773928642273 0.0833078995347023 0.4244902729988098 -0.6663739681243896 -0.15816234052181244 0.7286497354507446 7.462485313415527 0.0 0.0 0.0 1.0
-0.6490491628646851 -0.2849591076374054 -0.7053605318069458 0.23920872807502747 0.32166269421577454 -0.9430319666862488 0.0849929228425026 0.3901653289794922 -0.6893970370292664 -0.1717236042022705 0.703734815120697 7.5701680183410645 0.0 0.0 0.0 1.0
-0.6334359645843506 -0.28694507479667664 -0.7186246514320374 0.24320849776268005 0.324570894241333 -0.941581666469574 0.08987630903720856 0.4064769744873047 -0.7024333477020264 -0.17631375789642334 0.6895656585693359 7.609254837036133 0.0 0.0 0.0 1.0
-0.616758406162262 -0.2941268980503082 -0.7301359176635742 0.280672162771225 0.32975462079048157 -0.9387944936752319 0.09963320940732956 0.45508646965026855 -0.7147523760795593 -0.17931605875492096 0.675999104976654 7.618621826171875 0.0 0.0 0.0 1.0
-0.6015540957450867 -0.3057680130004883 -0.7379963397979736 0.3493615686893463 0.3388325572013855 -0.9342869520187378 0.11090698838233948 0.4877244532108307 -0.7234121561050415 -0.1833406239748001 0.6656283140182495 7.61200475692749 0.0 0.0 0.0 1.0
-0.5829107761383057 -0.31486204266548157 -0.7490506768226624 0.3839048743247986 0.3486679196357727 -0.929606556892395 0.1194251999258995 0.490237295627594 -0.7339248657226562 -0.1915557086467743 0.6516599655151367 7.628045082092285 0.0 0.0 0.0 1.0
-0.5582866072654724 -0.3204081952571869 -0.7652807831764221 0.33999913930892944 0.3567911684513092 -0.9254842400550842 0.12719647586345673 0.4820508062839508 -0.7490101456642151 -0.20203334093093872 0.631004273891449 7.684915542602539 0.0 0.0 0.0 1.0
-0.5291077494621277 -0.3261905312538147 -0.7833548188209534 0.28322288393974304 0.3625606596469879 -0.9215584993362427 0.13885150849819183 0.5312899947166443 -0.7671992778778076 -0.21054621040821075 0.6058675646781921 7.8159966468811035 0.0 0.0 0.0 1.0
-0.5057600736618042 -0.3310123682022095 -0.7966414093971252 0.2583203613758087 0.36547014117240906 -0.9187053442001343 0.14970675110816956 0.5744841694831848 -0.7814335227012634 -0.21543295681476593 0.5856196284294128 7.9476637840271 0.0 0.0 0.0 1.0
-0.48242297768592834 -0.33385375142097473 -0.809820830821991 0.21199841797351837 0.36271703243255615 -0.9176682829856873 0.16223831474781036 0.6404561400413513 -0.7973107695579529 -0.21546830236911774 0.563798725605011 8.064556121826172 0.0 0.0 0.0 1.0
-0.45525267720222473 -0.3368736505508423 -0.8241730332374573 0.11434371024370193 0.3593089282512665 -0.9164494872093201 0.17611753940582275 0.6836071610450745 -0.8146423101425171 -0.2159547507762909 0.5382577776908875 8.117867469787598 0.0 0.0 0.0 1.0
-0.4238107204437256 -0.3481704592704773 -0.8361589908599854 0.012352028861641884 0.3624233901500702 -0.9112287163734436 0.19573311507701874 0.7779433131217957 -0.8300805687904358 -0.22008977830410004 0.5123736262321472 8.087505340576172 0.0 0.0 0.0 1.0
-0.39131370186805725 -0.3676508665084839 -0.8436269164085388 -0.06467606872320175 0.37306246161460876 -0.9013985991477966 0.21978379786014557 0.8677759766578674 -0.8412478566169739 -0.22872114181518555 0.4898863732814789 8.032443046569824 0.0 0.0 0.0 1.0
-0.3614981770515442 -0.3922725021839142 -0.8458376526832581 -0.14343991875648499 0.3868867754936218 -0.8885106444358826 0.246713325381279 0.9858700633049011 -0.848314642906189 -0.2380570024251938 0.4729599952697754 7.964328765869141 0.0 0.0 0.0 1.0
-0.34326279163360596 -0.40518540143966675 -0.8473461270332336 -0.18135568499565125 0.39482131600379944 -0.8808306455612183 0.2612536549568176 1.0547053813934326 -0.852224588394165 -0.24487164616584778 0.46233221888542175 7.919102191925049 0.0 0.0 0.0 1.0
-0.3215614855289459 -0.40601757168769836 -0.8554226756095886 -0.18341659009456635 0.40274694561958313 -0.8762584924697876 0.2645106911659241 1.0159491300582886 -0.8569673895835876 -0.2594624161720276 0.4452933371067047 7.9169392585754395 0.0 0.0 0.0 1.0
-0.296649307012558 -0.39426544308662415 -0.8698011040687561 -0.17305444180965424 0.408261239528656 -0.8757317066192627 0.25771448016166687 0.8761054277420044 -0.8633202910423279 -0.2786552608013153 0.4207485020160675 7.946545600891113 0.0 0.0 0.0 1.0
-0.266324907541275 -0.381472647190094 -0.8851833939552307 -0.1831071376800537 0.4114294946193695 -0.8754780292510986 0.2535034120082855 0.7427242994308472 -0.8716632127761841 -0.29667630791664124 0.39011070132255554 7.984931945800781 0.0 0.0 0.0 1.0
-0.23420077562332153 -0.37742456793785095 -0.8959356546401978 -0.20110081136226654 0.410418838262558 -0.8738028407096863 0.26081588864326477 0.6504374742507935 -0.881309449672699 -0.3066255748271942 0.3595474660396576 8.074024200439453 0.0 0.0 0.0 1.0
-0.21059098839759827 -0.3823925256729126 -0.899681806564331 -0.23012112081050873 0.40604883432388306 -0.8713906407356262 0.27532294392585754 0.6377931833267212 -0.8892557621002197 -0.3073342442512512 0.3387770354747772 8.15652084350586 0.0 0.0 0.0 1.0
-0.1860656887292862 -0.38767892122268677 -0.902820348739624 -0.2838073670864105 0.40628311038017273 -0.8669875264167786 0.28855958580970764 0.6267145276069641 -0.8946024775505066 -0.3131096363067627 0.31882402300834656 8.181347846984863 0.0 0.0 0.0 1.0
-0.1681220978498459 -0.3847731351852417 -0.9075707197189331 -0.273499071598053 0.4083402752876282 -0.8651539087295532 0.29114753007888794 0.5655504465103149 -0.8972141146659851 -0.32164934277534485 0.3025698661804199 8.157395362854004 0.0 0.0 0.0 1.0
-0.15387080609798431 -0.3816855251789093 -0.911394476890564 -0.23228849470615387 0.4068186283111572 -0.865044891834259 0.2935914397239685 0.5070350170135498 -0.9004567861557007 -0.3255971074104309 0.2883819341659546 8.090178489685059 0.0 0.0 0.0 1.0
-0.1291685551404953 -0.38372305035591125 -0.9143697619438171 -0.2883661985397339 0.4026561677455902 -0.8629499077796936 0.3052629828453064 0.5084180235862732 -0.9061917662620544 -0.3287462592124939 0.2659744620323181 8.056269645690918 0.0 0.0 0.0 1.0
-0.09086651355028152 -0.39164772629737854 -0.9156174659729004 -0.423836350440979 0.3969818949699402 -0.8574568033218384 0.3273732364177704 0.5630685091018677 -0.9133173823356628 -0.33373627066612244 0.2333911657333374 8.031156539916992 0.0 0.0 0.0 1.0
-0.04954884946346283 -0.39691707491874695 -0.916516125202179 -0.5516620874404907 0.3957560360431671 -0.8503326773643494 0.34685948491096497 0.6126719117164612 -0.9170180559158325 -0.34553027153015137 0.19921532273292542 8.056452751159668 0.0 0.0 0.0 1.0
-0.005217871628701687 -0.3985769748687744 -0.9171200394630432 -0.6465579271316528 0.3947241008281708 -0.8434799313545227 0.36432749032974243 0.6147115230560303 -0.9187848567962646 -0.3601083755493164 0.1617291122674942 8.13691234588623 0.0 0.0 0.0 1.0
0.022269200533628464 -0.40044668316841125 -0.9160494208335876 -0.6427292823791504 0.391206830739975 -0.8397237658500671 0.3765915632247925 0.6353965401649475 -0.92003333568573 -0.36675119400024414 0.13795749843120575 8.207828521728516 0.0 0.0 0.0 1.0
0.041534051299095154 -0.4060414433479309 -0.9129103422164917 -0.6072260737419128 0.38751220703125 -0.8356314301490784 0.3892999589443207 0.6931968927383423 -0.9209284782409668 -0.3699330985546112 0.12263886630535126 8.209738731384277 0.0 0.0 0.0 1.0
0.06048963591456413 -0.4142584800720215 -0.9081469774246216 -0.5365001559257507 0.3861520290374756 -0.8292615413665771 0.40399497747421265 0.7772160172462463 -0.9204496741294861 -0.3751203119754791 0.10980501770973206 8.165443420410156 0.0 0.0 0.0 1.0
0.08210878819227219 -0.42164477705955505 -0.9030358791351318 -0.46959811449050903 0.3886631429195404 -0.8208066821098328 0.41858971118927 0.8272011876106262 -0.9177140593528748 -0.3853466808795929 0.09648235142230988 8.124529838562012 0.0 0.0 0.0 1.0
0.11144603788852692 -0.42475253343582153 -0.8984236717224121 -0.5037238597869873 0.38924118876457214 -0.8131651282310486 0.43272829055786133 0.8499040603637695 -0.9143692255020142 -0.3979293406009674 0.07470713555812836 8.088674545288086 0.0 0.0 0.0 1.0
0.16135519742965698 -0.4221458435058594 -0.8920523524284363 -0.6666690111160278 0.3878365457057953 -0.8040493130683899 0.4506523609161377 0.8315638899803162 -0.9074950814247131 -0.41868558526039124 0.03398604691028595 8.072757720947266 0.0 0.0 0.0 1.0
0.21829231083393097 -0.41601186990737915 -0.8827698230743408 -0.8261987566947937 0.38225722312927246 -0.7958506345748901 0.46957552433013916 0.8255910873413086 -0.8979019522666931 -0.4399498701095581 -0.014704537577927113 8.09010124206543 0.0 0.0 0.0 1.0
0.2685838043689728 -0.41236579418182373 -0.8705269694328308 -0.9477773904800415 0.37347862124443054 -0.788458526134491 0.4887196719646454 0.8352630734443665 -0.8879056572914124 -0.45638537406921387 -0.05775737762451172 8.129010200500488 0.0 0.0 0.0 1.0
0.3033255338668823 -0.4102267920970917 -0.8600625395774841 -1.0060347318649292 0.36628425121307373 -0.783043622970581 0.5026713609695435 0.8615850210189819 -0.8796757459640503 -0.4675004482269287 -0.0872575119137764 8.111124038696289 0.0 0.0 0.0 1.0
0.32811370491981506 -0.40718621015548706 -0.8523736000061035 -0.9881588220596313 0.363747239112854 -0.778287947177887 0.511816143989563 0.8766503930091858 -0.8717966079711914 -0.47798246145248413 -0.10725408047437668 8.06661605834961 0.0 0.0 0.0 1.0
0.34668803215026855 -0.40202414989471436 -0.8474573493003845 -0.941321849822998 0.36382555961608887 -0.775119960308075 0.5165462493896484 0.8496774435043335 -0.8645451664924622 -0.48740705847740173 -0.12245815992355347 8.022128105163574 0.0 0.0 0.0 1.0
0.3735505938529968 -0.3924836218357086 -0.8404859304428101 -0.9382946491241455 0.36425304412841797 -0.7712323069572449 0.5220349431037903 0.785128116607666 -0.853100061416626 -0.5011560320854187 -0.1451309323310852 7.978255748748779 0.0 0.0 0.0 1.0
0.4098832607269287 -0.3823361098766327 -0.8281393647193909 -1.0392045974731445 0.35888251662254333 -0.7670843601226807 0.5317752361297607 0.725244402885437 -0.8385696411132812 -0.5151705145835876 -0.1772013008594513 7.923372268676758 0.0 0.0 0.0 1.0
0.4542054533958435 -0.37273257970809937 -0.8091772794723511 -1.1490658521652222 0.3480461537837982 -0.7618541717529297 0.5462985038757324 0.7033488750457764 -0.820098340511322 -0.5297628045082092 -0.21631017327308655 7.878069877624512 0.0 0.0 0.0 1.0
0.49296751618385315 -0.3670569062232971 -0.7888296842575073 -1.1807644367218018 0.33461835980415344 -0.7569290995597839 0.5613278150558472 0.6893580555915833 -0.8031273484230042 -0.5406732559204102 -0.2503174841403961 7.882133960723877 0.0 0.0 0.0 1.0
0.5144618153572083 -0.3681972324848175 -0.774441659450531 -1.1567693948745728 0.3212566673755646 -0.7545946836471558 0.5721721649169922 0.7068994045257568 -0.7950617671012878 -0.5431552529335022 -0.2699243128299713 7.886279582977295 0.0 0.0 0.0 1.0
0.5275682210922241 -0.3737751245498657 -0.7628656029701233 -1.0713852643966675 0.307675838470459 -0.7529666423797607 0.5817016959190369 0.7598505020141602 -0.7918379306793213 -0.541602611541748 -0.2822396755218506 7.841057777404785 0.0 0.0 0.0 1.0
0.5382212996482849 -0.37760230898857117 -0.7534815073013306 -0.966681957244873 0.29812145233154297 -0.7509214282035828 0.5892712473869324 0.7987590432167053 -0.7883155941963196 -0.541787326335907 -0.29159054160118103 7.777446269989014 0.0 0.0 0.0 1.0
0.5559819340705872 -0.37456515431404114 -0.7420141696929932 -0.912356436252594 0.293656587600708 -0.7466232776641846 0.5969250202178955 0.7647765874862671 -0.7775923609733582 -0.5497768521308899 -0.3051155209541321 7.721571922302246 0.0 0.0 0.0 1.0
0.5823000073432922 -0.3636374771595001 -0.7271137833595276 -0.934925377368927 0.2894687056541443 -0.7430323958396912 0.6034159064292908 0.7061173319816589 -0.7596937417984009 -0.5618457794189453 -0.3274060785770416 7.680723190307617 0.0 0.0 0.0 1.0
0.6151525974273682 -0.3497336208820343 -0.7065929770469666 -0.9863311648368835 0.2824169397354126 -0.7390060424804688 0.6116459369659424 0.6764948964118958 -0.7360896468162537 -0.5758094191551208 -0.3558307886123657 7.657502174377441 0.0 0.0 0.0 1.0
0.643806517124176 -0.3397550880908966 -0.6856235265731812 -1.0111961364746094 0.27320754528045654 -0.7348946928977966 0.6207152605056763 0.671678900718689 -0.7147522568702698 -0.5869380831718445 -0.38030633330345154 7.698822021484375 0.0 0.0 0.0 1.0
0.6700584888458252 -0.3332163095474243 -0.6633163094520569 -0.9921300411224365 0.2610921859741211 -0.7306923866271973 0.6308086514472961 0.6719917058944702 -0.6948758959770203 -0.5958653688430786 -0.40260645747184753 7.760403633117676 0.0 0.0 0.0 1.0
0.689113199710846 -0.3280492424964905 -0.646147608757019 -0.959078848361969 0.2513255774974823 -0.7281248569488525 0.6377065777778625 0.6697514057159424 -0.679675281047821 -0.6018454432487488 -0.4193132519721985 7.763718128204346 0.0 0.0 0.0 1.0
0.7073505520820618 -0.3197762370109558 -0.6303953528404236 -0.8997633457183838 0.2455189973115921 -0.7251506447792053 0.6433326601982117 0.6782107353210449 -0.6628541350364685 -0.6098358035087585 -0.43442457914352417 7.7148847579956055 0.0 0.0 0.0 1.0
0.7267206311225891 -0.3090907335281372 -0.6134656071662903 -0.8390097618103027 0.24240009486675262 -0.7202140688896179 0.6500260829925537 0.6633870005607605 -0.6427435874938965 -0.6210914850234985 -0.448470801115036 7.653792381286621 0.0 0.0 0.0 1.0
0.7461801767349243 -0.29891517758369446 -0.5948654413223267 -0.8219135999679565 0.23869317770004272 -0.7140083909034729 0.6581926345825195 0.6520378589630127 -0.6214826703071594 -0.6331206560134888 -0.4614298939704895 7.606786727905273 0.0 0.0 0.0 1.0
0.7626468539237976 -0.29137852787971497 -0.5774672031402588 -0.8462080955505371 0.23264974355697632 -0.7094618678092957 0.6652352809906006 0.65501469373703 -0.60352623462677 -0.6416871547698975 -0.4732797145843506 7.578118801116943 0.0 0.0 0.0 1.0
0.7862221002578735 -0.2804233431816101 -0.5506519079208374 -0.8789941072463989 0.22132185101509094 -0.7042015790939331 0.674623429775238 0.6759251952171326 -0.5769501328468323 -0.6522751450538635 -0.4915950298309326 7.540724754333496 0.0 0.0 0.0 1.0
0.8117246031761169 -0.266731321811676 -0.5195744037628174 -0.8929651975631714 0.20814378559589386 -0.6990896463394165 0.6840685606002808 0.6800606846809387 -0.5456916093826294 -0.6634215116500854 -0.5119497776031494 7.5490288734436035 0.0 0.0 0.0 1.0
0.8296082615852356 -0.25847676396369934 -0.4949139952659607 -0.8319038152694702 0.1941075623035431 -0.6975895762443542 0.6897035837173462 0.6626083254814148 -0.5235192179679871 -0.668250322341919 -0.5285537838935852 7.5814666748046875 0.0 0.0 0.0 1.0
0.8406817317008972 -0.25508731603622437 -0.4776868224143982 -0.7239370346069336 0.18138255178928375 -0.6985150575637817 0.692226231098175 0.660718560218811 -0.5102495551109314 -0.6685859560966492 -0.540960431098938 7.564721584320068 0.0 0.0 0.0 1.0
0.8475079536437988 -0.2528226375579834 -0.4667022228240967 -0.5777189135551453 0.17322812974452972 -0.6993784308433533 0.6934419870376587 0.6675935387611389 -0.5017192959785461 -0.6685435771942139 -0.5489327907562256 7.511486530303955 0.0 0.0 0.0 1.0
0.8559548854827881 -0.24792006611824036 -0.4537365138530731 -0.4166860282421112 0.16588512063026428 -0.6994826793670654 0.6951302886009216 0.6136727333068848 -0.48971760272979736 -0.6702682971954346 -0.5575994253158569 7.447429656982422 0.0 0.0 0.0 1.0
0.8683066964149475 -0.23800770938396454 -0.43519631028175354 -0.35788553953170776 0.1586170345544815 -0.6980657577514648 0.6982440948486328 0.5683676600456238 -0.46998313069343567 -0.6753195524215698 -0.5683830976486206 7.397728443145752 0.0 0.0 0.0 1.0
0.8838056921958923 -0.22639687359333038 -0.40942883491516113 -0.34817105531692505 0.14717113971710205 -0.6961625814437866 0.70263671875 0.5538412928581238 -0.44410377740859985 -0.6812504529953003 -0.5819533467292786 7.357076168060303 0.0 0.0 0.0 1.0
0.9017385840415955 -0.2144121527671814 -0.3753597140312195 -0.3363990783691406 0.13092897832393646 -0.6920695304870605 0.7098572850227356 0.5725669860839844 -0.41197705268859863 -0.689251184463501 -0.5959930419921875 7.34269380569458 0.0 0.0 0.0 1.0
0.9157587885856628 -0.2046550065279007 -0.34569087624549866 -0.2815260589122772 0.1157347708940506 -0.689624547958374 0.7148590683937073 0.5641717314720154 -0.3846963942050934 -0.6946468949317932 -0.6078440546989441 7.390034198760986 0.0 0.0 0.0 1.0
0.9227802157402039 -0.20062214136123657 -0.32897934317588806 -0.20837531983852386 0.10537292808294296 -0.6898379921913147 0.7162541747093201 0.547644317150116 -0.370638906955719 -0.695610761642456 -0.6154287457466125 7.41209077835083 0.0 0.0 0.0 1.0
0.9273008704185486 -0.1985057294368744 -0.31734606623649597 -0.04654451087117195 0.0972076803445816 -0.6910063624382019 0.7162826657295227 0.5568940043449402 -0.3614743649959564 -0.6950580477714539 -0.62147456407547 7.3739190101623535 0.0 0.0 0.0 1.0
0.932801365852356 -0.1956542581319809 -0.3026565909385681 0.11505292356014252 0.08888712525367737 -0.688954770565033 0.719333291053772 0.5855944156646729 -0.34925732016563416 -0.6978973746299744 -0.6252668499946594 7.311703681945801 0.0 0.0 0.0 1.0
0.9419980049133301 -0.18819087743759155 -0.2778919041156769 0.17957375943660736 0.07727449387311935 -0.6841367483139038 0.7252486348152161 0.5885370373725891 -0.3266012370586395 -0.704656720161438 -0.6299131512641907 7.2679548263549805 0.0 0.0 0.0 1.0
0.9560493230819702 -0.17361870408058167 -0.23627567291259766 0.08995385468006134 0.05693724751472473 -0.6805628538131714 0.730474054813385 0.5949794054031372 -0.28762441873550415 -0.7118221521377563 -0.6407663226127625 7.256589889526367 0.0 0.0 0.0 1.0
0.9711725115776062 -0.15424582362174988 -0.18174763023853302 -0.06527049094438553 0.02957250364124775 -0.6785864233970642 0.7339249849319458 0.6173700094223022 -0.23653633892536163 -0.7181425094604492 -0.6544630527496338 7.24747371673584 0.0 0.0 0.0 1.0
0.9809708595275879 -0.13994012773036957 -0.13458408415317535 -0.1429114043712616 0.004211409017443657 -0.6776793003082275 0.7353454828262329 0.6279469728469849 -0.19410918653011322 -0.7219192981719971 -0.6641943454742432 7.296502113342285 0.0 0.0 0.0 1.0
0.9873675107955933 -0.12940166890621185 -0.09143610298633575 -0.16093486547470093 -0.02057754248380661 -0.6769146919250488 0.7357738018035889 0.6323865056037903 -0.15710479021072388 -0.7245976328849792 -0.671026349067688 7.338649749755859 0.0 0.0 0.0 1.0
0.9902437329292297 -0.12437985092401505 -0.06282549351453781 -0.10783979296684265 -0.0384591706097126 -0.6772968769073486 0.7347038984298706 0.6401132345199585 -0.1339338719844818 -0.7251197099685669 -0.6754724979400635 7.344759941101074 0.0 0.0 0.0 1.0
0.9922865629196167 -0.116670623421669 -0.041897449642419815 -0.009657583199441433 -0.04873359575867653 -0.6779000163078308 0.7335370182991028 0.6488711833953857 -0.11398451030254364 -0.7258371114730835 -0.6783568859100342 7.31365966796875 0.0 0.0 0.0 1.0
0.9943282604217529 -0.10464588552713394 -0.018987607210874557 0.07981771230697632 -0.0573510117828846 -0.6779209971427917 0.732894241809845 0.6199000477790833 -0.08956646174192429 -0.7276484966278076 -0.6800775527954102 7.291287899017334 0.0 0.0 0.0 1.0
0.9959471821784973 -0.08840954303741455 0.01652258262038231 0.045272309333086014 -0.07242303341627121 -0.679393470287323 0.7301913499832153 0.5892537236213684 -0.053330548107624054 -0.7284286022186279 -0.6830428838729858 7.289055824279785 0.0 0.0 0.0 1.0
0.995618462562561 -0.07426482439041138 0.0568210743367672 -0.03729700297117233 -0.0922553613781929 -0.6809616684913635 0.7264848351478577 0.5924581289291382 -0.015259293839335442 -0.728543758392334 -0.6848292946815491 7.291475772857666 0.0 0.0 0.0 1.0
0.9925543665885925 -0.06026656553149223 0.1058477982878685 -0.10159772634506226 -0.11833235621452332 -0.6830653548240662 0.7207074165344238 0.5990942120552063 0.028866400942206383 -0.727866530418396 -0.6851109862327576 7.3609299659729 0.0 0.0 0.0 1.0
0.9881290197372437 -0.05122527852654457 0.14483439922332764 -0.09189457446336746 -0.14026013016700745 -0.6854376792907715 0.7144944071769714 0.5772236585617065 0.06267477571964264 -0.7263271808624268 -0.6844857335090637 7.452169895172119 0.0 0.0 0.0 1.0
0.9841658473014832 -0.04642181843519211 0.17106303572654724 -0.048692092299461365 -0.1557341367006302 -0.6873313188552856 0.7094522714614868 0.5703178644180298 0.0846429169178009 -0.7248590588569641 -0.6836774945259094 7.477422714233398 0.0 0.0 0.0 1.0
0.9803470969200134 -0.03741369768977165 0.1937001496553421 0.017315005883574486 -0.1660168468952179 -0.6868675947189331 0.7075672149658203 0.601209819316864 0.10657364875078201 -0.725818932056427 -0.6795799732208252 7.4360504150390625 0.0 0.0 0.0 1.0
0.9759674668312073 -0.025866322219371796 0.21637563407421112 0.06731115281581879 -0.17488478124141693 -0.6853610873222351 0.7068914771080017 0.6112287640571594 0.13001075387001038 -0.7277438640594482 -0.6734137535095215 7.390866279602051 0.0 0.0 0.0 1.0
0.9683266878128052 -0.007305674254894257 0.2495797723531723 0.05947181582450867 -0.1867564469575882 -0.684647798538208 0.7045419812202454 0.5959542989730835 0.16572707891464233 -0.7288374304771423 -0.664327085018158 7.370019912719727 0.0 0.0 0.0 1.0
0.9553588032722473 0.012931150384247303 0.29516488313674927 -0.06947609782218933 -0.20706921815872192 -0.6833042502403259 0.7001554369926453 0.619224488735199 0.21074123680591583 -0.7300192713737488 -0.6501230597496033 7.337658882141113 0.0 0.0 0.0 1.0
0.9347999691963196 0.038036853075027466 0.35313206911087036 -0.2704622745513916 -0.23539644479751587 -0.6781734228134155 0.6961819529533386 0.7258082628250122 0.2659653425216675 -0.7339168787002563 -0.6250027418136597 7.343576431274414 0.0 0.0 0.0 1.0
0.9116317629814148 0.06400477886199951 0.405993789434433 -0.44578689336776733 -0.2611709535121918 -0.672519862651825 0.692464292049408 0.8230966925621033 0.31735992431640625 -0.7373061776161194 -0.5963742733001709 7.396938323974609 0.0 0.0 0.0 1.0
0.8952051401138306 0.08408944308757782 0.437649130821228 -0.5717958211898804 -0.27518290281295776 -0.6681556701660156 0.6912614703178406 0.8952984809875488 0.3505455255508423 -0.739254355430603 -0.5749963521957397 7.436234951019287 0.0 0.0 0.0 1.0
0.8914540410041809 0.08795581758022308 0.44449231028556824 -0.5311587452888489 -0.2781781256198883 -0.6681090593338013 0.6901066303253174 0.9129078984260559 0.3576682507991791 -0.7388464212417603 -0.5711211562156677 7.448990821838379 0.0 0.0 0.0 1.0
0.8947060108184814 0.08460379391908646 0.43856969475746155 -0.37079668045043945 -0.2734218239784241 -0.6726812124252319 0.6875612735748291 0.8602110147476196 0.3531878888607025 -0.7350797057151794 -0.578719437122345 7.482523441314697 0.0 0.0 0.0 1.0
0.8967183232307434 0.08416412025690079 0.4345257580280304 -0.21031253039836884 -0.26916658878326416 -0.6756406426429749 0.6863374710083008 0.8258078694343567 0.35134825110435486 -0.7324112057685852 -0.5832051634788513 7.480722904205322 0.0 0.0 0.0 1.0
0.895132303237915 0.09119229763746262 0.4363738000392914 -0.06850885599851608 -0.2659167945384979 -0.6764245629310608 0.6868318915367126 0.8320688605308533 0.3578077256679535 -0.7308445572853088 -0.5812399387359619 7.439550399780273 0.0 0.0 0.0 1.0
0.89149409532547 0.09852069616317749 0.44218993186950684 0.08109080791473389 -0.2671632766723633 -0.6739466190338135 0.6887813210487366 0.839099109172821 0.3658716380596161 -0.7321814298629761 -0.5744983553886414 7.4048261642456055 0.0 0.0 0.0 1.0
0.8851686716079712 0.10551422834396362 0.4531480073928833 0.18262970447540283 -0.2721843719482422 -0.6724677085876465 0.6882607340812683 0.8454349637031555 0.3773486912250519 -0.7325666546821594 -0.5665280222892761 7.397167205810547 0.0 0.0 0.0 1.0
0.8738076686859131 0.11252672225236893 0.4730728268623352 0.18473313748836517 -0.28201156854629517 -0.6752741932868958 0.6815235018730164 0.8265842795372009 0.39614346623420715 -0.7289324402809143 -0.5583258867263794 7.405770301818848 0.0 0.0 0.0 1.0
0.8527225255966187 0.12470807880163193 0.5072594881057739 0.144275963306427 -0.2972294092178345 -0.6827163696289062 0.6674975752830505 0.8220609426498413 0.4295566976070404 -0.7199626564979553 -0.545100748538971 7.47022819519043 0.0 0.0 0.0 1.0
0.8287282586097717 0.1370120495557785 0.5426206588745117 0.12340150028467178 -0.3131873905658722 -0.6899976134300232 0.6525465250015259 0.8241165280342102 0.4638136625289917 -0.710725724697113 -0.5289100408554077 7.586513042449951 0.0 0.0 0.0 1.0
0.8056457042694092 0.14845681190490723 0.5734941959381104 0.08873171359300613 -0.32662567496299744 -0.6963258385658264 0.6390978097915649 0.8156099915504456 0.4942172169685364 -0.7022043466567993 -0.512502133846283 7.645111083984375 0.0 0.0 0.0 1.0
0.7846606373786926 0.15725161135196686 0.5996496081352234 0.09007492661476135 -0.33890500664711 -0.7011386752128601 0.6273339986801147 0.8246138691902161 0.5190868377685547 -0.695468544960022 -0.496862530708313 7.642434120178223 0.0 0.0 0.0 1.0
0.7657929062843323 0.16523118317127228 0.6214981079101562 0.11117970943450928 -0.34928199648857117 -0.7045926451683044 0.6176983714103699 0.8526917099952698 0.5399660468101501 -0.6901071071624756 -0.48185980319976807 7.569175720214844 0.0 0.0 0.0 1.0
0.7443456053733826 0.17408615350723267 0.644704282283783 0.1590534746646881 -0.36092013120651245 -0.7074009776115417 0.6077174544334412 0.8362329006195068 0.5618596076965332 -0.6850385665893555 -0.4637196362018585 7.557189464569092 0.0 0.0 0.0 1.0
0.7248232960700989 0.18235251307487488 0.6643633842468262 0.2048308402299881 -0.3679267466068268 -0.7128394246101379 0.5970677137374878 0.8047215938568115 0.5824612379074097 -0.6772056221961975 -0.449590265750885 7.558389663696289 0.0 0.0 0.0 1.0
0.6999346017837524 0.19389832019805908 0.687382698059082 0.21677690744400024 -0.37161609530448914 -0.723024845123291 0.5823543071746826 0.7826532125473022 0.6099122762680054 -0.6630524396896362 -0.43401437997817993 7.609334945678711 0.0 0.0 0.0 1.0
0.675756573677063 0.20394743978977203 0.7083491086959839 0.2681379020214081 -0.375955730676651 -0.731218695640564 0.5691893100738525 0.7820482850074768 0.6340428590774536 -0.6509413123130798 -0.4174506664276123 7.718201637268066 0.0 0.0 0.0 1.0
0.6551129221916199 0.21043314039707184 0.7256341576576233 0.32055532932281494 -0.3827071189880371 -0.7356720566749573 0.5588576197624207 0.7849367260932922 0.6514309644699097 -0.6438202261924744 -0.40141403675079346 7.790643215179443 0.0 0.0 0.0 1.0
0.6404320001602173 0.21438294649124146 0.7374867796897888 0.36313286423683167 -0.38817083835601807 -0.7382203936576843 0.5516829490661621 0.7928510904312134 0.6626992225646973 -0.6395862698554993 -0.3895627558231354 7.7992048263549805 0.0 0.0 0.0 1.0
0.6202318072319031 0.22126975655555725 0.7525637745857239 0.3984864354133606 -0.39299729466438293 -0.7426457405090332 0.5422456860542297 0.81827712059021 0.6788708567619324 -0.6320735216140747 -0.3736540973186493 7.774619102478027 0.0 0.0 0.0 1.0
0.5942969918251038 0.23087374866008759 0.7703949809074402 0.4151979386806488 -0.39781638979911804 -0.748126208782196 0.5310831665992737 0.8267274498939514 0.6989657878875732 -0.622096836566925 -0.3527638018131256 7.737833499908447 0.0 0.0 0.0 1.0
0.5658131241798401 0.240489661693573 0.7886825799942017 0.41164085268974304 -0.40241530537605286 -0.7543213963508606 0.5187110304832458 0.7992914319038391 0.7196648120880127 -0.610871434211731 -0.330028235912323 7.730765342712402 0.0 0.0 0.0 1.0
0.5350090861320496 0.24698327481746674 0.8079384565353394 0.36355331540107727 -0.41038572788238525 -0.7599369287490845 0.5040628910064697 0.7867556810379028 0.738477349281311 -0.6012446284294128 -0.3052147626876831 7.732025623321533 0.0 0.0 0.0 1.0
0.5017824769020081 0.25251567363739014 0.827315092086792 0.34651637077331543 -0.4190027713775635 -0.7657819390296936 0.487867534160614 0.7969701886177063 0.7567371129989624 -0.5914506912231445 -0.27845117449760437 7.770932674407959 0.0 0.0 0.0 1.0
0.47526904940605164 0.2563367486000061 0.8416714668273926 0.36356326937675476 -0.42602434754371643 -0.7699501514434814 0.4750579297542572 0.7762897610664368 0.7698198556900024 -0.5843528509140015 -0.25672778487205505 7.848124980926514 0.0 0.0 0.0 1.0
0.4488108456134796 0.2594510614871979 0.8551338911056519 0.394109845161438 -0.43449655175209045 -0.7728408575057983 0.4625253975391388 0.753909707069397 0.7808851003646851 -0.5791391730308533 -0.23412877321243286 7.896172523498535 0.0 0.0 0.0 1.0
0.42304152250289917 0.26319488883018494 0.8670434355735779 0.4204457700252533 -0.4420013725757599 -0.7753768563270569 0.45102718472480774 0.7731260061264038 0.7909934520721436 -0.5740376114845276 -0.21168410778045654 7.875421524047852 0.0 0.0 0.0 1.0
0.39069586992263794 0.27169156074523926 0.8795114755630493 0.414450466632843 -0.4484959840774536 -0.7781919240951538 0.43962326645851135 0.8095346689224243 0.803870677947998 -0.5662163496017456 -0.18218378722667694 7.809280872344971 0.0 0.0 0.0 1.0
0.35932207107543945 0.2829793691635132 0.8892751932144165 0.43601059913635254 -0.4508463144302368 -0.7816962003707886 0.43091604113578796 0.8093923926353455 0.8170833587646484 -0.5557640790939331 -0.15330049395561218 7.773433685302734 0.0 0.0 0.0 1.0
0.3337879776954651 0.2914856970310211 0.8964495062828064 0.48443838953971863 -0.44943469762802124 -0.7867326140403748 0.42315512895584106 0.8062531352043152 0.8286097049713135 -0.544139564037323 -0.131598100066185 7.753584384918213 0.0 0.0 0.0 1.0
