0.625682532787323 0.6469081044197083 0.43592575192451477 -0.5080665946006775 -0.3879620432853699 -0.22675755620002747 0.8933456540107727 2.657529354095459 0.6767619848251343 -0.7280734181404114 0.10909755527973175 10.38614559173584 0.0 0.0 0.0 1.0
0.6250700950622559 0.6474579572677612 0.43598800897598267 -0.5108370184898376 -0.3881784677505493 -0.22674736380577087 0.8932542204856873 2.6577906608581543 0.6772037148475647 -0.7275876402854919 0.10959625244140625 10.387825012207031 0.0 0.0 0.0 1.0
0.6232631206512451 0.6495237946510315 0.43550190329551697 -0.5292448401451111 -0.3888776898384094 -0.225734680891037 0.8932065963745117 2.644094467163086 0.678466796875 -0.7260597348213196 0.11189320683479309 10.369560241699219 0.0 0.0 0.0 1.0
0.6190582513809204 0.653734564781189 0.4351987838745117 -0.520077109336853 -0.39061278104782104 -0.22443820536136627 0.8927760720252991 2.5439789295196533 0.6813138127326965 -0.7226746082305908 0.11641675233840942 10.40334701538086 0.0 0.0 0.0 1.0
0.6164879202842712 0.6568335294723511 0.4341801106929779 -0.40061256289482117 -0.3915349543094635 -0.2226814478635788 0.8928120136260986 2.3679845333099365 0.6831127405166626 -0.7204045653343201 0.11989285051822662 10.516311645507812 0.0 0.0 0.0 1.0
0.603681743144989 0.6625394225120544 0.44340717792510986 -0.3341854214668274 -0.4009625315666199 -0.22839711606502533 0.8871661424636841 2.0751876831054688 0.6890554428100586 -0.7133556604385376 0.12777431309223175 10.56195068359375 0.0 0.0 0.0 1.0
0.5709236860275269 0.683600664138794 0.45468267798423767 -0.4441511332988739 -0.4130933880805969 -0.23941510915756226 0.8786547780036926 1.9295499324798584 0.7095068693161011 -0.6894712448120117 0.14570316672325134 10.354497909545898 0.0 0.0 0.0 1.0
0.5300523042678833 0.7103165984153748 0.4631359875202179 -0.5406314730644226 -0.4263050854206085 -0.24891208112239838 0.8696590065956116 1.8275855779647827 0.7330133318901062 -0.6584019660949707 0.17087514698505402 10.142769813537598 0.0 0.0 0.0 1.0
0.5014731287956238 0.7240177989006042 0.47362738847732544 -0.37361425161361694 -0.43386512994766235 -0.2631775438785553 0.8616836071014404 1.5898544788360596 0.7485223412513733 -0.6376016139984131 0.18214960396289825 10.031495094299316 0.0 0.0 0.0 1.0
0.4768145978450775 0.7387742400169373 0.4762987494468689 -0.08713703602552414 -0.43136313557624817 -0.2754642963409424 0.8590956330299377 1.3798942565917969 0.7658810019493103 -0.6150870323181152 0.1873345822095871 9.77475357055664 0.0 0.0 0.0 1.0
0.42833924293518066 0.7694629430770874 0.47376391291618347 -0.14170339703559875 -0.43871328234672546 -0.28127023577690125 0.8534739017486572 1.3300902843475342 0.7899722456932068 -0.573422908782959 0.2170945405960083 9.356122016906738 0.0 0.0 0.0 1.0
0.37149161100387573 0.7984350323677063 0.47380948066711426 -0.35903504490852356 -0.4529704451560974 -0.2896045446395874 0.8431767225265503 1.2850651741027832 0.8104392290115356 -0.5278548002243042 0.2540818154811859 9.006770133972168 0.0 0.0 0.0 1.0
0.30039557814598083 0.8281273245811462 0.47325214743614197 -0.7761836647987366 -0.4812019467353821 -0.29681631922721863 0.8248301148414612 1.1871215105056763 0.8235333561897278 -0.47550517320632935 0.3093341886997223 8.560592651367188 0.0 0.0 0.0 1.0
0.23821523785591125 0.8399989008903503 0.4874991178512573 -1.0282607078552246 -0.5056112408638 -0.3213053345680237 0.800699770450592 0.8837645053863525 0.8292229771614075 -0.4372239410877228 0.348173052072525 8.306583404541016 0.0 0.0 0.0 1.0
0.1793115884065628 0.856458306312561 0.48407283425331116 -0.9404203295707703 -0.5138326287269592 -0.3380679488182068 0.7884707450866699 0.7947527170181274 0.8389418125152588 -0.39011436700820923 0.3794567286968231 7.9494309425354 0.0 0.0 0.0 1.0
0.08749354630708694 0.8559473156929016 0.5096067786216736 -0.8472456932067871 -0.5165649056434631 -0.39843034744262695 0.7579010128974915 0.47285664081573486 0.8517661690711975 -0.329556405544281 0.4072922468185425 7.798951148986816 0.0 0.0 0.0 1.0
0.02051594667136669 0.8586866855621338 0.5120900869369507 -0.6017791032791138 -0.5202640295028687 -0.4282163977622986 0.7388883829116821 0.5413777828216553 0.8537589907646179 -0.2815810739994049 0.43795856833457947 7.596407890319824 0.0 0.0 0.0 1.0
-0.011409344151616096 0.8589398264884949 0.511949360370636 -0.3506522476673126 -0.530522346496582 -0.4391815662384033 0.7250279784202576 0.711572527885437 0.8475942015647888 -0.263328492641449 0.4606975317001343 7.591566562652588 0.0 0.0 0.0 1.0
-0.0359884575009346 0.8543364405632019 0.5184727907180786 -0.051869116723537445 -0.5344251394271851 -0.4548446536064148 0.712394654750824 0.6953607797622681 0.8444492816925049 -0.2514469027519226 0.47294801473617554 7.617350101470947 0.0 0.0 0.0 1.0
-0.0645507201552391 0.8593384027481079 0.5073171257972717 0.1603287160396576 -0.5372591614723206 -0.45833703875541687 0.7080110907554626 0.8089644908905029 0.8409433960914612 -0.22685815393924713 0.491273432970047 7.472150802612305 0.0 0.0 0.0 1.0
-0.11734230071306229 0.8577785491943359 0.5004465579986572 0.1477900594472885 -0.5401598215103149 -0.47799360752105713 0.6926395297050476 0.7336609959602356 0.8333415389060974 -0.18904522061347961 0.5194264054298401 7.420636177062988 0.0 0.0 0.0 1.0
-0.1882345825433731 0.8499549031257629 0.49208173155784607 -0.023429660126566887 -0.5455223321914673 -0.5071225166320801 0.6672571897506714 0.6501160264015198 0.8166842460632324 -0.1428406834602356 0.5591273307800293 7.40119743347168 0.0 0.0 0.0 1.0
-0.26356062293052673 0.8420857787132263 0.47056064009666443 -0.27461937069892883 -0.538752555847168 -0.533136248588562 0.6523123979568481 0.688135027885437 0.8001759052276611 -0.0815918818116188 0.5941895842552185 7.364521503448486 0.0 0.0 0.0 1.0
-0.323266863822937 0.8215465545654297 0.4696379601955414 -0.2899394929409027 -0.5301411151885986 -0.5683184862136841 0.629257082939148 0.5067113637924194 0.7838678956031799 -0.045556437224149704 0.6192541718482971 7.452199935913086 0.0 0.0 0.0 1.0
-0.3824363052845001 0.7977926731109619 0.4661215841770172 -0.26521754264831543 -0.5264768600463867 -0.6027173399925232 0.5996280908584595 0.3779143989086151 0.759318470954895 -0.016082683578133583 0.650520384311676 7.551820755004883 0.0 0.0 0.0 1.0
-0.4752194583415985 0.7543313503265381 0.45293566584587097 -0.36663204431533813 -0.5100648403167725 -0.6556358337402344 0.5567544102668762 0.27902454137802124 0.7169381380081177 0.03355397656559944 0.6963288187980652 7.640233039855957 0.0 0.0 0.0 1.0
-0.5535468459129333 0.710793137550354 0.43400341272354126 -0.24875907599925995 -0.47596079111099243 -0.6976380348205566 0.5355021357536316 0.5218124389648438 0.6834085583686829 0.08985690027475357 0.7244849801063538 7.752438545227051 0.0 0.0 0.0 1.0
-0.5912271738052368 0.6876550912857056 0.42140352725982666 0.02072577364742756 -0.45860782265663147 -0.7164578437805176 0.5257062315940857 0.8884115815162659 0.6634224057197571 0.11755283921957016 0.7389533519744873 7.935796737670898 0.0 0.0 0.0 1.0
-0.6078549027442932 0.6793403029441833 0.4111071825027466 0.22087395191192627 -0.45156392455101013 -0.7216081023216248 0.5247588157653809 1.1914376020431519 0.6531481146812439 0.13333605229854584 0.7453985810279846 8.078082084655762 0.0 0.0 0.0 1.0
-0.6172724962234497 0.66888827085495 0.41420185565948486 0.36479276418685913 -0.4428362250328064 -0.7305473685264587 0.5198044180870056 1.1756244897842407 0.6502851247787476 0.1374373733997345 0.7471547722816467 8.138447761535645 0.0 0.0 0.0 1.0
-0.6303006410598755 0.6584653258323669 0.411271870136261 0.33507901430130005 -0.4330107271671295 -0.7378659844398499 0.517740786075592 1.2299184799194336 0.6443778276443481 0.14824721217155457 0.7501999139785767 8.134145736694336 0.0 0.0 0.0 1.0
-0.6468271613121033 0.6455773711204529 0.4060104787349701 0.13446664810180664 -0.43438664078712463 -0.7494510412216187 0.49963128566741943 1.1258200407028198 0.6268356442451477 0.14680954813957214 0.7651954293251038 8.265182495117188 0.0 0.0 0.0 1.0
-0.683881938457489 0.6175980567932129 0.3884304165840149 -0.12615251541137695 -0.42161136865615845 -0.7690333724021912 0.48044928908348083 1.1203458309173584 0.5954404473304749 0.1648039072751999 0.7863143682479858 8.213987350463867 0.0 0.0 0.0 1.0
-0.7384921908378601 0.5699399709701538 0.3602744936943054 -0.40974509716033936 -0.3971763253211975 -0.7994904518127441 0.45062845945358276 1.208113431930542 0.5448671579360962 0.18969310820102692 0.8167840838432312 8.283160209655762 0.0 0.0 0.0 1.0
-0.7804433107376099 0.5283700227737427 0.33426544070243835 -0.4678439795970917 -0.36515894532203674 -0.8191725015640259 0.4422842264175415 1.496073603630066 0.507510781288147 0.22311775386333466 0.8322567343711853 8.353683471679688 0.0 0.0 0.0 1.0
-0.796075165271759 0.5014840364456177 0.3387891948223114 -0.11920132488012314 -0.3523029088973999 -0.8391722440719604 0.41433393955230713 1.3457014560699463 0.4920843243598938 0.2104845494031906 0.8447184562683105 8.512898445129395 0.0 0.0 0.0 1.0
-0.8106237053871155 0.4766274094581604 0.34016984701156616 0.030723879113793373 -0.3396643400192261 -0.8559366464614868 0.38987258076667786 1.2405949831008911 0.4769878089427948 0.2004963904619217 0.8557358384132385 8.562575340270996 0.0 0.0 0.0 1.0
-0.8258934617042542 0.4540795683860779 0.33423298597335815 -0.020666025578975677 -0.32944825291633606 -0.869716227054596 0.36750170588493347 1.1286641359329224 0.4575628638267517 0.19340477883815765 0.8678886890411377 8.566771507263184 0.0 0.0 0.0 1.0
-0.8359974026679993 0.43920183181762695 0.32895293831825256 -0.01574777252972126 -0.3197583556175232 -0.8770917654037476 0.3584195673465729 1.1678714752197266 0.44594046473503113 0.19445239007472992 0.8736849427223206 8.445599555969238 0.0 0.0 0.0 1.0
-0.8484059572219849 0.42128628492355347 0.3205077350139618 -0.005167292430996895 -0.3008887469768524 -0.8819544315338135 0.3627978563308716 1.376201868057251 0.43551501631736755 0.21136268973350525 0.8750157356262207 8.220391273498535 0.0 0.0 0.0 1.0
-0.8612738847732544 0.3982323408126831 0.3156237006187439 -0.050746120512485504 -0.2795635759830475 -0.8900354504585266 0.36011260747909546 1.4449515342712402 0.42432478070259094 0.22191870212554932 0.8778955340385437 7.9984002113342285 0.0 0.0 0.0 1.0
-0.8677284717559814 0.3794358968734741 0.321054071187973 -0.12414167821407318 -0.2686809003353119 -0.9015053510665894 0.339261919260025 1.3483104705810547 0.4181601405143738 0.20812612771987915 0.8842090368270874 7.859622001647949 0.0 0.0 0.0 1.0
-0.8612426519393921 0.36764028668403625 0.3508584797382355 -0.004063079133629799 -0.26614484190940857 -0.9144459366798401 0.3048860728740692 1.0420252084732056 0.43292951583862305 0.16920171678066254 0.8854054808616638 7.833524703979492 0.0 0.0 0.0 1.0
-0.8553422689437866 0.3627898395061493 0.36982855200767517 -0.006837370339781046 -0.2744862139225006 -0.9227914214134216 0.27039480209350586 0.9345763325691223 0.4393710792064667 0.1297672688961029 0.8888832926750183 7.850820541381836 0.0 0.0 0.0 1.0
-0.857893705368042 0.33777865767478943 0.38720017671585083 -0.20737002789974213 -0.2608742117881775 -0.9355420470237732 0.23812952637672424 1.078056812286377 0.4426771104335785 0.10327927768230438 0.8907133936882019 7.938981533050537 0.0 0.0 0.0 1.0
-0.8511255979537964 0.31303322315216064 0.4214206635951996 -0.009914116933941841 -0.25480028986930847 -0.9482002854347229 0.1897181272506714 1.2565373182296753 0.4589792788028717 0.05409584566950798 0.8867985606193542 8.318512916564941 0.0 0.0 0.0 1.0
-0.8672995567321777 0.2510497570037842 0.42984360456466675 -0.2763490378856659 -0.21505971252918243 -0.9677372574806213 0.13127799332141876 1.3661890029907227 0.4489329755306244 0.02141530252993107 0.8933087587356567 8.828577995300293 0.0 0.0 0.0 1.0
-0.8640966415405273 0.23663319647312164 0.44423162937164307 -0.18898548185825348 -0.2147047519683838 -0.9715568423271179 0.09989595413208008 1.4249382019042969 0.45523497462272644 -0.009058885276317596 0.8903252482414246 9.205948829650879 0.0 0.0 0.0 1.0
-0.8473618626594543 0.26409196853637695 0.4606878161430359 0.34183284640312195 -0.24637813866138458 -0.964055061340332 0.09947682172060013 1.616225242614746 0.4703994393348694 -0.029210537672042847 0.8819699883460999 9.433600425720215 0.0 0.0 0.0 1.0
-0.8461611270904541 0.2595677971839905 0.46544161438941956 0.4717779755592346 -0.24440337717533112 -0.9651157259941101 0.09390725940465927 1.6792387962341309 0.47358033061027527 -0.03429482877254486 0.8800826668739319 9.868461608886719 0.0 0.0 0.0 1.0
-0.852430522441864 0.25850775837898254 0.4544622600078583 0.4367339015007019 -0.24398018419742584 -0.9654504656791687 0.09153736382722855 1.8225305080413818 0.4624239206314087 -0.032850541174411774 0.8860502243041992 10.206679344177246 0.0 0.0 0.0 1.0
-0.8605927228927612 0.2555902302265167 0.440515398979187 0.2568432688713074 -0.24092090129852295 -0.9663604497909546 0.09002529084682465 1.9107515811920166 0.4487062692642212 -0.02865426056087017 0.8932198286056519 10.383248329162598 0.0 0.0 0.0 1.0
-0.8697605729103088 0.25670522451400757 0.42144864797592163 0.22314417362213135 -0.2431013435125351 -0.9661127924919128 0.0867631733417511 1.9389152526855469 0.4294394552707672 -0.02699154056608677 0.9026921987533569 10.576913833618164 0.0 0.0 0.0 1.0
-0.8810375332832336 0.2441941201686859 0.40514448285102844 0.2731913626194 -0.2367335706949234 -0.9690998196601868 0.06930198520421982 1.7201884984970093 0.4095485806465149 -0.03485364839434624 0.9116222858428955 10.897577285766602 0.0 0.0 0.0 1.0
-0.9055981636047363 0.21227532625198364 0.36719363927841187 0.08144008368253708 -0.21358586847782135 -0.976201057434082 0.03758352994918823 1.393808126449585 0.36643287539482117 -0.044391799718141556 0.9293848872184753 11.166240692138672 0.0 0.0 0.0 1.0
-0.937179684638977 0.16281278431415558 0.30852267146110535 -0.2512255311012268 -0.1663881540298462 -0.9859481453895569 0.014875250868499279 1.2554912567138672 0.30660921335220337 -0.037393733859062195 0.9511006474494934 11.327553749084473 0.0 0.0 0.0 1.0
-0.9590864181518555 0.11688204854726791 0.257860004901886 -0.3676474094390869 -0.12000677734613419 -0.9927663803100586 0.003644203767180443 1.3925237655639648 0.25642070174217224 -0.027449844405055046 0.9661754369735718 11.49393367767334 0.0 0.0 0.0 1.0
-0.9689594507217407 0.10469351708889008 0.22395728528499603 -0.2038460671901703 -0.10823589563369751 -0.994118869304657 -0.0035649545025080442 1.49553382396698 0.22226692736148834 -0.027694514021277428 0.9745924472808838 11.69105052947998 0.0 0.0 0.0 1.0
-0.9710063934326172 0.10622069984674454 0.214158296585083 0.27295416593551636 -0.11032045632600784 -0.9938696622848511 -0.007248528301715851 1.5395095348358154 0.21207547187805176 -0.030664406716823578 0.9767720699310303 11.855430603027344 0.0 0.0 0.0 1.0
-0.9752475023269653 0.09244021773338318 0.2008659392595291 0.3892273008823395 -0.09623078256845474 -0.9953168034553528 -0.009167935699224472 1.575195074081421 0.1990777552127838 -0.02827049419283867 0.9795758128166199 11.894811630249023 0.0 0.0 0.0 1.0
-0.9798159003257751 0.0789661556482315 0.18364393711090088 0.360517293214798 -0.08210980892181396 -0.9965773820877075 -0.009565328247845173 1.5550559759140015 0.18226006627082825 -0.024451229721307755 0.9829462766647339 11.846517562866211 0.0 0.0 0.0 1.0
-0.9837009310722351 0.06946633756160736 0.1658521145582199 0.40468862652778625 -0.07299824059009552 -0.9972149133682251 -0.01528813038021326 1.4485092163085938 0.1643281877040863 -0.027145860716700554 0.9860321283340454 11.7943696975708 0.0 0.0 0.0 1.0
-0.9881289005279541 0.0555359348654747 0.14323773980140686 0.49797508120536804 -0.05867331475019455 -0.998119056224823 -0.017769893631339073 1.44187331199646 0.14198145270347595 -0.025963177904486656 0.9895287752151489 11.740052223205566 0.0 0.0 0.0 1.0
-0.9926278591156006 0.0337657667696476 0.11640367656946182 0.5348193645477295 -0.03528418764472008 -0.9993166923522949 -0.011008020490407944 1.5474822521209717 0.11595243960618973 -0.015034077689051628 0.9931409955024719 11.619681358337402 0.0 0.0 0.0 1.0
-0.9961159825325012 0.015342953614890575 0.08670368045568466 0.5364718437194824 -0.015695856884121895 -0.9998710751533508 -0.003389934543520212 1.6181854009628296 0.08664048463106155 -0.0047376565635204315 0.9962283968925476 11.468887329101562 0.0 0.0 0.0 1.0
-0.9984961152076721 -0.0007913526496849954 0.05481689050793648 0.3843085765838623 0.0009390105842612684 -0.9999960064888 0.00266795395873487 1.725412130355835 0.05481455847620964 0.002715415321290493 0.9984928369522095 11.374753952026367 0.0 0.0 0.0 1.0
-0.9997032284736633 -0.01566154882311821 0.01865885965526104 0.1812080442905426 0.015780068933963776 -0.9998561143875122 0.0062216902151703835 1.744497537612915 0.01855873316526413 0.006514281965792179 0.9998065233230591 11.28640079498291 0.0 0.0 0.0 1.0
-0.9991272687911987 -0.036695949733257294 -0.01995270326733589 0.03798665106296539 0.03660685941576958 -0.9993181824684143 0.004812260158360004 1.674416184425354 -0.020115690305829048 0.004077654331922531 0.9997893571853638 11.34109878540039 0.0 0.0 0.0 1.0
-0.9961286783218384 -0.06422552466392517 -0.06002318486571312 -0.03700010105967522 0.0640530064702034 -0.9979349970817566 0.004795853979885578 1.6898621320724487 -0.06020725145936012 0.0009326220606453717 0.9981854557991028 11.397419929504395 0.0 0.0 0.0 1.0
-0.9911024570465088 -0.08996867388486862 -0.09808960556983948 0.06638889759778976 0.08968927711248398 -0.9959433078765869 0.007263080216944218 1.803452968597412 -0.09834513813257217 -0.0015991291729733348 0.9951511025428772 11.553096771240234 0.0 0.0 0.0 1.0
-0.9854003190994263 -0.10700664669275284 -0.13242261111736298 0.313020259141922 0.10655012726783752 -0.9942513704299927 0.010549341328442097 1.9900872707366943 -0.132790207862854 -0.003714321879670024 0.9911372065544128 11.614545822143555 0.0 0.0 0.0 1.0
-0.9809535145759583 -0.11617954820394516 -0.15566803514957428 0.40407684445381165 0.11562764644622803 -0.9932123422622681 0.012626999989151955 2.0420141220092773 -0.15607841312885284 -0.005613028537482023 0.9877287149429321 11.652318954467773 0.0 0.0 0.0 1.0
-0.9760352373123169 -0.1244853213429451 -0.1784897744655609 0.565952479839325 0.12412531673908234 -0.9921783804893494 0.01322739478200674 1.976331114768982 -0.17874030768871307 -0.009244697168469429 0.9838528633117676 11.766677856445312 0.0 0.0 0.0 1.0
-0.9715763330459595 -0.1327601671218872 -0.1959952861070633 0.6476761698722839 0.13216795027256012 -0.9910956621170044 0.01615743897855282 1.9983668327331543 -0.196395143866539 -0.010206108912825584 0.9804717302322388 11.702878952026367 0.0 0.0 0.0 1.0
-0.9667103290557861 -0.14208610355854034 -0.21279731392860413 0.6196333765983582 0.14106886088848114 -0.9897969961166382 0.020036324858665466 2.025679349899292 -0.21347303688526154 -0.010649753734469414 0.9768909215927124 11.609854698181152 0.0 0.0 0.0 1.0
-0.9607452750205994 -0.15453264117240906 -0.2304086834192276 0.6044309735298157 0.15265226364135742 -0.9879358410835266 0.026077087968587875 2.0721099376678467 -0.23165875673294067 -0.010118968784809113 0.9727444648742676 11.56248950958252 0.0 0.0 0.0 1.0
-0.9528130292892456 -0.1712552011013031 -0.25063714385032654 0.5614096522331238 0.16787871718406677 -0.9851876497268677 0.03495682775974274 2.130490779876709 -0.25291115045547485 -0.008769321255385876 0.9674497842788696 11.478278160095215 0.0 0.0 0.0 1.0
-0.9430721402168274 -0.19076280295848846 -0.2724417746067047 0.5338534712791443 0.18559345602989197 -0.9816015362739563 0.04487212374806404 2.15511155128479 -0.2759891748428345 -0.008245758712291718 0.961125373840332 11.354055404663086 0.0 0.0 0.0 1.0
-0.931149959564209 -0.21287661790847778 -0.2960461378097534 0.4196949899196625 0.2056809812784195 -0.9770367741584778 0.055627964437007904 2.1659905910491943 -0.3010898530483246 -0.009093081578612328 0.9535524249076843 11.231322288513184 0.0 0.0 0.0 1.0
-0.917261004447937 -0.23609541356563568 -0.3207666277885437 0.32577186822891235 0.22700311243534088 -0.9716527462005615 0.06603450328111649 2.2091381549835205 -0.3272642195224762 -0.012244148179888725 0.9448535442352295 11.17767333984375 0.0 0.0 0.0 1.0
-0.9015241265296936 -0.2570827603340149 -0.34808430075645447 0.17913326621055603 0.2469092160463333 -0.966200053691864 0.07411642372608185 2.1904489994049072 -0.3553731441497803 -0.019127480685710907 0.9345287680625916 11.144131660461426 0.0 0.0 0.0 1.0
-0.8833265900611877 -0.2767637073993683 -0.378333181142807 0.09514771401882172 0.2668294310569763 -0.9604498147964478 0.07961264252662659 2.0483858585357666 -0.38540393114089966 -0.030626466497778893 0.9222396016120911 11.185606002807617 0.0 0.0 0.0 1.0
-0.8595131635665894 -0.29866257309913635 -0.4147743880748749 -0.06692121922969818 0.2897844910621643 -0.9532310962677002 0.08588016033172607 1.9603506326675415 -0.42102503776550293 -0.046380046755075455 0.9058624505996704 11.185714721679688 0.0 0.0 0.0 1.0
-0.8244867324829102 -0.330506831407547 -0.45933306217193604 -0.24273651838302612 0.3224109411239624 -0.9414416551589966 0.09868516772985458 1.934738039970398 -0.46505141258239746 -0.06672938913106918 0.8827651739120483 11.263547897338867 0.0 0.0 0.0 1.0
-0.7872232794761658 -0.3727949559688568 -0.4912264943122864 -0.24496380984783173 0.3587002158164978 -0.9247761368751526 0.12697751820087433 2.208015203475952 -0.5016111135482788 -0.07624340057373047 0.8617268800735474 11.232417106628418 0.0 0.0 0.0 1.0
-0.7502080202102661 -0.3949390947818756 -0.5302932858467102 -0.3229236602783203 0.38861599564552307 -0.912237286567688 0.1296176165342331 2.0699634552001953 -0.5349444150924683 -0.10884028673171997 0.8378474116325378 11.462329864501953 0.0 0.0 0.0 1.0
-0.727791428565979 -0.40306589007377625 -0.5548490881919861 -0.29624244570732117 0.40151000022888184 -0.9063302874565125 0.1317390352487564 1.9509512186050415 -0.5559760332107544 -0.1268988996744156 0.8214544057846069 11.574122428894043 0.0 0.0 0.0 1.0
-0.7132113575935364 -0.4144652187824249 -0.5652859210968018 -0.1780906319618225 0.41190651059150696 -0.9003401398658752 0.1404302716255188 2.0102767944335938 -0.5671530961990356 -0.132688507437706 0.8128536939620972 11.574854850769043 0.0 0.0 0.0 1.0
-0.6903601288795471 -0.42635995149612427 -0.5844827890396118 -0.24958209693431854 0.4249449074268341 -0.8928130865097046 0.1493537873029709 2.0182089805603027 -0.5855123400688171 -0.14526508748531342 0.7975420355796814 11.583324432373047 0.0 0.0 0.0 1.0
-0.657711386680603 -0.4417531490325928 -0.6101392507553101 -0.411340594291687 0.4432757496833801 -0.8818711042404175 0.16065484285354614 2.0065572261810303 -0.6090339422225952 -0.1647954136133194 0.7758350968360901 11.5833740234375 0.0 0.0 0.0 1.0
-0.6109904646873474 -0.4582783877849579 -0.6455010175704956 -0.6846172213554382 0.4641994833946228 -0.8679068684577942 0.17679521441459656 1.9449037313461304 -0.6412561535835266 -0.19162105023860931 0.7430154085159302 11.702021598815918 0.0 0.0 0.0 1.0
-0.5718265175819397 -0.4811003506183624 -0.664497435092926 -0.9108103513717651 0.4811380207538605 -0.8527346253395081 0.20334678888320923 2.103740930557251 -0.6644701957702637 -0.20343589782714844 0.7190919518470764 11.674702644348145 0.0 0.0 0.0 1.0
-0.5367229580879211 -0.4944409430027008 -0.6837080121040344 -0.9237090349197388 0.4948562979698181 -0.840779721736908 0.21956034004688263 2.100327253341675 -0.6834074258804321 -0.2204941362142563 0.6959429979324341 11.763908386230469 0.0 0.0 0.0 1.0
-0.5160067081451416 -0.499489426612854 -0.6958788633346558 -0.7994081974029541 0.4954717755317688 -0.836736798286438 0.2331935465335846 2.0814661979675293 -0.6987451910972595 -0.22445890307426453 0.6792446970939636 11.713712692260742 0.0 0.0 0.0 1.0
-0.49119386076927185 -0.510113537311554 -0.7060543894767761 -0.8174071907997131 0.5007629990577698 -0.8286101222038269 0.25028321146965027 2.078111171722412 -0.7127166390419006 -0.23062831163406372 0.6624541878700256 11.623011589050293 0.0 0.0 0.0 1.0
-0.4595540761947632 -0.5193508267402649 -0.7204753756523132 -0.9488363265991211 0.5105867385864258 -0.8182453513145447 0.26415085792541504 1.9921773672103882 -0.7267125844955444 -0.24647359549999237 0.6412016153335571 11.572294235229492 0.0 0.0 0.0 1.0
-0.4275014400482178 -0.5253812670707703 -0.7356745600700378 -0.9170277118682861 0.5195516347885132 -0.80875164270401 0.27565711736679077 1.8540065288543701 -0.7398030757904053 -0.26437708735466003 0.6187052130699158 11.551190376281738 0.0 0.0 0.0 1.0
-0.38930293917655945 -0.5361338257789612 -0.7490018606185913 -0.7698375582695007 0.5330249667167664 -0.794296383857727 0.2915092706680298 1.7944773435592651 -0.7512174248695374 -0.28575125336647034 0.5949946045875549 11.605907440185547 0.0 0.0 0.0 1.0
-0.3456215560436249 -0.5511200428009033 -0.75948166847229 -0.6661797165870667 0.5506321787834167 -0.774479866027832 0.3114243447780609 1.8769276142120361 -0.7598354816436768 -0.31056007742881775 0.5711413621902466 11.596116065979004 0.0 0.0 0.0 1.0
-0.3088037967681885 -0.561049222946167 -0.7680260539054871 -0.5120632648468018 0.5671367049217224 -0.7568520307540894 0.3248552083969116 1.8659666776657104 -0.7635418772697449 -0.33525925874710083 0.551910400390625 11.629437446594238 0.0 0.0 0.0 1.0
-0.2836759686470032 -0.5633172988891602 -0.7760164737701416 -0.15907415747642517 0.578501284122467 -0.7459412813186646 0.3300119936466217 1.8616211414337158 -0.7647641897201538 -0.35531002283096313 0.5374853610992432 11.653717994689941 0.0 0.0 0.0 1.0
-0.261312872171402 -0.5614169239997864 -0.78519207239151 0.21779026091098785 0.5866869688034058 -0.7383322715759277 0.3326617479324341 1.758094310760498 -0.766494631767273 -0.37373319268226624 0.5223116874694824 11.762179374694824 0.0 0.0 0.0 1.0
-0.22819535434246063 -0.5605560541152954 -0.7960551381111145 0.25967124104499817 0.5960347652435303 -0.726939857006073 0.3410293161869049 1.5801231861114502 -0.7698502540588379 -0.39665526151657104 0.4999952018260956 11.774959564208984 0.0 0.0 0.0 1.0
-0.18446940183639526 -0.5622485876083374 -0.8061311841011047 0.09607189148664474 0.606178343296051 -0.7107115387916565 0.35698309540748596 1.4857162237167358 -0.773639976978302 -0.42280682921409607 0.4719274640083313 11.670249938964844 0.0 0.0 0.0 1.0
-0.13613249361515045 -0.565491795539856 -0.8134414553642273 -0.030194003134965897 0.613954484462738 -0.6925598978996277 0.37870922684669495 1.4088438749313354 -0.777513861656189 -0.4478614032268524 0.44146615266799927 11.545517921447754 0.0 0.0 0.0 1.0
-0.0859900414943695 -0.5684979557991028 -0.8181783556938171 -0.07918260991573334 0.616669774055481 -0.6753737926483154 0.4044609069824219 1.3659111261367798 -0.7825114130973816 -0.4697662591934204 0.4086509346961975 11.36062240600586 0.0 0.0 0.0 1.0
-0.03080485202372074 -0.5702201724052429 -0.820914089679718 -0.06563714891672134 0.6159536242485046 -0.6576507091522217 0.43370112776756287 1.3298544883728027 -0.7871798872947693 -0.4922849237918854 0.3714880049228668 11.285297393798828 0.0 0.0 0.0 1.0
0.026780642569065094 -0.569222629070282 -0.8217471837997437 -0.1879557967185974 0.6109533309936523 -0.6413239240646362 0.4641546905040741 1.292568564414978 -0.7912135124206543 -0.5144795775413513 0.33059340715408325 11.261134147644043 0.0 0.0 0.0 1.0
0.08907122910022736 -0.5645762085914612 -0.8205608129501343 -0.43958157300949097 0.6040716767311096 -0.6244088411331177 0.4951878488063812 1.2924249172210693 -0.7919366955757141 -0.5397845506668091 0.28542762994766235 11.30823802947998 0.0 0.0 0.0 1.0
0.15245869755744934 -0.5560387372970581 -0.817054033279419 -0.6357735991477966 0.5972541570663452 -0.6068460941314697 0.5244286060333252 1.3052729368209839 -0.787428617477417 -0.5679426193237305 0.23957745730876923 11.441030502319336 0.0 0.0 0.0 1.0
0.19073864817619324 -0.5491207242012024 -0.813686192035675 -0.527386486530304 0.5937161445617676 -0.5955750942230225 0.5411020517349243 1.4031838178634644 -0.7817415595054626 -0.5863077044487 0.2124226689338684 11.502076148986816 0.0 0.0 0.0 1.0
0.22767791152000427 -0.5418121218681335 -0.8090750575065613 -0.40190571546554565 0.5905225872993469 -0.5838357210159302 0.557152509689331 1.5079346895217896 -0.7742388844490051 -0.6046283841133118 0.1870257705450058 11.555499076843262 0.0 0.0 0.0 1.0
0.2623683214187622 -0.5367770195007324 -0.8018935322761536 -0.30210354924201965 0.5901483297348022 -0.5682247877120972 0.57345050573349 1.5544899702072144 -0.7634708881378174 -0.6236914396286011 0.16769389808177948 11.568894386291504 0.0 0.0 0.0 1.0
0.2978484630584717 -0.5343939661979675 -0.7910179495811462 -0.1508760303258896 0.5879285335540771 -0.5501346588134766 0.5930361747741699 1.625834345817566 -0.7520813345909119 -0.6416969299316406 0.15032869577407837 11.453191757202148 0.0 0.0 0.0 1.0
0.333670973777771 -0.532621443271637 -0.777803361415863 -0.028283096849918365 0.5824266672134399 -0.5322971343994141 0.6143605709075928 1.736943006515503 -0.7412441372871399 -0.6580077409744263 0.1326008141040802 11.258975982666016 0.0 0.0 0.0 1.0
0.37016561627388 -0.5296550989151001 -0.7631794810295105 0.07169673591852188 0.5737769603729248 -0.5157426595687866 0.6362307071685791 1.8059749603271484 -0.7305870652198792 -0.6734055280685425 0.11299371719360352 11.176796913146973 0.0 0.0 0.0 1.0
0.40844616293907166 -0.5237489938735962 -0.7475685477256775 0.11906514316797256 0.56230229139328 -0.5007685422897339 0.6580630540847778 1.8167191743850708 -0.7190186977386475 -0.6891428232192993 0.0899682566523552 11.20343017578125 0.0 0.0 0.0 1.0
0.4479997456073761 -0.5139878988265991 -0.7315139174461365 0.12046888470649719 0.550018846988678 -0.48659929633140564 0.678749144077301 1.8420788049697876 -0.7048230171203613 -0.7064259052276611 0.06470666825771332 11.278220176696777 0.0 0.0 0.0 1.0
0.48817178606987 -0.4995918571949005 -0.7156090140342712 0.13216668367385864 0.537037193775177 -0.4743793308734894 0.6975351572036743 1.9282917976379395 -0.687952995300293 -0.7248256802558899 0.03672080114483833 11.435482025146484 0.0 0.0 0.0 1.0
0.5259499549865723 -0.48221176862716675 -0.7006057500839233 0.21736887097358704 0.5254133343696594 -0.4635521173477173 0.7134845852851868 2.069897413253784 -0.668817937374115 -0.7433648109436035 0.009555291384458542 11.73690128326416 0.0 0.0 0.0 1.0
0.5588375926017761 -0.46443748474121094 -0.6870213747024536 0.36527442932128906 0.5146710276603699 -0.45535752177238464 0.7264731526374817 2.1883575916290283 -0.6502417325973511 -0.7595704793930054 -0.015438398346304893 12.062949180603027 0.0 0.0 0.0 1.0
0.5856943130493164 -0.44716545939445496 -0.6760216355323792 0.4620026648044586 0.5066643357276917 -0.44902509450912476 0.7359808087348938 2.2253527641296387 -0.6326558589935303 -0.7735757827758789 -0.036428652703762054 12.41744327545166 0.0 0.0 0.0 1.0
0.6090556979179382 -0.4300065040588379 -0.6664424538612366 0.566027045249939 0.500346839427948 -0.4436553120613098 0.7435206770896912 2.2937123775482178 -0.6153894662857056 -0.7862979173660278 -0.055058423429727554 12.58110523223877 0.0 0.0 0.0 1.0
0.632391095161438 -0.4128090441226959 -0.6554923057556152 0.582624077796936 0.493877649307251 -0.437049925327301 0.7517128586769104 2.3951416015625 -0.5967967510223389 -0.7991095185279846 -0.07250931113958359 12.60409927368164 0.0 0.0 0.0 1.0
0.6586201786994934 -0.39425718784332275 -0.6409217715263367 0.6060441136360168 0.48538920283317566 -0.4282553195953369 0.7622300982475281 2.433791399002075 -0.574992835521698 -0.8131166696548462 -0.09068941324949265 12.691422462463379 0.0 0.0 0.0 1.0
0.6904748678207397 -0.37115031480789185 -0.6208799481391907 0.474710077047348 0.4727156460285187 -0.4181694984436035 0.7756766080856323 2.345473051071167 -0.5475257039070129 -0.8290848731994629 -0.11328697204589844 12.873564720153809 0.0 0.0 0.0 1.0
0.7263193130493164 -0.34870895743370056 -0.5923362970352173 0.0858297273516655 0.4503110349178314 -0.4096694588661194 0.7933415770530701 2.2661733627319336 -0.5193074345588684 -0.8429549336433411 -0.14052335917949677 13.040534019470215 0.0 0.0 0.0 1.0
0.759211003780365 -0.3292849659919739 -0.5614000558853149 -0.3695944845676422 0.42641204595565796 -0.40000173449516296 0.8112776279449463 2.315514087677002 -0.49170252680778503 -0.8553186655044556 -0.1632746309041977 13.258393287658691 0.0 0.0 0.0 1.0
0.787563145160675 -0.3098510205745697 -0.5326693058013916 -0.7199995517730713 0.40725773572921753 -0.38701197504997253 0.827262282371521 2.4928650856018066 -0.4624774754047394 -0.8684549927711487 -0.17860715091228485 13.340065956115723 0.0 0.0 0.0 1.0
0.8114906549453735 -0.28912532329559326 -0.5078282356262207 -0.8514279127120972 0.3920866549015045 -0.3749846816062927 0.8400324583053589 2.871117353439331 -0.43330246210098267 -0.8807911276817322 -0.19093437492847443 13.554567337036133 0.0 0.0 0.0 1.0
0.8275254964828491 -0.2715073525905609 -0.49141156673431396 -0.9362176656723022 0.3820478916168213 -0.3690435588359833 0.8472580909729004 3.1162805557250977 -0.4113890826702118 -0.8888704180717468 -0.20166414976119995 13.843912124633789 0.0 0.0 0.0 1.0
0.8425653576850891 -0.249323770403862 -0.4774109721183777 -0.8886725902557373 0.37276288866996765 -0.3698575496673584 0.851030707359314 3.200618267059326 -0.38875624537467957 -0.8950100541114807 -0.21869052946567535 14.213705062866211 0.0 0.0 0.0 1.0
0.8524987101554871 -0.23136909306049347 -0.4687368869781494 -0.7689935564994812 0.3660183250904083 -0.3759886622428894 0.8512714505195618 3.0911195278167725 -0.37319767475128174 -0.8972741365432739 -0.23584452271461487 14.5914306640625 0.0 0.0 0.0 1.0
0.8604217767715454 -0.21650707721710205 -0.46130144596099854 -0.7540708184242249 0.360590398311615 -0.3809633255004883 0.8513762354850769 3.01611590385437 -0.3600679039955139 -0.8988835215568542 -0.2497187852859497 14.801705360412598 0.0 0.0 0.0 1.0
0.8647151589393616 -0.20682910084724426 -0.45770010352134705 -0.6525136828422546 0.3603251278400421 -0.3793907165527344 0.8521904349327087 3.12754225730896 -0.34990495443344116 -0.9018228054046631 -0.25353917479515076 14.886658668518066 0.0 0.0 0.0 1.0
0.8588855266571045 -0.20876017212867737 -0.46769097447395325 -0.11899936944246292 0.37259411811828613 -0.37186095118522644 0.8502311706542969 3.351392984390259 -0.3514104187488556 -0.9045101404190063 -0.24160316586494446 14.809727668762207 0.0 0.0 0.0 1.0
0.8498576283454895 -0.22377246618270874 -0.47714561223983765 0.4650286138057709 0.3811696171760559 -0.3642343580722809 0.8497311472892761 3.5071351528167725 -0.3639392554759979 -0.9040238857269287 -0.22425207495689392 14.629624366760254 0.0 0.0 0.0 1.0
0.8498898148536682 -0.2229946404695511 -0.4774523377418518 0.6445061564445496 0.3830986022949219 -0.3606669008731842 0.8503851294517517 3.492459297180176 -0.36183255910873413 -0.905644953250885 -0.2210981845855713 14.532483100891113 0.0 0.0 0.0 1.0
0.8529663681983948 -0.22464904189109802 -0.4711487591266632 0.7231428027153015 0.3765212893486023 -0.36032718420028687 0.8534612059593201 3.520479679107666 -0.3614969551563263 -0.9053712487220764 -0.2227618396282196 14.39600944519043 0.0 0.0 0.0 1.0
0.856591522693634 -0.21343925595283508 -0.4697815179824829 0.7930567264556885 0.3810026943683624 -0.35235288739204407 0.8548007607460022 3.650859832763672 -0.3479769229888916 -0.911203145980835 -0.22050157189369202 14.21731948852539 0.0 0.0 0.0 1.0
0.8638468384742737 -0.19092033803462982 -0.46617385745048523 0.8455720543861389 0.38185539841651917 -0.3554050326347351 0.8531551361083984 3.540088415145874 -0.32856521010398865 -0.9150063991546631 -0.23411156237125397 14.223180770874023 0.0 0.0 0.0 1.0
0.8857421875 -0.15166524052619934 -0.438700795173645 0.34831559658050537 0.3676753044128418 -0.34764909744262695 0.8625282645225525 3.6260313987731934 -0.28332948684692383 -0.9252771139144897 -0.25216391682624817 14.271846771240234 0.0 0.0 0.0 1.0
0.9121665358543396 -0.11795257776975632 -0.39247849583625793 -0.2507447600364685 0.335183322429657 -0.3363187611103058 0.8800805807113647 3.823249578475952 -0.2358056604862213 -0.9343323111534119 -0.26724299788475037 14.31960391998291 0.0 0.0 0.0 1.0
0.9282879829406738 -0.08733291923999786 -0.36146146059036255 -0.45974698662757874 0.31328099966049194 -0.34001490473747253 0.8867045044898987 3.8558149337768555 -0.20034077763557434 -0.9363561272621155 -0.2882719933986664 14.58495807647705 0.0 0.0 0.0 1.0
0.9385159015655518 -0.06655380874872208 -0.3387601971626282 -0.30258408188819885 0.29537543654441833 -0.35317263007164 0.8877062797546387 3.8608059883117676 -0.17872107028961182 -0.9331879019737244 -0.3117997944355011 14.964879989624023 0.0 0.0 0.0 1.0
0.9501192569732666 -0.04325390234589577 -0.30887290835380554 -0.48044008016586304 0.2737267017364502 -0.35902974009513855 0.8922843337059021 4.03306770324707 -0.14948934316635132 -0.9323232769966125 -0.3292813301086426 15.214666366577148 0.0 0.0 0.0 1.0
0.9583573341369629 -0.03321033716201782 -0.2836339771747589 -0.5013125538825989 0.2508397102355957 -0.37682798504829407 0.891672670841217 3.88608455657959 -0.1364939659833908 -0.9256877303123474 -0.35280540585517883 15.457755088806152 0.0 0.0 0.0 1.0
0.9638630151748657 -0.023826410993933678 -0.2653307020664215 -0.5020424127578735 0.23574024438858032 -0.3875975012779236 0.8911760449409485 3.7368826866149902 -0.12407504767179489 -0.9215207695960999 -0.36797404289245605 15.692034721374512 0.0 0.0 0.0 1.0
0.964123547077179 -0.01627722941339016 -0.2649543285369873 -0.38407182693481445 0.23922066390514374 -0.3793611228466034 0.8937889337539673 3.960273265838623 -0.11506177484989166 -0.9251055121421814 -0.361857146024704 15.699102401733398 0.0 0.0 0.0 1.0
0.9612522721290588 -0.02452824078500271 -0.27457690238952637 -0.07865063846111298 0.2462776005268097 -0.37111517786979675 0.8953328132629395 4.206024169921875 -0.12386059015989304 -0.9282628297805786 -0.35069453716278076 15.676734924316406 0.0 0.0 0.0 1.0
0.9580423831939697 -0.03806823864579201 -0.2840873897075653 0.24136413633823395 0.25088128447532654 -0.3679414987564087 0.89536452293396 4.380491256713867 -0.13861249387264252 -0.9290693402290344 -0.3429529368877411 15.768081665039062 0.0 0.0 0.0 1.0
0.9569103717803955 -0.032135628163814545 -0.28859981894493103 0.14365404844284058 0.2575798034667969 -0.3649347722530365 0.8946928381919861 4.488648414611816 -0.13407163321971893 -0.9304783344268799 -0.34093236923217773 15.88525676727295 0.0 0.0 0.0 1.0
0.9578463435173035 -0.018544889986515045 -0.28668177127838135 0.03313085809350014 0.25983500480651855 -0.3697376847267151 0.8920649290084839 4.341358661651611 -0.12254030257463455 -0.9289510846138 -0.3493332862854004 16.123687744140625 0.0 0.0 0.0 1.0
0.9588637351989746 -0.00730742746964097 -0.28377270698547363 -0.056990113109350204 0.2603442370891571 -0.37580588459968567 0.8893766403198242 4.212410926818848 -0.11314250528812408 -0.9266695976257324 -0.3584441840648651 16.344112396240234 0.0 0.0 0.0 1.0
0.959183931350708 0.0036909906193614006 -0.2827588617801666 0.048075515776872635 0.2632528245449066 -0.3768063485622406 0.888096272945404 4.207884788513184 -0.1032673716545105 -0.9262847304344177 -0.362398236989975 16.41836929321289 0.0 0.0 0.0 1.0
0.9614360928535461 0.018184851855039597 -0.27442654967308044 0.024218009784817696 0.2608705461025238 -0.3763149380683899 0.8890070915222168 4.308789253234863 -0.08710434287786484 -0.9263133406639099 -0.3665466606616974 16.521163940429688 0.0 0.0 0.0 1.0
0.968147873878479 0.045368220657110214 -0.2462344765663147 -0.3545295298099518 0.24496106803417206 -0.3751119375228882 0.8940274715423584 4.386774063110352 -0.051805056631565094 -0.9258686304092407 -0.3742772936820984 16.61646270751953 0.0 0.0 0.0 1.0
0.9780543446540833 0.09755562990903854 -0.1840994507074356 -1.3137319087982178 0.20745262503623962 -0.37406161427497864 0.9039033651351929 4.32667875289917 0.019316324964165688 -0.9222585558891296 -0.3860907554626465 16.714967727661133 0.0 0.0 0.0 1.0
0.9821223020553589 0.16927611827850342 -0.08234886080026627 -2.904574394226074 0.1424386352300644 -0.3822546601295471 0.9130129218101501 4.092954158782959 0.123073048889637 -0.9084200263023376 -0.399532288312912 16.7949275970459 0.0 0.0 0.0 1.0
