-0.9999712705612183 -0.007265096064656973 -0.0021658146288245916 -0.23661136627197266 0.007260515820235014 -0.9999713897705078 0.0021152705885469913 2.005397319793701 -0.002181120216846466 0.002099484670907259 0.9999954104423523 9.295079231262207 0.0 0.0 0.0 1.0
-0.9999740719795227 -0.0068885041400790215 -0.0020957612432539463 -0.23494213819503784 0.006884767208248377 -0.9999747276306152 0.0017850211588665843 2.0030410289764404 -0.0021080044098198414 0.0017705459613353014 0.9999961853027344 9.293089866638184 0.0 0.0 0.0 1.0
-0.9999804496765137 -0.006016872823238373 -0.001703660818748176 -0.2293214052915573 0.006014680024236441 -0.9999811053276062 0.0012893362436443567 1.9980266094207764 -0.0017113863723352551 0.0012790639884769917 0.9999977350234985 9.295670509338379 0.0 0.0 0.0 1.0
-0.9999924898147583 -0.0037397630512714386 -0.0009928341023623943 -0.21383827924728394 0.0037389323115348816 -0.9999926686286926 0.0008373904274776578 1.9528915882110596 -0.0009959584567695856 0.0008336720056831837 0.9999991655349731 9.291800498962402 0.0 0.0 0.0 1.0
-0.999997615814209 -0.0020659740548580885 -0.0006982428021728992 -0.19842110574245453 0.002065920038148761 -0.9999978542327881 7.785960769979283e-05 1.9226503372192383 -0.0006984021747484803 7.64169089961797e-05 0.9999997615814209 9.300832748413086 0.0 0.0 0.0 1.0
-1.0 9.794354809855577e-06 -0.00020806914835702628 -0.19804708659648895 -9.703026080387644e-06 -0.9999998807907104 -0.00043893151450902224 1.9156932830810547 -0.00020807342662010342 -0.0004389295063447207 0.9999998807907104 9.26916790008545 0.0 0.0 0.0 1.0
-0.9999955892562866 0.0028981270734220743 0.0006907758070155978 -0.20360563695430756 -0.002898816019296646 -0.9999952912330627 -0.0009985868819057941 1.939017415046692 0.00068787852069363 -0.0010005849180743098 0.9999992847442627 9.229436874389648 0.0 0.0 0.0 1.0
-0.9999849796295166 0.005241443868726492 0.0016139999497681856 -0.22679896652698517 -0.005243442952632904 -0.9999855160713196 -0.0012368543539196253 1.9458149671554565 0.0016074936138466 -0.0012452986557036638 0.9999979138374329 9.248464584350586 0.0 0.0 0.0 1.0
-0.9999706745147705 0.007247507572174072 0.0024829008616507053 -0.24482642114162445 -0.007251146715134382 -0.9999726414680481 -0.0014598650159314275 1.9545773267745972 0.0024722525849938393 -0.0014778260374441743 0.9999958276748657 9.2334623336792 0.0 0.0 0.0 1.0
-0.99996018409729 0.008584324270486832 0.002433106768876314 -0.2597237229347229 -0.008587269112467766 -0.9999623894691467 -0.0012023323215544224 1.9456543922424316 0.002422694116830826 -0.0012231782311573625 0.9999963045120239 9.236028671264648 0.0 0.0 0.0 1.0
-0.9999572038650513 0.0090631740167737 0.001852351357229054 -0.2755013108253479 -0.009064958430826664 -0.9999584555625916 -0.0009571198606863618 1.9353628158569336 0.0018435998354107141 -0.0009738703956827521 0.9999978542327881 9.223274230957031 0.0 0.0 0.0 1.0
-0.9999589323997498 0.00902114063501358 0.0008825596887618303 -0.29044538736343384 -0.009021901525557041 -0.9999589323997498 -0.0008612243691459298 1.9296917915344238 0.0008747542160563171 -0.0008691513212397695 0.9999992251396179 9.211824417114258 0.0 0.0 0.0 1.0
-0.9999611973762512 0.008809966966509819 -0.00017931142065208405 -0.3221714496612549 -0.008809933438897133 -0.9999611973762512 -0.00019014920690096915 1.927405834197998 -0.00018097966676577926 -0.00018856210226658732 0.9999999403953552 9.18085765838623 0.0 0.0 0.0 1.0
-0.9999693632125854 0.007648702245205641 -0.0016751181101426482 -0.3379741609096527 -0.0076494598761200905 -0.9999706149101257 0.0004462090728338808 1.9262981414794922 -0.001671656034886837 0.00045900914119556546 0.9999985098838806 9.12918472290039 0.0 0.0 0.0 1.0
-0.999973714351654 0.005357908550649881 -0.004880732856690884 -0.37009522318840027 -0.0053667183965444565 -0.9999839663505554 0.001793730421923101 1.9413832426071167 -0.004871044307947159 0.0018198768375441432 0.999986469745636 9.068254470825195 0.0 0.0 0.0 1.0
-0.9999417662620544 0.00044921922381035984 -0.010784339159727097 -0.3694360852241516 -0.0004950243746861815 -0.9999908804893494 0.004245085176080465 1.9768946170806885 -0.01078233402222395 0.004250176250934601 0.9999328255653381 8.961170196533203 0.0 0.0 0.0 1.0
-0.9998190402984619 -0.00585216423496604 -0.018099220469594002 -0.31407907605171204 0.00572138000279665 -0.9999572038650513 0.00726932380348444 2.0121877193450928 -0.018140986561775208 0.00716445641592145 0.999809741973877 8.893054008483887 0.0 0.0 0.0 1.0
-0.9992822408676147 -0.01924038678407669 -0.03263084217905998 -0.24802082777023315 0.01886729523539543 -0.999753475189209 0.011703397147357464 2.0340728759765625 -0.03284797444939613 0.011079341173171997 0.999398946762085 8.885045051574707 0.0 0.0 0.0 1.0
-0.9981083273887634 -0.03608711063861847 -0.04977396875619888 -0.20750141143798828 0.03532882407307625 -0.999247133731842 0.016031447798013687 2.038770914077759 -0.05031502619385719 0.014242665842175484 0.9986318349838257 8.883363723754883 0.0 0.0 0.0 1.0
-0.9955716133117676 -0.05990547314286232 -0.07244628667831421 -0.1916433721780777 0.05853277072310448 -0.9980661273002625 0.02092667855322361 2.0234267711639404 -0.07355980575084686 0.01659352518618107 0.9971527457237244 8.92123794555664 0.0 0.0 0.0 1.0
-0.9892184734344482 -0.09905193001031876 -0.10786782950162888 -0.19797959923744202 0.09672627598047256 -0.9949555993080139 0.02659597434103489 2.0305838584899902 -0.10995808988809586 0.015875576063990593 0.9938094019889832 9.06954288482666 0.0 0.0 0.0 1.0
-0.982067883014679 -0.130283385515213 -0.13626782596111298 -0.16320344805717468 0.12721799314022064 -0.9913901090621948 0.03100471757352352 2.089082956314087 -0.1391339749097824 0.013113018125295639 0.9901867508888245 9.288504600524902 0.0 0.0 0.0 1.0
-0.9738419055938721 -0.15888115763664246 -0.16244623064994812 -0.15228484570980072 0.1551491618156433 -0.9872533679008484 0.03548995405435562 2.1492512226104736 -0.16601426899433136 0.009358209557831287 0.9860789179801941 9.487318992614746 0.0 0.0 0.0 1.0
-0.9628267884254456 -0.1899426132440567 -0.1920582503080368 -0.19880546629428864 0.18537531793117523 -0.9817848801612854 0.041646040976047516 2.2178008556365967 -0.196470245718956 0.004495066124945879 0.9804995059967041 9.543595314025879 0.0 0.0 0.0 1.0
-0.9541555643081665 -0.21080820262432098 -0.2124783992767334 -0.28245845437049866 0.2054489254951477 -0.9775263667106628 0.04725344106554985 2.2421984672546387 -0.2176646590232849 0.0014336738968268037 0.9760225415229797 9.557888984680176 0.0 0.0 0.0 1.0
-0.9458975791931152 -0.22882302105426788 -0.2300385981798172 -0.32332921028137207 0.2225269228219986 -0.9734677672386169 0.053313471376895905 2.2478623390197754 -0.23613451421260834 -0.0007606990402564406 0.9717200994491577 9.494094848632812 0.0 0.0 0.0 1.0
-0.9360970854759216 -0.24874846637248993 -0.24868956208229065 -0.26320070028305054 0.2412382960319519 -0.9685630798339844 0.06074286997318268 2.225738048553467 -0.2559812068939209 -0.0031322212889790535 0.966676652431488 9.39107894897461 0.0 0.0 0.0 1.0
-0.9280078411102295 -0.26417723298072815 -0.2627010643482208 -0.2000017911195755 0.2558581829071045 -0.9644559621810913 0.06604046374559402 2.185236930847168 -0.27080997824668884 -0.0059281508438289165 0.9626145958900452 9.326409339904785 0.0 0.0 0.0 1.0
-0.9189083576202393 -0.28019624948501587 -0.27766430377960205 -0.16072246432304382 0.27142050862312317 -0.9598833322525024 0.0703912228345871 2.093463659286499 -0.28624868392944336 -0.01068070251494646 0.9580958485603333 9.314273834228516 0.0 0.0 0.0 1.0
-0.9049081802368164 -0.30219629406929016 -0.29969754815101624 -0.15056799352169037 0.29294353723526 -0.9530647397041321 0.07649591565132141 1.9480561017990112 -0.30874794721603394 -0.01857268065214157 0.9509625434875488 9.356098175048828 0.0 0.0 0.0 1.0
-0.8909640312194824 -0.3223686218261719 -0.3197835683822632 -0.05620953068137169 0.3126561939716339 -0.9462511539459229 0.08279429376125336 1.8363629579544067 -0.3292858600616455 -0.026215573772788048 0.9438663125038147 9.36550521850586 0.0 0.0 0.0 1.0
-0.873944103717804 -0.34559333324432373 -0.34174108505249023 0.09172280132770538 0.3353320360183716 -0.9377202391624451 0.09073656052350998 1.7481268644332886 -0.35181549191474915 -0.03529805690050125 0.93540358543396 9.377720832824707 0.0 0.0 0.0 1.0
-0.8484160304069519 -0.3791467547416687 -0.3693751394748688 0.2909325361251831 0.36801058053970337 -0.9240726828575134 0.10323674976825714 1.6814064979553223 -0.3804713487625122 -0.048346251249313354 0.9235281348228455 9.381458282470703 0.0 0.0 0.0 1.0
-0.8246567845344543 -0.40920889377593994 -0.3904988169670105 0.36965206265449524 0.396981805562973 -0.9104955196380615 0.1157728061079979 1.6657706499099731 -0.40292268991470337 -0.059548091143369675 0.913294792175293 9.313825607299805 0.0 0.0 0.0 1.0
-0.7979322075843811 -0.440494179725647 -0.4114232063293457 0.3746035099029541 0.426986962556839 -0.8948671221733093 0.12998071312904358 1.6771910190582275 -0.42542484402656555 -0.07195654511451721 0.9021285772323608 9.239645957946777 0.0 0.0 0.0 1.0
-0.7611829042434692 -0.47850850224494934 -0.43775588274002075 0.27303606271743774 0.4636423587799072 -0.8734733462333679 0.1485937088727951 1.6954513788223267 -0.45347142219543457 -0.08985518664121628 0.8867297768592834 9.067229270935059 0.0 0.0 0.0 1.0
-0.727698564529419 -0.5078812837600708 -0.4609895646572113 0.1648935079574585 0.49261051416397095 -0.8546605706214905 0.1639823168516159 1.6596043109893799 -0.477273166179657 -0.10775861889123917 0.8721229434013367 8.98617172241211 0.0 0.0 0.0 1.0
-0.6882562041282654 -0.5367386937141418 -0.4880727529525757 0.05168462544679642 0.522106409072876 -0.833574116230011 0.18044130504131317 1.5995732545852661 -0.5036946535110474 -0.1306360810995102 0.8539472818374634 8.944437026977539 0.0 0.0 0.0 1.0
-0.6302518844604492 -0.5724436044692993 -0.5244910717010498 -0.08202823251485825 0.5596997737884521 -0.8031803965568542 0.2040523737668991 1.5617880821228027 -0.5380694270133972 -0.16495315730571747 0.8266025185585022 8.847664833068848 0.0 0.0 0.0 1.0
-0.5769784450531006 -0.5996912717819214 -0.5544964075088501 -0.15299415588378906 0.5895664095878601 -0.7756369709968567 0.22538572549819946 1.538171648979187 -0.5652497410774231 -0.19686974585056305 0.8010836839675903 8.85695743560791 0.0 0.0 0.0 1.0
-0.5220636129379272 -0.6240255236625671 -0.5814135074615479 -0.17657889425754547 0.6157244443893433 -0.7474609017372131 0.24937047064304352 1.595266580581665 -0.5901974439620972 -0.22780324518680573 0.7744499444961548 8.91201400756836 0.0 0.0 0.0 1.0
-0.4539119303226471 -0.6496677994728088 -0.6098325252532959 -0.12381395697593689 0.6416539549827576 -0.7131974101066589 0.2821873426437378 1.7395340204238892 -0.6182590126991272 -0.26321321725845337 0.7405907511711121 9.069385528564453 0.0 0.0 0.0 1.0
-0.4022202789783478 -0.6652668714523315 -0.6289982795715332 -0.0692186951637268 0.6558048129081726 -0.6887497901916504 0.3091016113758087 1.85878586769104 -0.6388574838638306 -0.2881731688976288 0.7133142948150635 9.212373733520508 0.0 0.0 0.0 1.0
-0.35782527923583984 -0.6774978637695312 -0.6426178216934204 -0.08048592507839203 0.6644766926765442 -0.6682529449462891 0.3345275819301605 1.9794284105300903 -0.6560729742050171 -0.3073021471500397 0.6892993450164795 9.266547203063965 0.0 0.0 0.0 1.0
-0.3124549686908722 -0.6890093088150024 -0.6539404392242432 -0.04074418544769287 0.6709771752357483 -0.6473824977874756 0.3615044951438904 2.0666050910949707 -0.6724295616149902 -0.3258252441883087 0.6645873785018921 9.228873252868652 0.0 0.0 0.0 1.0
-0.281733900308609 -0.6972153782844543 -0.6591787934303284 0.026121651753783226 0.6760779619216919 -0.6317412853240967 0.3792380690574646 2.0866878032684326 -0.6808410882949829 -0.3388120234012604 0.6493549346923828 9.128209114074707 0.0 0.0 0.0 1.0
-0.25120460987091064 -0.7059341669082642 -0.6622334718704224 0.18416130542755127 0.6827304363250732 -0.6142088770866394 0.39576074481010437 2.077230930328369 -0.686130702495575 -0.3527100384235382 0.6362548470497131 9.027341842651367 0.0 0.0 0.0 1.0
-0.20860309898853302 -0.717444896697998 -0.6646484732627869 0.42390280961990356 0.69209885597229 -0.5884608626365662 0.41798678040504456 1.9905558824539185 -0.6910021305084229 -0.37280911207199097 0.6192975640296936 8.883293151855469 0.0 0.0 0.0 1.0
-0.1694575548171997 -0.727324366569519 -0.6650438904762268 0.5711461305618286 0.6996299624443054 -0.5640469193458557 0.4385989010334015 1.9079577922821045 -0.6941196322441101 -0.3909607231616974 0.604439914226532 8.78835391998291 0.0 0.0 0.0 1.0
-0.1245880201458931 -0.7372055649757385 -0.6640826463699341 0.6079918146133423 0.7060559391975403 -0.5361095666885376 0.4626786410808563 1.8402856588363647 -0.6971102952957153 -0.4112353026866913 0.5873012542724609 8.69936752319336 0.0 0.0 0.0 1.0
-0.06168727949261665 -0.7480828166007996 -0.6607319712638855 0.5177212357521057 0.7106040120124817 -0.49778226017951965 0.49724721908569336 1.813058614730835 -0.7008827328681946 -0.4388449490070343 0.5622974634170532 8.668219566345215 0.0 0.0 0.0 1.0
-0.007457194849848747 -0.7546581029891968 -0.6560758352279663 0.4212479889392853 0.710134744644165 -0.4659169018268585 0.5278542041778564 1.8330644369125366 -0.7040262818336487 -0.461965948343277 0.5393834114074707 8.659213066101074 0.0 0.0 0.0 1.0
0.04819176346063614 -0.7587612271308899 -0.649583637714386 0.3334360718727112 0.7067019939422607 -0.43368634581565857 0.5590066909790039 1.8604580163955688 -0.7058681845664978 -0.48600155115127563 0.515317976474762 8.658590316772461 0.0 0.0 0.0 1.0
0.12258470058441162 -0.7594752907752991 -0.6388821005821228 0.27547022700309753 0.6985700726509094 -0.39123034477233887 0.5991148948669434 1.9000048637390137 -0.7049630284309387 -0.5197461843490601 0.4825878143310547 8.733668327331543 0.0 0.0 0.0 1.0
0.1881871074438095 -0.7539108395576477 -0.6294474005699158 0.2963472306728363 0.6902762651443481 -0.3543762266635895 0.6308218240737915 1.9083267450332642 -0.6986445784568787 -0.553205132484436 0.4537177085876465 8.788982391357422 0.0 0.0 0.0 1.0
0.25969362258911133 -0.7421582937240601 -0.6178675293922424 0.26566341519355774 0.6789260506629944 -0.3146882951259613 0.6633481383323669 1.8835023641586304 -0.6867449879646301 -0.5917536616325378 0.4221480190753937 8.837298393249512 0.0 0.0 0.0 1.0
0.35006192326545715 -0.7191329002380371 -0.600253701210022 0.13263492286205292 0.6574516296386719 -0.26782846450805664 0.7042906284332275 1.875335931777954 -0.6672435998916626 -0.641183078289032 0.379038542509079 8.972180366516113 0.0 0.0 0.0 1.0
0.4083283543586731 -0.7020171284675598 -0.5834723114967346 0.056559860706329346 0.6361064910888672 -0.23960977792739868 0.7334546446800232 1.953224778175354 -0.6547033786773682 -0.6706408262252808 0.34871816635131836 8.957862854003906 0.0 0.0 0.0 1.0
0.4500134289264679 -0.6892703771591187 -0.5677977204322815 -0.007495679426938295 0.6147692799568176 -0.22205553948879242 0.756802499294281 2.047348737716675 -0.6477241516113281 -0.6896359324455261 0.3238143026828766 9.009040832519531 0.0 0.0 0.0 1.0
0.48818573355674744 -0.6774017214775085 -0.5502740740776062 -0.06634129583835602 0.5900006890296936 -0.20844556391239166 0.7800318002700806 2.130675792694092 -0.6430971026420593 -0.7054625153541565 0.2979073226451874 9.027190208435059 0.0 0.0 0.0 1.0
0.5136446952819824 -0.6687085628509521 -0.5375853180885315 -0.13074350357055664 0.5710175037384033 -0.20122502744197845 0.7958941459655762 2.168135404586792 -0.6403968334197998 -0.7157774567604065 0.27848613262176514 9.049507141113281 0.0 0.0 0.0 1.0
0.5374023914337158 -0.658812940120697 -0.5264638066291809 -0.20393741130828857 0.5535407066345215 -0.19540728628635406 0.8095731139183044 2.1710824966430664 -0.6362321376800537 -0.7264857292175293 0.25966742634773254 9.02993392944336 0.0 0.0 0.0 1.0
0.5706574320793152 -0.6420148611068726 -0.5120225548744202 -0.3528638184070587 0.5296534299850464 -0.18872937560081482 0.8269513249397278 2.105250835418701 -0.6275486946105957 -0.7431004047393799 0.23234552145004272 9.048108100891113 0.0 0.0 0.0 1.0
0.5996807217597961 -0.6259344220161438 -0.49858713150024414 -0.45857518911361694 0.5076155066490173 -0.18411575257778168 0.8416815996170044 2.0082826614379883 -0.6186352372169495 -0.757830798625946 0.2073233425617218 9.053991317749023 0.0 0.0 0.0 1.0
0.62835693359375 -0.6098765134811401 -0.48292669653892517 -0.6526557803153992 0.48279669880867004 -0.18103733658790588 0.8568155169487 1.9194027185440063 -0.6099793910980225 -0.77154141664505 0.18069030344486237 9.047024726867676 0.0 0.0 0.0 1.0
0.6600385904312134 -0.5944084525108337 -0.4593774676322937 -0.8637258410453796 0.4488323926925659 -0.17833346128463745 0.8756406903266907 1.8740750551223755 -0.602410614490509 -0.7841401100158691 0.14908282458782196 9.003852844238281 0.0 0.0 0.0 1.0
0.6805355548858643 -0.5869256854057312 -0.4386223554611206 -0.9892688989639282 0.42190518975257874 -0.17553572356700897 0.8894848227500916 1.9009952545166016 -0.5990553498268127 -0.7903831005096436 0.12816870212554932 8.931635856628418 0.0 0.0 0.0 1.0
0.6996674537658691 -0.5818198919296265 -0.41466984152793884 -1.0700496435165405 0.3975498676300049 -0.16520942747592926 0.9025851488113403 1.9543230533599854 -0.5936493277549744 -0.7963613867759705 0.11571075767278671 8.802885055541992 0.0 0.0 0.0 1.0
0.7076205015182495 -0.5779412388801575 -0.4065183103084564 -0.9399312138557434 0.3951878547668457 -0.15322215855121613 0.9057314991950989 2.0601847171783447 -0.5857471823692322 -0.8015652894973755 0.11997223645448685 8.656928062438965 0.0 0.0 0.0 1.0
0.7053034901618958 -0.5762515068054199 -0.4128936529159546 -0.5489757061004639 0.4105967581272125 -0.1427280157804489 0.9005770683288574 2.100975751876831 -0.5778903961181641 -0.8047128915786743 0.13594044744968414 8.652850151062012 0.0 0.0 0.0 1.0
0.6963855028152466 -0.5785594582557678 -0.4246365427970886 -0.08404850959777832 0.43062761425971985 -0.13647259771823883 0.892151951789856 2.0726680755615234 -0.574114203453064 -0.8041418790817261 0.15410614013671875 8.583664894104004 0.0 0.0 0.0 1.0
0.6941415667533875 -0.5801991820335388 -0.426070898771286 0.1540018767118454 0.43437081575393677 -0.13437941670417786 0.8906537890434265 2.0316977500915527 -0.5740117430686951 -0.8033125996589661 0.1587432622909546 8.457341194152832 0.0 0.0 0.0 1.0
0.7012747526168823 -0.5774968266487122 -0.41798457503318787 0.28640827536582947 0.4253876209259033 -0.1315183788537979 0.8954039812088013 1.9567656517028809 -0.5720656514167786 -0.8057296872138977 0.15342947840690613 8.355766296386719 0.0 0.0 0.0 1.0
0.7230123281478882 -0.5649579167366028 -0.3975873291492462 0.24200421571731567 0.4024602770805359 -0.1233108788728714 0.9070943593978882 1.8342548608779907 -0.5614969730377197 -0.8158535361289978 0.13821782171726227 8.181281089782715 0.0 0.0 0.0 1.0
0.7427056431770325 -0.5515795946121216 -0.379668653011322 0.2154143750667572 0.3843872547149658 -0.11308145523071289 0.91621994972229 1.75560462474823 -0.5483016967773438 -0.8264214992523193 0.12803393602371216 8.030719757080078 0.0 0.0 0.0 1.0
0.7595614790916443 -0.5392426252365112 -0.3637084364891052 0.28033944964408875 0.3704243004322052 -0.10101474076509476 0.9233536124229431 1.6973685026168823 -0.534651517868042 -0.8360702395439148 0.1230216696858406 7.934142112731934 0.0 0.0 0.0 1.0
0.7789618968963623 -0.5237066745758057 -0.344890832901001 0.47590723633766174 0.3555647134780884 -0.08415420353412628 0.930855393409729 1.6522029638290405 -0.5165191888809204 -0.8477319478988647 0.12065868824720383 7.946341514587402 0.0 0.0 0.0 1.0
0.7968100309371948 -0.5087934732437134 -0.32591870427131653 0.5477074384689331 0.3404228985309601 -0.06762361526489258 0.937837541103363 1.6764215230941772 -0.49920544028282166 -0.8582285642623901 0.11932177096605301 7.922563552856445 0.0 0.0 0.0 1.0
0.8205981850624084 -0.48739761114120483 -0.2984328866004944 0.4298040270805359 0.31585437059402466 -0.04841427132487297 0.9475716948509216 1.7495765686035156 -0.47629258036613464 -0.8718369603157043 0.11421800404787064 7.912853240966797 0.0 0.0 0.0 1.0
0.8573324680328369 -0.4492838978767395 -0.25124692916870117 0.1199614405632019 0.27136072516441345 -0.020297758281230927 0.9622636437416077 1.85064697265625 -0.4374293088912964 -0.8931584358215332 0.10451607406139374 7.941126346588135 0.0 0.0 0.0 1.0
0.8862355947494507 -0.411843866109848 -0.2120639681816101 -0.034093812108039856 0.23376841843128204 0.002394953742623329 0.9722893834114075 1.8884458541870117 -0.39992353320121765 -0.9112513065338135 0.09839858114719391 8.021224021911621 0.0 0.0 0.0 1.0
0.9103796482086182 -0.37400633096694946 -0.17699751257896423 -0.005027002189308405 0.20016396045684814 0.02369050495326519 0.9794759750366211 1.9389314651489258 -0.3621370494365692 -0.9271235466003418 0.09642994403839111 8.129615783691406 0.0 0.0 0.0 1.0
0.9338352084159851 -0.3281959295272827 -0.14226481318473816 0.26678088307380676 0.1659844070672989 0.045273732393980026 0.9850885272026062 2.098825454711914 -0.31686118245124817 -0.9435241222381592 0.09675361216068268 8.329024314880371 0.0 0.0 0.0 1.0
0.9477586150169373 -0.2958560585975647 -0.11925925314426422 0.47698715329170227 0.1428593546152115 0.05939682945609093 0.9879591464996338 2.195204734802246 -0.2852100729942322 -0.9533841013908386 0.0985596626996994 8.477668762207031 0.0 0.0 0.0 1.0
0.958973228931427 -0.26592347025871277 -0.0982603132724762 0.5807024240493774 0.1208367645740509 0.06987293064594269 0.9902101755142212 2.2837769985198975 -0.2564544081687927 -0.9614585041999817 0.09913960099220276 8.610636711120605 0.0 0.0 0.0 1.0
0.9700831770896912 -0.23184746503829956 -0.07200966775417328 0.5045245289802551 0.09234140813350677 0.07805781066417694 0.9926630854606628 2.407491683959961 -0.22452549636363983 -0.9696152210235596 0.09713169187307358 8.623274803161621 0.0 0.0 0.0 1.0
0.9769735932350159 -0.20729948580265045 -0.05049273371696472 0.3817560076713562 0.0687146857380867 0.08166003227233887 0.9942886829376221 2.432481288909912 -0.20199228823184967 -0.9748633503913879 0.09402421116828918 8.648462295532227 0.0 0.0 0.0 1.0
0.9824144244194031 -0.18449082970619202 -0.028722673654556274 0.25611722469329834 0.044903066009283066 0.08413240313529968 0.9954423308372498 2.451975107192993 -0.1812334805727005 -0.9792266488075256 0.09093709290027618 8.60944938659668 0.0 0.0 0.0 1.0
0.9872682690620422 -0.15900251269340515 -0.004423424135893583 0.27590060234069824 0.018499819561839104 0.08715871721506119 0.996022641658783 2.480315923690796 -0.15798455476760864 -0.9834234118461609 0.08899055421352386 8.586692810058594 0.0 0.0 0.0 1.0
0.990121603012085 -0.13953924179077148 0.013710026629269123 0.3868234157562256 -0.0011161473812535405 0.08993411809206009 0.9959470629692078 2.464946746826172 -0.1402067095041275 -0.9861240386962891 0.0888899713754654 8.638985633850098 0.0 0.0 0.0 1.0
0.9925236701965332 -0.1167229413986206 0.03567240759730339 0.4767908751964569 -0.02495482563972473 0.09202665835618973 0.9954438209533691 2.463660955429077 -0.11947394162416458 -0.9888917207717896 0.08842583745718002 8.659636497497559 0.0 0.0 0.0 1.0
0.9936336874961853 -0.07682280987501144 0.0824035182595253 0.37491753697395325 -0.07532384991645813 0.0908975601196289 0.9930075407028198 2.3671505451202393 -0.08377590775489807 -0.9928926825523376 0.08453228324651718 8.640496253967285 0.0 0.0 0.0 1.0
0.9904215335845947 -0.039530184119939804 0.1322973519563675 0.14513428509235382 -0.12836430966854095 0.08939815312623978 0.9876894950866699 2.2631609439849854 -0.050870683044195175 -0.9952111840248108 0.08346758782863617 8.538575172424316 0.0 0.0 0.0 1.0
0.9836398363113403 -0.004729968961328268 0.18008430302143097 0.02535291016101837 -0.17895008623600006 0.08935968577861786 0.9797916412353516 2.2382431030273438 -0.020726662129163742 -0.9959881901741028 0.08705131709575653 8.578720092773438 0.0 0.0 0.0 1.0
0.976804256439209 0.028350792825222015 0.21224896609783173 0.269118994474411 -0.2139934003353119 0.09332146495580673 0.9723671674728394 2.36708402633667 0.007759996689856052 -0.9952322840690613 0.0972236916422844 8.7905912399292 0.0 0.0 0.0 1.0
0.9732435941696167 0.05288570374250412 0.22360670566558838 0.5432162284851074 -0.22783887386322021 0.09602944552898407 0.9689518809318542 2.4613263607025146 0.029770875349640846 -0.9939725399017334 0.10550946742296219 8.952454566955566 0.0 0.0 0.0 1.0
0.9673808813095093 0.08382971584796906 0.23905399441719055 0.6522622108459473 -0.24653130769729614 0.09443769603967667 0.9645226001739502 2.5419504642486572 0.05827994644641876 -0.9919950366020203 0.11202386766672134 9.044480323791504 0.0 0.0 0.0 1.0
0.9494034051895142 0.13703277707099915 0.28258657455444336 0.48701316118240356 -0.2953990399837494 0.08410544693470001 0.9516646862030029 2.5783426761627197 0.10664217919111252 -0.9869894981384277 0.120329350233078 9.126813888549805 0.0 0.0 0.0 1.0
0.9226061105728149 0.1909692883491516 0.33515477180480957 0.16219906508922577 -0.3529369831085205 0.06727159023284912 0.9332255721092224 2.6052560806274414 0.15567103028297424 -0.9792881608009338 0.12946531176567078 9.092345237731934 0.0 0.0 0.0 1.0
0.8857585191726685 0.24812594056129456 0.39225682616233826 -0.1310061663389206 -0.41493672132492065 0.04460597410798073 0.9087561964988708 2.64237380027771 0.20798897743225098 -0.9677003026008606 0.1424666792154312 9.137843132019043 0.0 0.0 0.0 1.0
0.8332816958427429 0.31687507033348083 0.4530251622200012 -0.3135214149951935 -0.48066410422325134 0.01040353812277317 0.8768430948257446 2.7932066917419434 0.2731366455554962 -0.9484102129936218 0.16097955405712128 9.301810264587402 0.0 0.0 0.0 1.0
0.7915823459625244 0.3666708767414093 0.4888249933719635 -0.2866559326648712 -0.5189919471740723 -0.018847787752747536 0.8545712828636169 2.989487886428833 0.3225596845149994 -0.9301598072052002 0.1753796637058258 9.569564819335938 0.0 0.0 0.0 1.0
0.7526541352272034 0.41036349534988403 0.5148918032646179 -0.22593805193901062 -0.545577883720398 -0.04907451942563057 0.8366220593452454 3.158144950866699 0.3685872256755829 -0.9106006026268005 0.18694910407066345 9.8538236618042 0.0 0.0 0.0 1.0
0.7071543335914612 0.4535974860191345 0.5423855185508728 -0.17783062160015106 -0.5700326561927795 -0.08810704946517944 0.8168842792510986 3.263589859008789 0.41832464933395386 -0.8868407011032104 0.19626010954380035 10.081934928894043 0.0 0.0 0.0 1.0
0.6713747978210449 0.47773900628089905 0.5665874481201172 -0.19989101588726044 -0.5874495506286621 -0.12305165827274323 0.7998508214950562 3.1468629837036133 0.4518394470214844 -0.8698412179946899 0.19803377985954285 10.216403007507324 0.0 0.0 0.0 1.0
0.6345170140266418 0.4931158125400543 0.5951679944992065 -0.2676326632499695 -0.6052437424659729 -0.1619042456150055 0.7794017195701599 2.9183666706085205 0.48069554567337036 -0.8547653555870056 0.1957242488861084 10.217650413513184 0.0 0.0 0.0 1.0
0.5861572623252869 0.500471293926239 0.6371406316757202 -0.31650859117507935 -0.6288604140281677 -0.21479487419128418 0.7472601532936096 2.5115468502044678 0.5108367800712585 -0.8386844992637634 0.18882299959659576 10.190771102905273 0.0 0.0 0.0 1.0
0.5440488457679749 0.5002954006195068 0.673583984375 -0.29029381275177 -0.6485756635665894 -0.2585570514202118 0.715889573097229 2.215815544128418 0.5323161482810974 -0.8263490796089172 0.1838117390871048 10.062312126159668 0.0 0.0 0.0 1.0
0.5005331039428711 0.4967125654220581 0.7090439200401306 -0.16885189712047577 -0.6671487092971802 -0.30063557624816895 0.68156498670578 1.9933439493179321 0.5517057180404663 -0.8141835927963257 0.1809030920267105 9.944528579711914 0.0 0.0 0.0 1.0
0.44514837861061096 0.49139404296875 0.7485818862915039 0.04496364668011665 -0.6865344047546387 -0.34942901134490967 0.6376283168792725 1.764451265335083 0.5749030113220215 -0.7977664470672607 0.1818111538887024 9.87246322631836 0.0 0.0 0.0 1.0
0.39998510479927063 0.48701104521751404 0.7764226794242859 0.16175347566604614 -0.6992611885070801 -0.38548195362091064 0.6020277738571167 1.6739563941955566 0.592491090297699 -0.7837243676185608 0.1863608956336975 9.778984069824219 0.0 0.0 0.0 1.0
0.33985230326652527 0.4836093485355377 0.8066116571426392 0.16341157257556915 -0.7138853073120117 -0.4256965219974518 0.556012749671936 1.7157524824142456 0.6122647523880005 -0.7647904753684998 0.20056769251823425 9.620285034179688 0.0 0.0 0.0 1.0
0.2870892286300659 0.4834764301776886 0.8269402980804443 0.035605382174253464 -0.7248335480690002 -0.4547489881515503 0.5175129771232605 1.7430955171585083 0.6262555718421936 -0.7479665279388428 0.2198864072561264 9.580636978149414 0.0 0.0 0.0 1.0
0.22719766199588776 0.4855809807777405 0.8441518545150757 -0.18155115842819214 -0.7347667217254639 -0.48342275619506836 0.4758364260196686 1.7754966020584106 0.6391393542289734 -0.728363573551178 0.2469562441110611 9.561786651611328 0.0 0.0 0.0 1.0
0.16200710833072662 0.4884178042411804 0.8574390411376953 -0.4664703905582428 -0.7417675852775574 -0.5127819776535034 0.4322446882724762 1.818484902381897 0.6507952809333801 -0.7060472369194031 0.2792181670665741 9.460736274719238 0.0 0.0 0.0 1.0
0.07722631096839905 0.4912814795970917 0.8675705194473267 -0.7441304922103882 -0.7452208399772644 -0.5496229529380798 0.37757185101509094 1.7955440282821655 0.662330687046051 -0.6756901144981384 0.32366785407066345 9.421712875366211 0.0 0.0 0.0 1.0
0.011443902738392353 0.49118679761886597 0.8709790706634521 -0.9146366119384766 -0.7428597807884216 -0.5788893103599548 0.33622390031814575 1.736129879951477 0.669349193572998 -0.6508630514144897 0.3582581579685211 9.394257545471191 0.0 0.0 0.0 1.0
-0.06090932711958885 0.48801571130752563 0.8707070350646973 -0.9988031387329102 -0.7359159588813782 -0.6112845540046692 0.2911338806152344 1.8198058605194092 0.6743276119232178 -0.6230344176292419 0.3963714838027954 9.308238983154297 0.0 0.0 0.0 1.0
-0.11063157767057419 0.48321348428726196 0.8684844970703125 -1.039477825164795 -0.728950560092926 -0.6334417462348938 0.25958165526390076 1.8980098962783813 0.6755677461624146 -0.6043643355369568 0.42231738567352295 9.272638320922852 0.0 0.0 0.0 1.0
-0.153317391872406 0.4775161147117615 0.865142822265625 -1.0817729234695435 -0.7218053340911865 -0.6520572900772095 0.23198777437210083 1.9661563634872437 0.6749005913734436 -0.5888969302177429 0.44464540481567383 9.22524642944336 0.0 0.0 0.0 1.0
-0.1985301971435547 0.46972155570983887 0.8602019548416138 -1.1030635833740234 -0.7135311961174011 -0.6709606647491455 0.2017051726579666 2.011990785598755 0.6719069480895996 -0.5737363696098328 0.46836695075035095 9.174507141113281 0.0 0.0 0.0 1.0
-0.2301945686340332 0.46403124928474426 0.8553861379623413 -1.1062798500061035 -0.707565188407898 -0.6832728981971741 0.18024878203868866 2.014974594116211 0.6681032776832581 -0.5637491941452026 0.48561805486679077 9.107813835144043 0.0 0.0 0.0 1.0
-0.2614222764968872 0.45860645174980164 0.8493164777755737 -1.0647896528244019 -0.7013469934463501 -0.6947938203811646 0.15929187834262848 1.9987748861312866 0.6631521582603455 -0.5540231466293335 0.5032768249511719 9.051785469055176 0.0 0.0 0.0 1.0
-0.30289363861083984 0.45205122232437134 0.8389905691146851 -0.961979866027832 -0.6927950382232666 -0.7089724540710449 0.13188306987285614 1.9709519147872925 0.6544390916824341 -0.5413019061088562 0.5279220938682556 8.912240982055664 0.0 0.0 0.0 1.0
-0.34033462405204773 0.4464637041091919 0.8275521397590637 -0.8910118937492371 -0.6844982504844666 -0.7210450172424316 0.10750015825033188 1.8979710340499878 0.6446972489356995 -0.529871940612793 0.55100017786026 8.815239906311035 0.0 0.0 0.0 1.0
-0.37946751713752747 0.43985864520072937 0.8139587044715881 -0.8062622547149658 -0.6745449900627136 -0.733665943145752 0.08199600875377655 1.8258728981018066 0.6332404017448425 -0.5179369449615479 0.5751068592071533 8.740438461303711 0.0 0.0 0.0 1.0
-0.4288279116153717 0.4303657114505768 0.7942870855331421 -0.7931995987892151 -0.6595109105110168 -0.7500094175338745 0.050311360508203506 1.73222017288208 0.6173750758171082 -0.5022660493850708 0.6054558753967285 8.697549819946289 0.0 0.0 0.0 1.0
-0.4670793414115906 0.42197227478027344 0.7770304083824158 -0.8060972094535828 -0.6461143493652344 -0.7628023624420166 0.025860974565148354 1.7229928970336914 0.6036332249641418 -0.489971399307251 0.6289315819740295 8.652557373046875 0.0 0.0 0.0 1.0
-0.5050612092018127 0.41265928745269775 0.7580405473709106 -0.8235030770301819 -0.6313080787658691 -0.7755305767059326 0.0015575459692627192 1.727528691291809 0.5885263681411743 -0.47777044773101807 0.6522055864334106 8.613188743591309 0.0 0.0 0.0 1.0
-0.553068995475769 0.3998046815395355 0.7309383749961853 -0.9057933688163757 -0.6101269721984863 -0.7917883992195129 -0.02856820449233055 1.7497910261154175 0.5673268437385559 -0.46176543831825256 0.6818452477455139 8.523859024047852 0.0 0.0 0.0 1.0
-0.5918313264846802 0.38835540413856506 0.7063397169113159 -0.9896703958511353 -0.5909848809242249 -0.8049662113189697 -0.05259564891457558 1.7954182624816895 0.5481537580490112 -0.4485638439655304 0.7059163451194763 8.46054458618164 0.0 0.0 0.0 1.0
-0.6307517886161804 0.3759063482284546 0.6788567900657654 -1.039469838142395 -0.5697968602180481 -0.8182324171066284 -0.07633665949106216 1.848265290260315 0.5267671942710876 -0.4349599778652191 0.7302918434143066 8.449129104614258 0.0 0.0 0.0 1.0
-0.6771681904792786 0.3586796224117279 0.6424890160560608 -1.1003735065460205 -0.5407487750053406 -0.8347390294075012 -0.10393016785383224 1.8897019624710083 0.49903303384780884 -0.4178033471107483 0.7592143416404724 8.448169708251953 0.0 0.0 0.0 1.0
-0.7108935713768005 0.34453216195106506 0.6131296157836914 -1.1063694953918457 -0.5169790983200073 -0.8470518589019775 -0.12343313544988632 1.8930671215057373 0.47682589292526245 -0.40472301840782166 0.7802796363830566 8.507050514221191 0.0 0.0 0.0 1.0
-0.7399937510490417 0.3308727741241455 0.5856043696403503 -1.0626484155654907 -0.4938533306121826 -0.8583512306213379 -0.1390756219625473 1.9075242280960083 0.4566379189491272 -0.39211776852607727 0.7985771894454956 8.62440013885498 0.0 0.0 0.0 1.0
-0.7687891125679016 0.31536900997161865 0.5563322901725769 -1.001404881477356 -0.4676773250102997 -0.8705987930297852 -0.15276004374027252 1.9085991382598877 0.4361664652824402 -0.3776242733001709 0.8167978525161743 8.790665626525879 0.0 0.0 0.0 1.0
-0.786344587802887 0.3048320710659027 0.5373449921607971 -0.9449856877326965 -0.4495913088321686 -0.8789098262786865 -0.1593274027109146 1.9637457132339478 0.4237096905708313 -0.3668718934059143 0.8281757831573486 8.85213851928711 0.0 0.0 0.0 1.0
-0.8008412718772888 0.29566439986228943 0.5208030939102173 -0.8649627566337585 -0.43357235193252563 -0.8861361742019653 -0.16363902390003204 2.033127546310425 0.41312021017074585 -0.3568546772003174 0.8378462791442871 8.862899780273438 0.0 0.0 0.0 1.0
-0.8151127099990845 0.286594033241272 0.5034433007240295 -0.7794247269630432 -0.4168016016483307 -0.8936966061592102 -0.16608059406280518 2.0847976207733154 0.40232786536216736 -0.34521037340164185 0.847916305065155 8.828083038330078 0.0 0.0 0.0 1.0
-0.8245021104812622 0.2813882529735565 0.49093472957611084 -0.6873131394386292 -0.40591493248939514 -0.8985834717750549 -0.16667574644088745 2.110374689102173 0.3942452371120453 -0.33670225739479065 0.8551036715507507 8.782289505004883 0.0 0.0 0.0 1.0
-0.8336358666419983 0.27724185585975647 0.47769051790237427 -0.5649029612541199 -0.3961498737335205 -0.9028030633926392 -0.167367622256279 2.1412363052368164 0.3848591446876526 -0.32876068353652954 0.8624383211135864 8.708759307861328 0.0 0.0 0.0 1.0
-0.8464780449867249 0.2731993794441223 0.4569869339466095 -0.3372449278831482 -0.3841001093387604 -0.9077292084693909 -0.16880404949188232 2.1847736835479736 0.3687032163143158 -0.31841763854026794 0.8733087182044983 8.560273170471191 0.0 0.0 0.0 1.0
-0.8594732880592346 0.2691402733325958 0.4345908463001251 -0.14203159511089325 -0.37247011065483093 -0.9119995832443237 -0.17182205617427826 2.173966646194458 0.35010242462158203 -0.309548556804657 0.8840859532356262 8.421725273132324 0.0 0.0 0.0 1.0
-0.8753055334091187 0.26289448142051697 0.40586546063423157 -0.03377615660429001 -0.3572677671909332 -0.9171935319900513 -0.17639672756195068 2.136186122894287 0.3258834183216095 -0.29940366744995117 0.8967482447624207 8.201623916625977 0.0 0.0 0.0 1.0
-0.8964793682098389 0.2522522807121277 0.3642711639404297 0.05245498567819595 -0.3342684209346771 -0.924675464630127 -0.18231815099716187 2.060004949569702 0.2908424437046051 -0.2852087914943695 0.913272500038147 7.948771953582764 0.0 0.0 0.0 1.0
-0.9124208688735962 0.24188877642154694 0.3301180899143219 0.04355797916650772 -0.314117968082428 -0.9309777021408081 -0.18603865802288055 2.0427558422088623 0.26233190298080444 -0.2734415829181671 0.925425112247467 7.748965740203857 0.0 0.0 0.0 1.0
-0.9265437722206116 0.23028388619422913 0.29746583104133606 0.0921395942568779 -0.29336991906166077 -0.9372960925102234 -0.18817590177059174 2.0479719638824463 0.2354796677827835 -0.26162075996398926 0.9360042214393616 7.614062786102295 0.0 0.0 0.0 1.0
-0.9416335821151733 0.2133907526731491 0.2603662312030792 0.16121359169483185 -0.26652979850769043 -0.9450355172157288 -0.1893930733203888 2.0367367267608643 0.20564059913158417 -0.24773423373699188 0.9467521905899048 7.59740686416626 0.0 0.0 0.0 1.0
-0.9521060585975647 0.1977854073047638 0.23318442702293396 0.15156584978103638 -0.24401961266994476 -0.9510389566421509 -0.18968212604522705 1.9600533246994019 0.18425112962722778 -0.23749907314777374 0.9537534713745117 7.761361598968506 0.0 0.0 0.0 1.0
-0.9620438814163208 0.17995208501815796 0.20515571534633636 0.04775289073586464 -0.21958321332931519 -0.9568305611610413 -0.19041647017002106 1.9166563749313354 0.16203342378139496 -0.22823774814605713 0.9600274562835693 7.941861152648926 0.0 0.0 0.0 1.0
-0.9738892912864685 0.15336553752422333 0.16738790273666382 -0.08602917939424515 -0.18499788641929626 -0.9634857773780823 -0.19357401132583618 1.9058278799057007 0.13158829510211945 -0.2194860577583313 0.9667007923126221 8.146637916564941 0.0 0.0 0.0 1.0
-0.9826490879058838 0.1290060132741928 0.1332598626613617 -0.11186141520738602 -0.15391220152378082 -0.9680947065353394 -0.19774635136127472 1.95650315284729 0.1034977063536644 -0.2148256003856659 0.9711530208587646 8.313812255859375 0.0 0.0 0.0 1.0
-0.9899427890777588 0.1029716432094574 0.09700588136911392 -0.08825559914112091 -0.12089741975069046 -0.9718709588050842 -0.20211534202098846 2.0298445224761963 0.07346505671739578 -0.2118103951215744 0.9745456576347351 8.499053001403809 0.0 0.0 0.0 1.0
-0.9963515996932983 0.0691789761185646 0.04997798055410385 -0.01076833438128233 -0.07808825373649597 -0.975260317325592 -0.20680800080299377 2.1399266719818115 0.03443477675318718 -0.20995616912841797 0.9771042466163635 8.714142799377441 0.0 0.0 0.0 1.0
-0.9990724921226501 0.04152970388531685 0.011379470117390156 0.03736387565732002 -0.04299271106719971 -0.9768628478050232 -0.20950087904930115 2.296614170074463 0.002415671246126294 -0.20979580283164978 0.9777422547340393 8.905899047851562 0.0 0.0 0.0 1.0
-0.9995123744010925 0.014281517826020718 -0.027768807485699654 -0.022193869575858116 -0.008113429881632328 -0.9775166511535645 -0.21070216596126556 2.3994665145874023 -0.03015361912548542 -0.210374116897583 0.9771558046340942 9.077507972717285 0.0 0.0 0.0 1.0
-0.9969131946563721 -0.018730513751506805 -0.07624470442533493 -0.12475422024726868 0.03440913185477257 -0.9771254062652588 -0.2098618596792221 2.456617593765259 -0.07056982070207596 -0.21183757483959198 0.9747536778450012 9.25988483428955 0.0 0.0 0.0 1.0
-0.9922825694084167 -0.04432331398129463 -0.11580492556095123 -0.20437683165073395 0.06777582317590714 -0.9759466052055359 -0.20720691978931427 2.47267484664917 -0.1038353219628334 -0.21345658600330353 0.9714187979698181 9.346667289733887 0.0 0.0 0.0 1.0
