-0.327155739068985 0.8246834874153137 0.46137431263923645 0.3707897961139679 -0.7945435643196106 -0.5043596625328064 0.3381151258945465 1.3531219959259033 0.5115365982055664 -0.2559656798839569 0.8202511072158813 13.765070915222168 0.0 0.0 0.0 1.0
-0.33945032954216003 0.8209103941917419 0.45921626687049866 0.29837700724601746 -0.7926995158195496 -0.512471616268158 0.3301520049571991 1.3418797254562378 0.5063605308532715 -0.25195029377937317 0.8246939182281494 13.754165649414062 0.0 0.0 0.0 1.0
-0.3654550015926361 0.8131202459335327 0.45307624340057373 0.19427859783172607 -0.7875644564628601 -0.5295615196228027 0.3151297867298126 1.3269799947738647 0.49617016315460205 -0.24166099727153778 0.8339155316352844 13.712372779846191 0.0 0.0 0.0 1.0
-0.4069920480251312 0.799310564994812 0.4421086609363556 0.25766462087631226 -0.780003011226654 -0.5559958219528198 0.2871653735637665 1.082457184791565 0.47534486651420593 -0.22797207534313202 0.8497505187988281 13.632699966430664 0.0 0.0 0.0 1.0
-0.4184361696243286 0.7934308648109436 0.44201651215553284 0.5722687840461731 -0.7707448601722717 -0.5676594972610474 0.2893354594707489 0.925040602684021 0.4804825782775879 -0.21961353719234467 0.8490620851516724 13.542459487915039 0.0 0.0 0.0 1.0
-0.45008572936058044 0.7813320755958557 0.4323691129684448 0.7646428346633911 -0.7654222249984741 -0.5869412422180176 0.2638727128505707 0.7406954169273376 0.45994746685028076 -0.21217957139015198 0.8622227907180786 13.793427467346191 0.0 0.0 0.0 1.0
-0.48420780897140503 0.7671403288841248 0.4207594394683838 1.0882887840270996 -0.7494694590568542 -0.6118022799491882 0.2529693841934204 0.7188547253608704 0.4514846205711365 -0.1928565800189972 0.871187686920166 13.770606994628906 0.0 0.0 0.0 1.0
-0.5104566216468811 0.756668210029602 0.4085184335708618 1.2025065422058105 -0.7374714612960815 -0.6295434832572937 0.24456258118152618 0.7689900398254395 0.44223281741142273 -0.17643210291862488 0.8793758153915405 13.791231155395508 0.0 0.0 0.0 1.0
-0.5509284734725952 0.7398175001144409 0.38619664311408997 1.2210333347320557 -0.7200352549552917 -0.6553339958190918 0.22822487354278564 0.9302780628204346 0.42193254828453064 -0.1523396223783493 0.8937368392944336 13.865266799926758 0.0 0.0 0.0 1.0
-0.5862022042274475 0.7180634140968323 0.37516918778419495 1.242085576057434 -0.6954330801963806 -0.6835454106330872 0.22167213261127472 1.0433204174041748 0.415619820356369 -0.1309603750705719 0.9000608325004578 13.771477699279785 0.0 0.0 0.0 1.0
-0.6303211450576782 0.6923022866249084 0.3513016402721405 1.022131085395813 -0.6687416434288025 -0.7140294313430786 0.20723553001880646 1.1809488534927368 0.3943093419075012 -0.10430511832237244 0.9130392074584961 13.74886703491211 0.0 0.0 0.0 1.0
-0.6624264121055603 0.6709295511245728 0.3332338333129883 0.8675644397735596 -0.6475481986999512 -0.7364923357963562 0.19560261070728302 1.2677603960037231 0.37665972113609314 -0.0862126275897026 0.9223312139511108 13.803316116333008 0.0 0.0 0.0 1.0
-0.7034651041030884 0.6401833295822144 0.3087104856967926 0.7031896114349365 -0.6186944246292114 -0.7653594017028809 0.17731937766075134 1.2408488988876343 0.34979137778282166 -0.0662594586610794 0.9344815015792847 13.932426452636719 0.0 0.0 0.0 1.0
-0.7442362904548645 0.6015549898147583 0.2902480661869049 0.6454439163208008 -0.5845971703529358 -0.7968552708625793 0.152538001537323 1.2476892471313477 0.3230457007884979 -0.05615388974547386 0.9447159171104431 14.227354049682617 0.0 0.0 0.0 1.0
-0.7840203046798706 0.5626387000083923 0.2622019350528717 0.594627857208252 -0.5455542206764221 -0.8260738849639893 0.14132435619831085 1.2733523845672607 0.29611271619796753 -0.032244205474853516 0.9546086192131042 14.272700309753418 0.0 0.0 0.0 1.0
-0.8151866793632507 0.5234385132789612 0.2479572743177414 0.5708415508270264 -0.509048342704773 -0.8517019152641296 0.12439292669296265 1.2905734777450562 0.27629774808883667 -0.024818794801831245 0.9607515931129456 14.349681854248047 0.0 0.0 0.0 1.0
-0.847283661365509 0.47870180010795593 0.23011957108974457 0.5683395862579346 -0.4677768349647522 -0.8777529001235962 0.10360803455114365 1.3044050931930542 0.2515854835510254 -0.01985921338200569 0.9676313400268555 14.397443771362305 0.0 0.0 0.0 1.0
-0.8764937520027161 0.43408313393592834 0.20815987884998322 0.5023345351219177 -0.424234002828598 -0.9008419513702393 0.09224574267864227 1.3701436519622803 0.22756147384643555 -0.00745568098500371 0.9737351536750793 14.221431732177734 0.0 0.0 0.0 1.0
-0.8993436098098755 0.39542022347450256 0.18661180138587952 0.39422306418418884 -0.38691675662994385 -0.9184995889663696 0.0815715491771698 1.419573187828064 0.20365791022777557 0.0011576180113479495 0.9790414571762085 14.20872688293457 0.0 0.0 0.0 1.0
-0.9254528880119324 0.3453058898448944 0.15588726103305817 0.15833628177642822 -0.337924599647522 -0.9383800625801086 0.07245548814535141 1.2993159294128418 0.17130081355571747 0.01437599491328001 0.9851138591766357 14.00692081451416 0.0 0.0 0.0 1.0
-0.9512632489204407 0.2852088212966919 0.11727829277515411 -0.24571067094802856 -0.28094565868377686 -0.9583269953727722 0.051757749170064926 1.1198807954788208 0.1271527260541916 0.016286415979266167 0.9917494058609009 13.887492179870605 0.0 0.0 0.0 1.0
-0.9710848331451416 0.22243648767471313 0.08669601380825043 -0.26693645119667053 -0.2181372046470642 -0.9742884039878845 0.05637584999203682 1.3022547960281372 0.09700696915388107 0.03583410754799843 0.9946383833885193 13.652304649353027 0.0 0.0 0.0 1.0
-0.9807130694389343 0.1812814176082611 0.07306815683841705 -0.1853148490190506 -0.1781906932592392 -0.982879638671875 0.046858519315719604 1.2336387634277344 0.08031178265810013 0.03293469548225403 0.9962255358695984 13.544849395751953 0.0 0.0 0.0 1.0
-0.989533543586731 0.1381838321685791 0.04157662019133568 -0.08936181664466858 -0.13630585372447968 -0.9896416664123535 0.04505585506558418 1.3575403690338135 0.04737194627523422 0.038917142897844315 0.9981189370155334 13.500679016113281 0.0 0.0 0.0 1.0
-0.9944552779197693 0.10219373553991318 0.02480197511613369 0.09862577170133591 -0.10118028521537781 -0.994097113609314 0.03915927931666374 1.353793978691101 0.028657404705882072 0.03643267974257469 0.9989251494407654 13.534019470214844 0.0 0.0 0.0 1.0
-0.9980746507644653 0.06058666855096817 0.013274663127958775 0.22270093858242035 -0.06007998436689377 -0.9975542426109314 0.0357205793261528 1.3956218957901 0.01540638692677021 0.03485426306724548 0.9992736577987671 13.616572380065918 0.0 0.0 0.0 1.0
-0.9989662766456604 0.04539844021201134 0.0023033409379422665 0.24920375645160675 -0.04533500596880913 -0.9987164735794067 0.022586524486541748 1.2296011447906494 0.0033257773611694574 0.0224587544798851 0.9997422099113464 13.836567878723145 0.0 0.0 0.0 1.0
-0.9994110465049744 0.030043134465813637 -0.01658388040959835 0.2731179893016815 -0.030391978099942207 -0.999313235282898 0.021199906244874 1.216536283493042 -0.01593557931482792 0.02169143594801426 0.9996377229690552 13.964802742004395 0.0 0.0 0.0 1.0
-0.9993119239807129 0.009025650098919868 -0.0359748899936676 0.2669428586959839 -0.009781653061509132 -0.9997338652610779 0.02089441940188408 1.2073396444320679 -0.03577673062682152 0.021231936290860176 0.9991342425346375 13.981182098388672 0.0 0.0 0.0 1.0
-0.9987581968307495 -0.002504010684788227 -0.049757543951272964 0.3188614547252655 0.00111253815703094 -0.999608039855957 0.027973096817731857 1.201697826385498 -0.0498080849647522 0.027883002534508705 0.9983695149421692 13.74000358581543 0.0 0.0 0.0 1.0
-0.9966242909431458 -0.027884863317012787 -0.07721725106239319 0.2032068967819214 0.02613152377307415 -0.9993793368339539 0.023624837398529053 0.92843097448349 -0.07782810181379318 0.021527281031012535 0.9967343211174011 13.70159912109375 0.0 0.0 0.0 1.0
-0.9911791682243347 -0.06710812449455261 -0.11428214609622955 0.08348491787910461 0.06451307982206345 -0.9975712895393372 0.02626059390604496 0.9206048846244812 -0.11576688289642334 0.018656261265277863 0.993101179599762 13.776611328125 0.0 0.0 0.0 1.0
-0.9844399094581604 -0.10531813651323318 -0.14066338539123535 0.1816062480211258 0.1018945649266243 -0.9943013191223145 0.031343553215265274 0.9591965675354004 -0.1431628316640854 0.016523007303476334 0.9895612001419067 13.784734725952148 0.0 0.0 0.0 1.0
-0.9797317385673523 -0.12737296521663666 -0.15460240840911865 0.2981857657432556 0.1228027492761612 -0.9916723370552063 0.038799550384283066 1.0069400072097778 -0.15825694799423218 0.019027549773454666 0.9872146248817444 13.662809371948242 0.0 0.0 0.0 1.0
-0.9729252457618713 -0.15309065580368042 -0.17314641177654266 0.26986080408096313 0.14784124493598938 -0.9880803823471069 0.04289659112691879 1.025553584098816 -0.1776496320962906 0.01613699644804001 0.9839614629745483 13.62463092803955 0.0 0.0 0.0 1.0
-0.9656798839569092 -0.17759977281093597 -0.18952757120132446 0.17131735384464264 0.17140620946884155 -0.9839950799942017 0.04871995002031326 1.0224955081939697 -0.195146843791008 0.014561670832335949 0.980665922164917 13.413525581359863 0.0 0.0 0.0 1.0
-0.9614306688308716 -0.19101190567016602 -0.19790290296077728 0.1043519452214241 0.18473291397094727 -0.9815213680267334 0.04989508539438248 1.0145654678344727 -0.20377647876739502 0.011411485262215137 0.9789509177207947 13.28836441040039 0.0 0.0 0.0 1.0
-0.954378068447113 -0.20361481606960297 -0.21841146051883698 -0.015903815627098083 0.19604285061359406 -0.9789930582046509 0.05603416636586189 1.0267332792282104 -0.22523267567157745 0.010659776628017426 0.9742466807365417 13.24292278289795 0.0 0.0 0.0 1.0
-0.9485844969749451 -0.219552680850029 -0.22800011932849884 0.03848090395331383 0.21047939360141754 -0.9755215048789978 0.06368805468082428 1.0266025066375732 -0.23640191555023193 0.012424174696207047 0.971575915813446 13.117500305175781 0.0 0.0 0.0 1.0
-0.9441390037536621 -0.22954384982585907 -0.23645542562007904 0.19940908253192902 0.22039534151554108 -0.9732561111450195 0.06479499489068985 0.9236684441566467 -0.24500498175621033 0.009061808697879314 0.9694794416427612 13.089105606079102 0.0 0.0 0.0 1.0
-0.9411742687225342 -0.23128917813301086 -0.24636617302894592 0.33343106508255005 0.22323837876319885 -0.9728830456733704 0.06052416190505028 0.8458964228630066 -0.25368407368659973 0.0019653986673802137 0.96728515625 13.30063533782959 0.0 0.0 0.0 1.0
-0.9352639317512512 -0.2388269454240799 -0.26123368740081787 0.5077403783798218 0.23083487153053284 -0.9710577130317688 0.061336714774370193 0.9225848317146301 -0.2683218717575073 -0.0029358291067183018 0.9633248448371887 13.519530296325684 0.0 0.0 0.0 1.0
-0.9268191456794739 -0.25855812430381775 -0.272312194108963 0.7318124771118164 0.2518361508846283 -0.9659085869789124 0.059993430972099304 1.073898434638977 -0.2785404622554779 -0.012974992394447327 0.9603368639945984 13.709818840026855 0.0 0.0 0.0 1.0
-0.9165830016136169 -0.2802566587924957 -0.28518736362457275 0.8560870289802551 0.27405092120170593 -0.9596944451332092 0.062311168760061264 1.2169231176376343 -0.2911558449268341 -0.02104250341653824 0.9564442038536072 13.871530532836914 0.0 0.0 0.0 1.0
-0.9079540967941284 -0.299043744802475 -0.2935851514339447 0.9262163639068604 0.2937227189540863 -0.9538019895553589 0.06315642595291138 1.3593944311141968 -0.29890862107276917 -0.02888948656618595 0.9538443684577942 13.975698471069336 0.0 0.0 0.0 1.0
-0.8956156373023987 -0.3247644901275635 -0.30397483706474304 0.9656638503074646 0.3196941316127777 -0.9450920224189758 0.06779924035072327 1.513370156288147 -0.3093029856681824 -0.036456916481256485 0.9502644538879395 13.985199928283691 0.0 0.0 0.0 1.0
-0.8794493079185486 -0.3503221869468689 -0.32224729657173157 0.942059338092804 0.3461611270904541 -0.9353946447372437 0.0721755176782608 1.6335119009017944 -0.32671308517456055 -0.04807477816939354 0.9439001083374023 14.112259864807129 0.0 0.0 0.0 1.0
-0.8690736293792725 -0.36369043588638306 -0.3353211283683777 0.9680750370025635 0.3623947203159332 -0.9294766187667847 0.06887152791023254 1.6730291843414307 -0.3367210626602173 -0.061664171516895294 0.9395831227302551 14.264039039611816 0.0 0.0 0.0 1.0
-0.8544579148292542 -0.38392648100852966 -0.35000306367874146 1.1243411302566528 0.38627052307128906 -0.9200082421302795 0.0661812499165535 1.7914535999298096 -0.34741443395614624 -0.07864677160978317 0.9344077706336975 14.325284004211426 0.0 0.0 0.0 1.0
-0.8422539234161377 -0.40151432156562805 -0.3597145080566406 1.2717174291610718 0.40644076466560364 -0.9113220572471619 0.0655590072274208 1.9168376922607422 -0.35413864254951477 -0.09098530560731888 0.9307563900947571 14.155646324157715 0.0 0.0 0.0 1.0
-0.821134626865387 -0.42890167236328125 -0.37653848528862 1.4118834733963013 0.4354444444179535 -0.8972929120063782 0.07248109579086304 1.9922856092453003 -0.36895260214805603 -0.10444486141204834 0.923561155796051 13.855554580688477 0.0 0.0 0.0 1.0
-0.8066076040267944 -0.4468145966529846 -0.3869636058807373 1.5111145973205566 0.4548446536064148 -0.8872860670089722 0.07641855627298355 2.0373430252075195 -0.37749233841896057 -0.11436854302883148 0.9189229607582092 13.54260540008545 0.0 0.0 0.0 1.0
-0.7875062823295593 -0.46742501854896545 -0.4016810655593872 1.5390326976776123 0.4770016074180603 -0.8749737739562988 0.08300831913948059 2.0848171710968018 -0.3902605473995209 -0.12623293697834015 0.9120098352432251 13.113127708435059 0.0 0.0 0.0 1.0
-0.7576401829719543 -0.4949643611907959 -0.42543110251426697 1.2386579513549805 0.5050108432769775 -0.8574984073638916 0.09828772395849228 2.1528890132904053 -0.41345542669296265 -0.1403806060552597 0.8996376395225525 12.99913215637207 0.0 0.0 0.0 1.0
-0.7210780382156372 -0.5273865461349487 -0.44934380054473877 0.966484546661377 0.5326106548309326 -0.8367246389389038 0.12734895944595337 2.176443099975586 -0.4431391656398773 -0.14749675989151 0.8842355012893677 12.834925651550293 0.0 0.0 0.0 1.0
-0.6972224116325378 -0.5462828278541565 -0.46417236328125 0.890791654586792 0.5508894920349121 -0.822636067867279 0.1406792551279068 2.179016590118408 -0.45869559049606323 -0.15762296319007874 0.8745017647743225 12.850805282592773 0.0 0.0 0.0 1.0
-0.6568611264228821 -0.577811062335968 -0.48442527651786804 0.7415040135383606 0.5802605748176575 -0.7976280450820923 0.16458196938037872 2.211923837661743 -0.481488436460495 -0.17298537492752075 0.859211802482605 12.952916145324707 0.0 0.0 0.0 1.0
-0.6202226281166077 -0.6045741438865662 -0.499813973903656 0.7145360708236694 0.606516420841217 -0.773675262928009 0.18320593237876892 2.1300206184387207 -0.49745526909828186 -0.18951690196990967 0.8465350270271301 12.970475196838379 0.0 0.0 0.0 1.0
-0.6005783677101135 -0.6171668171882629 -0.5083411335945129 0.7807390689849854 0.619795024394989 -0.760999858379364 0.19165942072868347 1.9691193103790283 -0.5051333904266357 -0.19996081292629242 0.8395569920539856 12.981586456298828 0.0 0.0 0.0 1.0
-0.5797188878059387 -0.6293781399726868 -0.5175027847290039 0.8746540546417236 0.63427734375 -0.7472513318061829 0.19826187193393707 1.829149603843689 -0.5114863514900208 -0.21330413222312927 0.8323959708213806 13.026273727416992 0.0 0.0 0.0 1.0
-0.558322548866272 -0.643043041229248 -0.5241865515708923 0.9548416137695312 0.6485477685928345 -0.7323203682899475 0.20758765935897827 1.7942161560058594 -0.517360270023346 -0.22405913472175598 0.8259151577949524 12.974549293518066 0.0 0.0 0.0 1.0
-0.5354597568511963 -0.6559322476387024 -0.5320109724998474 0.9886347651481628 0.6612371206283569 -0.7174761295318604 0.21907414495944977 1.8960860967636108 -0.5254029631614685 -0.23448003828525543 0.817906379699707 12.884708404541016 0.0 0.0 0.0 1.0
-0.5097663402557373 -0.6694048047065735 -0.5404031276702881 0.8842753171920776 0.6705012321472168 -0.7027090787887573 0.23796658217906952 1.892902135848999 -0.5390421152114868 -0.24103358387947083 0.8070541620254517 12.878726959228516 0.0 0.0 0.0 1.0
-0.4661261737346649 -0.6889963746070862 -0.554986834526062 0.7868518829345703 0.6881259679794312 -0.6766184568405151 0.26204973459243774 1.9795334339141846 -0.5560656785964966 -0.25975263118743896 0.7895058989524841 12.937734603881836 0.0 0.0 0.0 1.0
-0.42301255464553833 -0.7047985792160034 -0.5694904327392578 0.747931957244873 0.7066636085510254 -0.6499938368797302 0.2795255780220032 2.0187039375305176 -0.56717449426651 -0.28419533371925354 0.7730110287666321 13.090537071228027 0.0 0.0 0.0 1.0
-0.3924071788787842 -0.71629798412323 -0.5770041346549988 0.8433237671852112 0.7199695110321045 -0.629604697227478 0.2919621169567108 2.0716896057128906 -0.5724164247512817 -0.3008573651313782 0.7627741098403931 13.169249534606934 0.0 0.0 0.0 1.0
-0.357577919960022 -0.7259950041770935 -0.587425947189331 0.9474445581436157 0.7331156134605408 -0.6078754663467407 0.30500632524490356 2.1255505084991455 -0.5785149335861206 -0.32158762216567993 0.7496011853218079 13.341531753540039 0.0 0.0 0.0 1.0
-0.3217601180076599 -0.734792172908783 -0.5971188545227051 0.9368754625320435 0.7381866574287415 -0.5896114110946655 0.3277786672115326 2.169213056564331 -0.5929173231124878 -0.33531907200813293 0.7321271896362305 13.40042781829834 0.0 0.0 0.0 1.0
-0.2905789017677307 -0.7402559518814087 -0.6062878966331482 0.9003771543502808 0.7453581094741821 -0.5724384188652039 0.341695100069046 2.2039620876312256 -0.6000043153762817 -0.3526122272014618 0.7180943489074707 13.450240135192871 0.0 0.0 0.0 1.0
-0.2634596824645996 -0.7464748620986938 -0.6110354065895081 0.8245330452919006 0.7511761784553528 -0.556161642074585 0.3555539548397064 2.2685928344726562 -0.6052465438842773 -0.3653211295604706 0.707260251045227 13.469832420349121 0.0 0.0 0.0 1.0
-0.2237277328968048 -0.7521158456802368 -0.6198932528495789 0.7115693688392639 0.7573854923248291 -0.5344664454460144 0.37511709332466125 2.2849740982055664 -0.6134436726570129 -0.385574072599411 0.6892166137695312 13.583850860595703 0.0 0.0 0.0 1.0
-0.18746738135814667 -0.756480872631073 -0.6265721917152405 0.6514904499053955 0.7620168924331665 -0.5145146250724792 0.3931983709335327 2.2595207691192627 -0.6198275685310364 -0.40374669432640076 0.6729059219360352 13.704242706298828 0.0 0.0 0.0 1.0
-0.15279600024223328 -0.7541653513908386 -0.6386610865592957 0.6607158184051514 0.7650158405303955 -0.49937519431114197 0.4066634476184845 2.078859567642212 -0.6256229877471924 -0.4264492988586426 0.6532509922981262 13.869112968444824 0.0 0.0 0.0 1.0
-0.12684158980846405 -0.7503209114074707 -0.6487910151481628 0.648291289806366 0.7686336636543274 -0.48778411746025085 0.41384655237197876 1.8868796825408936 -0.626987636089325 -0.44618964195251465 0.6385931968688965 13.962777137756348 0.0 0.0 0.0 1.0
-0.0918089896440506 -0.7452314496040344 -0.6604552865028381 0.6233981251716614 0.7703965902328491 -0.4733944237232208 0.42706766724586487 1.6095314025878906 -0.6309201121330261 -0.46960386633872986 0.6175856590270996 14.0181884765625 0.0 0.0 0.0 1.0
-0.06585086137056351 -0.7381566166877747 -0.6714078783988953 0.6844903230667114 0.7746806144714355 -0.46191713213920593 0.43185940384864807 1.5348812341690063 -0.6289146542549133 -0.4916883111000061 0.602253258228302 14.071885108947754 0.0 0.0 0.0 1.0
-0.035932496190071106 -0.7392499446868896 -0.6724718809127808 0.6886739730834961 0.7789559960365295 -0.44226235151290894 0.4445577561855316 1.5696073770523071 -0.6260482668876648 -0.5078518986701965 0.5917347073554993 13.908601760864258 0.0 0.0 0.0 1.0
0.0005289207911118865 -0.7379910349845886 -0.6748102903366089 0.6305644512176514 0.7832930684089661 -0.41919177770614624 0.45905357599258423 1.5927348136901855 -0.621652364730835 -0.5288170576095581 0.577841579914093 13.646123886108398 0.0 0.0 0.0 1.0
0.03571044281125069 -0.7367591261863708 -0.6752116680145264 0.6081235408782959 0.783572256565094 -0.39870861172676086 0.4764934480190277 1.7099504470825195 -0.6202735900878906 -0.5460928678512573 0.5630659461021423 13.427115440368652 0.0 0.0 0.0 1.0
0.06882693618535995 -0.7391502261161804 -0.6700147986412048 0.5828559994697571 0.7875311970710754 -0.3720279633998871 0.4913143813610077 1.8690820932388306 -0.6124193668365479 -0.5614731907844543 0.5564982891082764 13.137508392333984 0.0 0.0 0.0 1.0
0.09381578862667084 -0.7394809126853943 -0.6666082739830017 0.5564640164375305 0.7840167880058289 -0.35779494047164917 0.5072479844093323 1.8889447450637817 -0.613609254360199 -0.5702199339866638 0.5461986064910889 13.116005897521973 0.0 0.0 0.0 1.0
0.11984976381063461 -0.7383993268013 -0.6636282205581665 0.5752683281898499 0.7799860835075378 -0.343517005443573 0.5230848789215088 1.8943967819213867 -0.6142131090164185 -0.5803123712539673 0.5347707867622375 13.187421798706055 0.0 0.0 0.0 1.0
0.1515655517578125 -0.7411537170410156 -0.65400230884552 0.4601132571697235 0.7717320919036865 -0.32469412684440613 0.5468119382858276 1.9745872020721436 -0.617622435092926 -0.5875924229621887 0.5227596759796143 13.18498706817627 0.0 0.0 0.0 1.0
0.16972185671329498 -0.7393559813499451 -0.6515728831291199 0.547173798084259 0.7721808552742004 -0.3110310733318329 0.5540725588798523 1.916053295135498 -0.6123163104057312 -0.597170352935791 0.5181277394294739 13.136323928833008 0.0 0.0 0.0 1.0
0.18921078741550446 -0.7376946806907654 -0.6480785608291626 0.516960084438324 0.7672044038772583 -0.30086609721183777 0.5664600729942322 1.8581396341323853 -0.6128594875335693 -0.6043890714645386 0.5090354681015015 13.114027976989746 0.0 0.0 0.0 1.0
0.2198566198348999 -0.7368835806846619 -0.6392695903778076 0.6143723726272583 0.7626380920410156 -0.27879905700683594 0.5836558938026428 1.8521323204040527 -0.6083142161369324 -0.6158519983291626 0.5006796717643738 13.149893760681152 0.0 0.0 0.0 1.0
0.23294641077518463 -0.7385243773460388 -0.6327067017555237 0.8465369343757629 0.7609903216362 -0.26665520668029785 0.5914294123649597 1.7503037452697754 -0.6054995656013489 -0.619255006313324 0.49989351630210876 13.06026554107666 0.0 0.0 0.0 1.0
0.249649778008461 -0.7369461059570312 -0.6281603574752808 0.8827888369560242 0.7524397373199463 -0.26068833470344543 0.6048768758773804 1.6413544416427612 -0.6095157861709595 -0.623660147190094 0.48942673206329346 13.202795028686523 0.0 0.0 0.0 1.0
0.2703947424888611 -0.7302658557891846 -0.6273742318153381 1.0928677320480347 0.7497909665107727 -0.24902735650539398 0.6130244135856628 1.5794310569763184 -0.603904128074646 -0.6361581087112427 0.4802110493183136 13.333175659179688 0.0 0.0 0.0 1.0
0.2973196506500244 -0.7293335199356079 -0.6161766052246094 1.094911813735962 0.7335903644561768 -0.23855993151664734 0.6363444924354553 1.5462483167648315 -0.6111024618148804 -0.6412189602851868 0.4641035199165344 13.576650619506836 0.0 0.0 0.0 1.0
0.33428502082824707 -0.7181793451309204 -0.6103047728538513 1.2906174659729004 0.7238853573799133 -0.2190217226743698 0.6542319655418396 1.698512315750122 -0.6035259366035461 -0.6604906320571899 0.44666385650634766 13.985052108764648 0.0 0.0 0.0 1.0
0.36729803681373596 -0.7119714021682739 -0.5984888672828674 1.3109136819839478 0.7127808928489685 -0.1979159265756607 0.6728838682174683 1.905023217201233 -0.5975245237350464 -0.6737403273582458 0.4347854554653168 14.100553512573242 0.0 0.0 0.0 1.0
0.4085886776447296 -0.7019700407981873 -0.5833466649055481 1.359581470489502 0.7009644508361816 -0.16799546778202057 0.6931279897689819 2.073551654815674 -0.5845546722412109 -0.6921095252037048 0.4234149754047394 14.092156410217285 0.0 0.0 0.0 1.0
0.44579023122787476 -0.6864160895347595 -0.574546754360199 1.2746354341506958 0.6867780089378357 -0.14939141273498535 0.7113495469093323 2.0479001998901367 -0.5741141438484192 -0.7116987705230713 0.40481823682785034 14.176109313964844 0.0 0.0 0.0 1.0
0.4795810878276825 -0.6715635657310486 -0.56480473279953 1.1895695924758911 0.6714897155761719 -0.13349027931690216 0.7288908362388611 2.0151240825653076 -0.5648924708366394 -0.7288228273391724 0.38692861795425415 14.21854019165039 0.0 0.0 0.0 1.0
0.5060304403305054 -0.6585126519203186 -0.5570406317710876 1.0741605758666992 0.6613252758979797 -0.11837196350097656 0.7407003045082092 2.021242141723633 -0.5536985397338867 -0.7432019710540771 0.3755912780761719 14.208945274353027 0.0 0.0 0.0 1.0
0.5407750606536865 -0.6424936056137085 -0.5429220199584961 0.8654676675796509 0.6439723968505859 -0.09902574121952057 0.758612871170044 2.0018928050994873 -0.541167140007019 -0.7598657011985779 0.3601974844932556 14.16810417175293 0.0 0.0 0.0 1.0
0.5730317234992981 -0.6280745267868042 -0.5264570713043213 0.6448501348495483 0.6228955388069153 -0.08366672694683075 0.7778180837631226 1.969497561454773 -0.5325747132301331 -0.7736421823501587 0.3432811498641968 14.158385276794434 0.0 0.0 0.0 1.0
0.5932486653327942 -0.6159308552742004 -0.5183485150337219 0.628452718257904 0.6118037104606628 -0.0735333114862442 0.7875843048095703 1.8748705387115479 -0.5232133865356445 -0.784360945224762 0.3332052230834961 14.102155685424805 0.0 0.0 0.0 1.0
0.618362307548523 -0.5977756381034851 -0.5101885199546814 0.5608293414115906 0.598281741142273 -0.0628848746418953 0.7988143563270569 1.6926180124282837 -0.5095949172973633 -0.7991932034492493 0.318752646446228 14.25111198425293 0.0 0.0 0.0 1.0
0.6497480273246765 -0.5746983885765076 -0.49754324555397034 0.5397742986679077 0.5772833824157715 -0.05277172103524208 0.8148368000984192 1.538015365600586 -0.49454164505004883 -0.8166620135307312 0.29747551679611206 14.303812980651855 0.0 0.0 0.0 1.0
0.6756618022918701 -0.5553365349769592 -0.48485302925109863 0.5479674339294434 0.5666380524635315 -0.0295149814337492 0.8234380483627319 1.6719248294830322 -0.4715956747531891 -0.8311017751693726 0.2947326600551605 14.172492027282715 0.0 0.0 0.0 1.0
0.70075523853302 -0.5398762822151184 -0.4663429260253906 0.5017684102058411 0.5505617260932922 -0.006445756647735834 0.834769606590271 1.7526369094848633 -0.4536782205104828 -0.8417196869850159 0.2927182912826538 13.851664543151855 0.0 0.0 0.0 1.0
0.7266101241111755 -0.5133367776870728 -0.45664334297180176 0.49921849370002747 0.5394448637962341 0.014651283621788025 0.8418934345245361 1.6400902271270752 -0.42548444867134094 -0.858062207698822 0.28756263852119446 13.379393577575684 0.0 0.0 0.0 1.0
0.7526549696922302 -0.4861104190349579 -0.444080114364624 0.5268638134002686 0.523253321647644 0.03222506120800972 0.8515676856040955 1.4826003313064575 -0.3996453881263733 -0.8733030557632446 0.27861323952674866 13.081048965454102 0.0 0.0 0.0 1.0
0.7684621810913086 -0.46785861253738403 -0.43654805421829224 0.5365989804267883 0.515443742275238 0.048317763954401016 0.8555601239204407 1.4274455308914185 -0.3791881501674652 -0.882481575012207 0.2782851457595825 12.973217010498047 0.0 0.0 0.0 1.0
0.7919934391975403 -0.45307302474975586 -0.40923255681991577 0.3949541747570038 0.48757311701774597 0.06595397740602493 0.8705874681472778 1.3504360914230347 -0.36744916439056396 -0.8890303373336792 0.27314135432243347 12.867060661315918 0.0 0.0 0.0 1.0
0.8142414689064026 -0.4355480670928955 -0.3838081657886505 0.36513441801071167 0.46037280559539795 0.08170002698898315 0.8839581608772278 1.2543691396713257 -0.3536491096019745 -0.8964502215385437 0.2670380473136902 12.789898872375488 0.0 0.0 0.0 1.0
0.8370180726051331 -0.4093911349773407 -0.3630422055721283 0.32852426171302795 0.4370118975639343 0.1009000837802887 0.893778383731842 1.1928203105926514 -0.32927393913269043 -0.906762421131134 0.2633639872074127 12.822826385498047 0.0 0.0 0.0 1.0
0.8580656051635742 -0.3863217234611511 -0.3383473753929138 0.08512956649065018 0.40712210536003113 0.1101558580994606 0.9067068099975586 1.183716058731079 -0.3130096197128296 -0.9157626628875732 0.251801073551178 12.979545593261719 0.0 0.0 0.0 1.0
0.8826383948326111 -0.3559427261352539 -0.30700844526290894 -0.1958017796278 0.37091535329818726 0.12620149552822113 0.920051634311676 1.376501202583313 -0.28874075412750244 -0.9259470701217651 0.24341490864753723 13.264205932617188 0.0 0.0 0.0 1.0
0.9017618298530579 -0.3301459848880768 -0.27897897362709045 -0.2720424234867096 0.341945081949234 0.15010672807693481 0.9276537895202637 1.5916870832443237 -0.26438453793525696 -0.9319182634353638 0.24825231730937958 13.395696640014648 0.0 0.0 0.0 1.0
0.9127568006515503 -0.306284636259079 -0.27030500769615173 0.0971926599740982 0.33112820982933044 0.16723453998565674 0.9286478161811829 1.5704009532928467 -0.23922620713710785 -0.9371351599693298 0.2540639340877533 13.462778091430664 0.0 0.0 0.0 1.0
0.9198151230812073 -0.2922508418560028 -0.26178160309791565 0.15979625284671783 0.3193788230419159 0.17016325891017914 0.9322240352630615 1.453330636024475 -0.22789764404296875 -0.9410812258720398 0.24985745549201965 13.635930061340332 0.0 0.0 0.0 1.0
0.9362010359764099 -0.26276475191116333 -0.2334144562482834 0.02201829105615616 0.2835625112056732 0.1723278909921646 0.9433426856994629 1.3960548639297485 -0.20765337347984314 -0.9493460059165955 0.23584377765655518 13.841991424560547 0.0 0.0 0.0 1.0
0.950291097164154 -0.23640534281730652 -0.20263095200061798 -0.17521372437477112 0.24709126353263855 0.17660032212734222 0.9527634978294373 1.3905960321426392 -0.18945367634296417 -0.9554709792137146 0.22623541951179504 13.998130798339844 0.0 0.0 0.0 1.0
0.9621224999427795 -0.2087283879518509 -0.17536461353302002 -0.30862849950790405 0.21369312703609467 0.1779959797859192 0.9605481028556824 1.477210283279419 -0.16927947103977203 -0.9616391658782959 0.21585775911808014 14.123087882995605 0.0 0.0 0.0 1.0
0.9747554659843445 -0.17166726291179657 -0.14276614785194397 -0.2983938455581665 0.17479118704795837 0.18885570764541626 0.966323733329773 1.632942795753479 -0.13892395794391632 -0.9668835997581482 0.21409405767917633 14.139269828796387 0.0 0.0 0.0 1.0
0.9844152331352234 -0.13181498646736145 -0.11641069501638412 -0.11399982869625092 0.1411571055650711 0.1974562257528305 0.970095694065094 1.7653988599777222 -0.10488713532686234 -0.9714092016220093 0.2129855453968048 14.178339958190918 0.0 0.0 0.0 1.0
0.9905974268913269 -0.10075967758893967 -0.09254338592290878 0.008742175064980984 0.11169024556875229 0.20497630536556244 0.972373366355896 1.7609708309173584 -0.07900682836771011 -0.9735667705535889 0.21430286765098572 14.107453346252441 0.0 0.0 0.0 1.0
0.9935974478721619 -0.08364132046699524 -0.07594864815473557 0.09943731874227524 0.09162747114896774 0.20330442488193512 0.9748188257217407 1.6554535627365112 -0.06609443575143814 -0.9755364656448364 0.20966660976409912 14.11034870147705 0.0 0.0 0.0 1.0
0.9963508248329163 -0.06720173358917236 -0.052620675414800644 0.09340190142393112 0.06511833518743515 0.1999438852071762 0.9776410460472107 1.4992594718933105 -0.05517799034714699 -0.9775000810623169 0.20359033346176147 14.191100120544434 0.0 0.0 0.0 1.0
0.9986046552658081 -0.046323344111442566 -0.02535572275519371 -0.044326052069664 0.03383701294660568 0.19264166057109833 0.9806855916976929 1.3164829015731812 -0.040544070303440094 -0.9801751375198364 0.19394029676914215 14.37339973449707 0.0 0.0 0.0 1.0
0.9995136857032776 -0.031182589009404182 -0.00024435887462459505 -0.19320857524871826 0.006175694055855274 0.19026002287864685 0.9817143082618713 1.2740219831466675 -0.030565902590751648 -0.9812383651733398 0.19036006927490234 14.481242179870605 0.0 0.0 0.0 1.0
0.9996787905693054 -0.017035946249961853 0.018765581771731377 -0.2556843161582947 -0.015223921276628971 0.1883378028869629 0.9819862842559814 1.2636241912841797 -0.02026333473622799 -0.9819565415382385 0.18801794946193695 14.608797073364258 0.0 0.0 0.0 1.0
0.9992974996566772 0.0016112853772938251 0.03744248300790787 -0.2511410415172577 -0.03710886090993881 0.1822579801082611 0.9825502038002014 1.2367722988128662 -0.005241022910922766 -0.9832494258880615 0.1821897327899933 14.76179313659668 0.0 0.0 0.0 1.0
0.997623085975647 0.02560875006020069 0.0639718770980835 -0.41986340284347534 -0.06754830479621887 0.17997945845127106 0.9813483953475952 1.3116637468338013 0.013617480173707008 -0.9833369851112366 0.18128149211406708 14.820629119873047 0.0 0.0 0.0 1.0
0.9960999488830566 0.04485897719860077 0.07597765326499939 -0.38486146926879883 -0.08282999694347382 0.17874325811862946 0.9804030060768127 1.3220925331115723 0.0303993821144104 -0.9828726053237915 0.18176181614398956 14.709115028381348 0.0 0.0 0.0 1.0
0.9941219687461853 0.06718172878026962 0.08490071445703506 -0.3148837983608246 -0.09567085653543472 0.178020179271698 0.9793650507926941 1.3816577196121216 0.05068139731884003 -0.9817308187484741 0.18340110778808594 14.544493675231934 0.0 0.0 0.0 1.0
0.992245614528656 0.0852082371711731 0.09048854559659958 -0.09982277452945709 -0.10478176921606064 0.18186435103416443 0.9777249693870544 1.2915925979614258 0.0668535828590393 -0.97962486743927 0.1893823742866516 14.279004096984863 0.0 0.0 0.0 1.0
0.9894254803657532 0.10261036455631256 0.10251004248857498 -0.021596040576696396 -0.12061507254838943 0.1895560324192047 0.974433422088623 1.0991401672363281 0.08055557310581207 -0.9764935374259949 0.1999279409646988 14.085363388061523 0.0 0.0 0.0 1.0
0.9860919713973999 0.12411040812730789 0.11054088175296783 0.0648254007101059 -0.13228701055049896 0.18347547948360443 0.9740825891494751 0.7279353141784668 0.10061224550008774 -0.9751580953598022 0.1973418891429901 13.879984855651855 0.0 0.0 0.0 1.0
0.9841552376747131 0.1350136399269104 0.11493396013975143 0.17121034860610962 -0.13725051283836365 0.16970793902873993 0.9758901000022888 0.40779954195022583 0.11225327849388123 -0.9762020707130432 0.18554964661598206 13.828956604003906 0.0 0.0 0.0 1.0
0.9801676273345947 0.14127475023269653 0.13897064328193665 0.15243709087371826 -0.16146984696388245 0.16279958188533783 0.9733569622039795 0.4802647531032562 0.11488640308380127 -0.9764925837516785 0.1823824942111969 13.831482887268066 0.0 0.0 0.0 1.0
0.9791648387908936 0.1451299637556076 0.14203345775604248 0.3547963500022888 -0.16564488410949707 0.16624292731285095 0.9720725417137146 0.6179090738296509 0.11746479570865631 -0.9753463864326477 0.18681927025318146 13.60018539428711 0.0 0.0 0.0 1.0
0.9774773716926575 0.15186811983585358 0.1465403288602829 0.4982643127441406 -0.1723550409078598 0.17376622557640076 0.9695870280265808 0.8567283153533936 0.12178561091423035 -0.9730063676834106 0.19602778553962708 13.464585304260254 0.0 0.0 0.0 1.0
0.975751519203186 0.15730108320713043 0.1522015482187271 0.5106311440467834 -0.18068701028823853 0.18640974164009094 0.9657140374183655 1.0342777967453003 0.12353601306676865 -0.9697977900505066 0.21031184494495392 13.180632591247559 0.0 0.0 0.0 1.0
0.9722089171409607 0.16984952986240387 0.16112390160560608 0.3373926281929016 -0.19351719319820404 0.19568689167499542 0.9613832235336304 1.0709102153778076 0.13176065683364868 -0.9658456444740295 0.22311735153198242 13.040398597717285 0.0 0.0 0.0 1.0
0.9692286252975464 0.17992131412029266 0.16800063848495483 0.2533818483352661 -0.20380432903766632 0.20375564694404602 0.9575737118721008 1.0170902013778687 0.13805684447288513 -0.9623470902442932 0.23415453732013702 12.914405822753906 0.0 0.0 0.0 1.0
0.9619053602218628 0.20076671242713928 0.18555554747581482 0.2330549955368042 -0.2270764410495758 0.20879949629306793 0.9512302875518799 0.9574373960494995 0.15223146975040436 -0.9571287631988525 0.24643473327159882 12.861119270324707 0.0 0.0 0.0 1.0
0.9553846120834351 0.21963050961494446 0.19749099016189575 0.5121762156486511 -0.243415966629982 0.2067432850599289 0.9476317167282104 0.8057620525360107 0.16729891300201416 -0.9534252285957336 0.2509809136390686 12.8422269821167 0.0 0.0 0.0 1.0
0.9470455646514893 0.24052828550338745 0.21272237598896027 0.7758846282958984 -0.26370158791542053 0.2046068161725998 0.9426544904708862 0.8304200172424316 0.18321062624454498 -0.9488320350646973 0.2571996748447418 13.004676818847656 0.0 0.0 0.0 1.0
0.9374790191650391 0.2605707347393036 0.23072917759418488 0.9757844805717468 -0.28612831234931946 0.1995837241411209 0.9371749758720398 0.89424067735672 0.19815057516098022 -0.9446000456809998 0.26166221499443054 13.163368225097656 0.0 0.0 0.0 1.0
0.9185620546340942 0.2911362946033478 0.26736393570899963 0.9537093639373779 -0.32900679111480713 0.1882297396659851 0.9253777861595154 1.1551815271377563 0.2190852165222168 -0.9379814863204956 0.2686865031719208 13.448495864868164 0.0 0.0 0.0 1.0
0.887129008769989 0.3494834005832672 0.3014356195926666 1.015051245689392 -0.3758765459060669 0.168120339512825 0.9112915992736816 1.6862841844558716 0.2678038477897644 -0.9217358231544495 0.28050705790519714 13.571691513061523 0.0 0.0 0.0 1.0
0.8671006560325623 0.3811998665332794 0.32066047191619873 1.0852797031402588 -0.4011021852493286 0.15258066356182098 0.9032365083694458 1.9972026348114014 0.29538702964782715 -0.9118145704269409 0.28520289063453674 13.557726860046387 0.0 0.0 0.0 1.0
0.8388794660568237 0.41593804955482483 0.35110798478126526 1.02411687374115 -0.44050997495651245 0.1398707628250122 0.8867847323417664 2.278348922729492 0.3197377622127533 -0.8985720276832581 0.3005595803260803 13.465991973876953 0.0 0.0 0.0 1.0
0.8166329264640808 0.44209396839141846 0.37103044986724854 0.9449259638786316 -0.4661957919597626 0.12628144025802612 0.8756223320960999 2.238983154296875 0.3402531147003174 -0.8880348801612854 0.30922794342041016 13.28436279296875 0.0 0.0 0.0 1.0
0.7920985817909241 0.4632241129875183 0.3974962830543518 0.7416784763336182 -0.4939669370651245 0.10390637814998627 0.8632497787475586 1.981667160987854 0.358575701713562 -0.8801289200782776 0.31112149357795715 13.352587699890137 0.0 0.0 0.0 1.0
0.7730913162231445 0.479011595249176 0.41578561067581177 0.5753145217895508 -0.5110142827033997 0.08203181624412537 0.8556489944458008 1.7655502557754517 0.3757581412792206 -0.873967170715332 0.30819985270500183 13.47503662109375 0.0 0.0 0.0 1.0
0.744958221912384 0.49996882677078247 0.44166553020477295 0.29654860496520996 -0.5363343358039856 0.05515391752123833 0.8422015905380249 1.6178810596466064 0.3967149555683136 -0.8642853498458862 0.3092378079891205 13.687163352966309 0.0 0.0 0.0 1.0
0.7166538238525391 0.5223871469497681 0.4620811641216278 0.13226424157619476 -0.557174801826477 0.030336787924170494 0.829840898513794 1.585695505142212 0.41948017477989197 -0.852168619632721 0.31280189752578735 13.83725357055664 0.0 0.0 0.0 1.0
0.6891520619392395 0.5438273549079895 0.47887495160102844 0.09530806541442871 -0.5750641822814941 0.00837702676653862 0.8180654048919678 1.6018275022506714 0.44087478518486023 -0.8391553163528442 0.31850868463516235 13.94669246673584 0.0 0.0 0.0 1.0
0.6668912172317505 0.5587174892425537 0.4930424392223358 0.009708731435239315 -0.5899468660354614 -0.008325589820742607 0.8073991537094116 1.5479867458343506 0.45521289110183716 -0.829316258430481 0.3240613639354706 14.097882270812988 0.0 0.0 0.0 1.0
0.6312673687934875 0.5807219743728638 0.514065682888031 -0.09652929753065109 -0.6158649325370789 -0.0275258868932724 0.7873707413673401 1.4465121030807495 0.4713936150074005 -0.8136364817619324 0.34027010202407837 14.155216217041016 0.0 0.0 0.0 1.0
0.600075900554657 0.593892514705658 0.535910964012146 -0.015843825414776802 -0.6284305453300476 -0.06452987343072891 0.7751844525337219 1.1968276500701904 0.4949585199356079 -0.8019523620605469 0.3344973921775818 14.187787055969238 0.0 0.0 0.0 1.0
0.5760613679885864 0.6096504330635071 0.5444994568824768 0.0664404034614563 -0.6371094584465027 -0.08244658261537552 0.7663511633872986 1.057288408279419 0.5120983719825745 -0.7883710861206055 0.34091976284980774 14.030890464782715 0.0 0.0 0.0 1.0
0.5387809872627258 0.6205250024795532 0.5697927474975586 0.029664313420653343 -0.6597359776496887 -0.10982239991426468 0.7434295415878296 0.9191150665283203 0.5238926410675049 -0.7764584422111511 0.3502124547958374 13.979387283325195 0.0 0.0 0.0 1.0
0.5016615986824036 0.6415726542472839 0.5802759528160095 0.15836144983768463 -0.6706653237342834 -0.1352369487285614 0.7293277978897095 1.0971364974975586 0.546391487121582 -0.7550466656684875 0.36243733763694763 13.70327091217041 0.0 0.0 0.0 1.0
