-0.2675236165523529 0.7002661824226379 0.6618597507476807 -0.18354661762714386 -0.6792039275169373 -0.6242715120315552 0.385962575674057 1.663389801979065 0.6834567189216614 -0.3462836742401123 0.642630934715271 14.085027694702148 0.0 0.0 0.0 1.0
-0.26679590344429016 0.7002842426300049 0.6621343493461609 -0.21066902577877045 -0.679125189781189 -0.6240857243537903 0.38640132546424866 1.6667991876602173 0.6838194131851196 -0.3465818166732788 0.6420841813087463 14.09261417388916 0.0 0.0 0.0 1.0
-0.2641221582889557 0.7001794576644897 0.6633160710334778 -0.2867812216281891 -0.6786338686943054 -0.6236039400100708 0.38803890347480774 1.6724698543548584 0.6853433847427368 -0.34765908122062683 0.6398731470108032 14.103554725646973 0.0 0.0 0.0 1.0
-0.2582781910896301 0.7000011205673218 0.6658008694648743 -0.45968925952911377 -0.6778463125228882 -0.6223675608634949 0.39138591289520264 1.5781420469284058 0.6883434653282166 -0.35022422671318054 0.6352372169494629 14.153234481811523 0.0 0.0 0.0 1.0
-0.25249409675598145 0.6998738050460815 0.6681492328643799 -0.632912278175354 -0.6769900321960449 -0.6211422085762024 0.3947997987270355 1.495658278465271 0.6913257241249084 -0.35264575481414795 0.630642294883728 14.203400611877441 0.0 0.0 0.0 1.0
-0.24302947521209717 0.6999488472938538 0.6715714931488037 -0.7714326977729797 -0.6767147183418274 -0.6183645129203796 0.3996029496192932 1.5146064758300781 0.6949775815010071 -0.3573470115661621 0.623946487903595 14.164950370788574 0.0 0.0 0.0 1.0
-0.23294131457805634 0.7001070380210876 0.6749729514122009 -0.8359770178794861 -0.6765390038490295 -0.6152489185333252 0.40467730164527893 1.5320030450820923 0.69859379529953 -0.3623794615268707 0.6169666051864624 14.221884727478027 0.0 0.0 0.0 1.0
-0.2226531058549881 0.7003297805786133 0.6782063245773315 -0.9391565918922424 -0.6763038039207458 -0.6120107173919678 0.4099463224411011 1.5461758375167847 0.7021671533584595 -0.3673976957798004 0.6099017858505249 14.297463417053223 0.0 0.0 0.0 1.0
-0.213067427277565 0.7004651427268982 0.6811394095420837 -1.1008622646331787 -0.6759368777275085 -0.6090661287307739 0.41490697860717773 1.5531893968582153 0.7054868340492249 -0.37200406193733215 0.6032423377037048 14.398422241210938 0.0 0.0 0.0 1.0
-0.1984480321407318 0.7003296613693237 0.6856797933578491 -1.3450103998184204 -0.6756594777107239 -0.6045443415641785 0.4219127297401428 1.4925034046173096 0.7100018262863159 -0.3795582950115204 0.593155026435852 14.402474403381348 0.0 0.0 0.0 1.0
-0.17884908616542816 0.6997591853141785 0.6916285753250122 -1.6227755546569824 -0.6768944263458252 -0.5976696610450745 0.4296567738056183 1.363073706626892 0.7140216827392578 -0.3913157880306244 0.5805557370185852 14.442769050598145 0.0 0.0 0.0 1.0
-0.15039566159248352 0.6994026303291321 0.6987253427505493 -1.8474761247634888 -0.6791130304336548 -0.5867118239402771 0.44110631942749023 1.249881386756897 0.7184613347053528 -0.40817296504974365 0.5632123351097107 14.487273216247559 0.0 0.0 0.0 1.0
-0.1246860921382904 0.6994738578796387 0.703697144985199 -2.148953676223755 -0.681006133556366 -0.5761274099349976 0.45200422406196594 1.2935389280319214 0.7215843796730042 -0.4228634536266327 0.5481811165809631 14.470908164978027 0.0 0.0 0.0 1.0
-0.08951691538095474 0.7004954218864441 0.7080203890800476 -2.506074905395508 -0.6850594282150269 -0.5593143105506897 0.4667559266090393 1.4012689590454102 0.7229663133621216 -0.4432534873485565 0.5299490690231323 14.375509262084961 0.0 0.0 0.0 1.0
-0.04512626677751541 0.7027513980865479 0.7100028991699219 -2.448828935623169 -0.6921416521072388 -0.5344882607460022 0.4850383400917053 1.4930533170700073 0.7203496098518372 -0.46953460574150085 0.5105230212211609 14.371014595031738 0.0 0.0 0.0 1.0
0.00553010543808341 0.7040187120437622 0.7101598978042603 -2.1624252796173096 -0.6999069452285767 -0.5044956803321838 0.5055832266807556 1.610925555229187 0.7142126560211182 -0.4998417794704437 0.48995766043663025 14.441047668457031 0.0 0.0 0.0 1.0
0.04447076842188835 0.7033601999282837 0.7094411849975586 -1.9941166639328003 -0.7035163044929504 -0.48214519023895264 0.5221118927001953 1.693010687828064 0.7092863321304321 -0.5223221778869629 0.4733840227127075 14.536824226379395 0.0 0.0 0.0 1.0
0.08221995085477829 0.7034426331520081 0.7059804201126099 -1.9923559427261353 -0.7045853137969971 -0.45996153354644775 0.5403655767440796 1.8897786140441895 0.7048400044441223 -0.5418522357940674 0.45781731605529785 14.604018211364746 0.0 0.0 0.0 1.0
0.11131103336811066 0.7054105997085571 0.7000041007995605 -2.318056583404541 -0.7019001245498657 -0.44284340739250183 0.5578762888908386 1.70236074924469 0.7035240530967712 -0.5534307360649109 0.4458344280719757 14.696162223815918 0.0 0.0 0.0 1.0
0.14899469912052155 0.7053664326667786 0.6930070519447327 -2.3391895294189453 -0.692817211151123 -0.4255886971950531 0.5821327567100525 1.4704898595809937 0.705552875995636 -0.5668619275093079 0.42527955770492554 14.462332725524902 0.0 0.0 0.0 1.0
0.1949136108160019 0.6990200877189636 0.6880258917808533 -2.1732497215270996 -0.6800950169563293 -0.4091360867023468 0.6083406805992126 1.6037585735321045 0.7067385911941528 -0.5864968299865723 0.3956539034843445 14.473021507263184 0.0 0.0 0.0 1.0
0.24868252873420715 0.6896396279335022 0.6801133155822754 -2.0854735374450684 -0.6611836552619934 -0.39225447177886963 0.6395096778869629 1.6529529094696045 0.7078087329864502 -0.6087146997451782 0.3584316372871399 14.505825996398926 0.0 0.0 0.0 1.0
0.30394095182418823 0.6764605641365051 0.6708360314369202 -2.2322447299957275 -0.6434499621391296 -0.37351250648498535 0.66817706823349 1.5170085430145264 0.70256108045578 -0.6347357630729675 0.3217427432537079 14.924972534179688 0.0 0.0 0.0 1.0
0.3576347529888153 0.6583895683288574 0.6622843742370605 -2.1367526054382324 -0.6401941180229187 -0.34346821904182434 0.6871542930603027 1.4238195419311523 0.6798888444900513 -0.6697408556938171 0.2986609637737274 14.57888126373291 0.0 0.0 0.0 1.0
0.38861510157585144 0.6643463373184204 0.6384530067443848 -2.411362409591675 -0.6477819085121155 -0.2957759499549866 0.7020649313926697 1.8791723251342773 0.6552532911300659 -0.6864113807678223 0.31540852785110474 13.881463050842285 0.0 0.0 0.0 1.0
0.4969879984855652 0.6365058422088623 0.5897992849349976 -1.6550726890563965 -0.6186999082565308 -0.21666233241558075 0.7551608085632324 2.0548758506774902 0.6084515452384949 -0.7402146458625793 0.28612756729125977 13.503244400024414 0.0 0.0 0.0 1.0
0.6056649684906006 0.5751594305038452 0.5498741865158081 -0.6447210907936096 -0.5619173645973206 -0.18012958765029907 0.8073426485061646 1.4352079629898071 0.5633993744850159 -0.79796302318573 0.2140938937664032 13.463847160339355 0.0 0.0 0.0 1.0
0.6532591581344604 0.5608157515525818 0.5086631774902344 -0.2240382730960846 -0.5212528705596924 -0.15413624048233032 0.8393673300743103 1.2562040090560913 0.549133837223053 -0.813466489315033 0.1916358917951584 13.37960147857666 0.0 0.0 0.0 1.0
0.6505085229873657 0.5829366445541382 0.48685067892074585 -0.7852399945259094 -0.515961766242981 -0.1312037855386734 0.8465039730072021 1.5968706607818604 0.557334840297699 -0.8018543720245361 0.2154238373041153 13.73049259185791 0.0 0.0 0.0 1.0
0.6532080173492432 0.5833808183670044 0.4826863408088684 -1.2591581344604492 -0.5161411166191101 -0.1233581006526947 0.8475736975669861 1.7653932571411133 0.55400151014328 -0.8027761578559875 0.22052833437919617 14.033228874206543 0.0 0.0 0.0 1.0
0.6646685004234314 0.573619544506073 0.4787236750125885 -1.397189974784851 -0.510042130947113 -0.1198497861623764 0.8517588376998901 1.9218575954437256 0.5459604263305664 -0.8103064894676208 0.2129097580909729 14.283964157104492 0.0 0.0 0.0 1.0
0.6736372113227844 0.5693808794021606 0.4711882174015045 -1.474225640296936 -0.49998486042022705 -0.11841637641191483 0.8579001426696777 2.3855793476104736 0.5442683100700378 -0.8135004639625549 0.20491214096546173 14.750899314880371 0.0 0.0 0.0 1.0
0.6873465776443481 0.558859646320343 0.4639294743537903 -1.3624664545059204 -0.4926013946533203 -0.11070582270622253 0.8631848692893982 3.3145999908447266 0.5337588787078857 -0.821839451789856 0.199201762676239 15.195035934448242 0.0 0.0 0.0 1.0
0.7079581618309021 0.5391871929168701 0.4561495780944824 -0.9817574620246887 -0.48366451263427734 -0.10050555318593979 0.8694638013839722 3.8329925537109375 0.5146492719650269 -0.8361673355102539 0.18963196873664856 15.71585750579834 0.0 0.0 0.0 1.0
0.7443161606788635 0.5048261284828186 0.4372002184391022 -0.09508803486824036 -0.45865774154663086 -0.08942342549562454 0.8841021060943604 4.370527744293213 0.4854137599468231 -0.858576774597168 0.1649830937385559 16.463308334350586 0.0 0.0 0.0 1.0
0.7818846106529236 0.4684238135814667 0.4113825857639313 0.593386709690094 -0.42418378591537476 -0.08384557068347931 0.9016862511634827 4.903290748596191 0.4568639099597931 -0.8795163631439209 0.1331402212381363 17.349132537841797 0.0 0.0 0.0 1.0
0.8158435225486755 0.4296379089355469 0.38705381751060486 0.5002298951148987 -0.39359596371650696 -0.07779379189014435 0.9159860014915466 5.087612152099609 0.423652708530426 -0.8996440172195435 0.10563619434833527 18.0602970123291 0.0 0.0 0.0 1.0
0.840301513671875 0.39839968085289 0.3676561415195465 0.35460418462753296 -0.3715072572231293 -0.07071620225906372 0.9257329702377319 5.081104278564453 0.3948109745979309 -0.9144817590713501 0.08858544379472733 18.39436912536621 0.0 0.0 0.0 1.0
0.8697168827056885 0.35895320773124695 0.3387404978275299 0.4994340240955353 -0.3417547047138214 -0.05718023329973221 0.9380480647087097 4.984070777893066 0.3560846149921417 -0.931602418422699 0.07294332981109619 18.30328369140625 0.0 0.0 0.0 1.0
0.8966773748397827 0.32107824087142944 0.304759681224823 0.6223533749580383 -0.30824536085128784 -0.04126844182610512 0.950411319732666 5.1063232421875 0.3177333474159241 -0.9461531043052673 0.06196640431880951 17.549108505249023 0.0 0.0 0.0 1.0
0.9173363447189331 0.2869052588939667 0.27600613236427307 0.6109141111373901 -0.2807008922100067 -0.025508971884846687 0.9594562649726868 5.437026023864746 0.28231367468833923 -0.9576192498207092 0.05713425204157829 17.32785415649414 0.0 0.0 0.0 1.0
0.9293684959411621 0.26234596967697144 0.25970906019210815 0.3305565118789673 -0.265280157327652 -0.01460773590952158 0.9640607237815857 5.590367317199707 0.2567111849784851 -0.9648633003234863 0.05601920932531357 17.26398468017578 0.0 0.0 0.0 1.0
0.9396350979804993 0.23714447021484375 0.246674582362175 -0.2337653934955597 -0.25254249572753906 -0.005805439315736294 0.9675683975219727 5.511446475982666 0.2308855503797531 -0.9714570641517639 0.05443406477570534 17.486474990844727 0.0 0.0 0.0 1.0
0.9463826417922974 0.21582981944084167 0.2403693050146103 -0.7415680289268494 -0.24591164290905 -0.0012111818650737405 0.9692915081977844 5.5472564697265625 0.20949314534664154 -0.9764302372932434 0.05192882567644119 17.250638961791992 0.0 0.0 0.0 1.0
0.9502971172332764 0.20064513385295868 0.2380691021680832 -0.9025717973709106 -0.24282631278038025 -0.0009288923465646803 0.9700693488121033 5.283487796783447 0.19486083090305328 -0.9796635508537292 0.047839194536209106 17.304391860961914 0.0 0.0 0.0 1.0
0.952063262462616 0.19376450777053833 0.23670828342437744 -0.9944123029708862 -0.24077636003494263 -0.002628434682264924 0.9705770611763 5.00344705581665 0.1886855661869049 -0.9810445308685303 0.04415148124098778 17.181987762451172 0.0 0.0 0.0 1.0
0.9536789059638977 0.19106724858283997 0.23235704004764557 -1.3668982982635498 -0.2355305403470993 -0.006254053208976984 0.9718468189239502 4.7067484855651855 0.1871412694454193 -0.9815570116043091 0.03903781250119209 17.117507934570312 0.0 0.0 0.0 1.0
0.955268383026123 0.1921800673007965 0.2247869074344635 -1.9760857820510864 -0.2276102751493454 -0.007551753427833319 0.9737230539321899 4.60726261138916 0.18882769346237183 -0.9813306331634521 0.03652820736169815 17.202543258666992 0.0 0.0 0.0 1.0
0.9568915963172913 0.19611109793186188 0.21424038708209991 -2.2153735160827637 -0.21710996329784393 -0.007006573490798473 0.9761220216751099 4.324827194213867 0.1929294466972351 -0.9805566668510437 0.03587314113974571 17.036251068115234 0.0 0.0 0.0 1.0
0.9574052095413208 0.20020791888237 0.20806734263896942 -2.350419282913208 -0.2116633504629135 -0.0035171613562852144 0.9773362874984741 4.057291030883789 0.19640226662158966 -0.9797471165657043 0.03900933265686035 17.216012954711914 0.0 0.0 0.0 1.0
0.9581862688064575 0.20273487269878387 0.2019348293542862 -2.458120822906494 -0.20686528086662292 0.0032044549006968737 0.9783641695976257 3.9146153926849365 0.19770145416259766 -0.9792284369468689 0.045009270310401917 17.68996810913086 0.0 0.0 0.0 1.0
0.9597235918045044 0.20149654150009155 0.1957799345254898 -2.5476326942443848 -0.2021845430135727 0.011503557674586773 0.9792798757553101 4.082635879516602 0.1950693428516388 -0.9794216752052307 0.05177972465753555 17.71015739440918 0.0 0.0 0.0 1.0
0.9624794721603394 0.19564373791217804 0.18803414702415466 -2.5682380199432373 -0.19570288062095642 0.02045527845621109 0.9804498553276062 4.2558274269104 0.18797259032726288 -0.9804616570472717 0.057975828647613525 18.031646728515625 0.0 0.0 0.0 1.0
0.9660888314247131 0.18579843640327454 0.17930780351161957 -1.9682879447937012 -0.18794317543506622 0.029808716848492622 0.9817274808883667 4.214447975158691 0.17705848813056946 -0.9821355938911438 0.06371741741895676 18.18536376953125 0.0 0.0 0.0 1.0
0.9693111181259155 0.1768614947795868 0.17075102031230927 -1.5054360628128052 -0.17997319996356964 0.03736438974738121 0.9829615950584412 4.12000846862793 0.16746805608272552 -0.9835262894630432 0.06804804503917694 18.641494750976562 0.0 0.0 0.0 1.0
0.97391676902771 0.16568097472190857 0.15503516793251038 -1.570320963859558 -0.16450688242912292 0.044978778809309006 0.9853498935699463 4.434791564941406 0.15628042817115784 -0.9851531386375427 0.07106124609708786 18.49814224243164 0.0 0.0 0.0 1.0
0.9781925678253174 0.15716035664081573 0.13579368591308594 -1.4857126474380493 -0.1457696259021759 0.05374063923954964 0.9878578782081604 4.550018310546875 0.14795446395874023 -0.9861097931861877 0.07547789812088013 18.440013885498047 0.0 0.0 0.0 1.0
0.9825628399848938 0.14828693866729736 0.11216633021831512 -1.2979737520217896 -0.1228790283203125 0.06514501571655273 0.9902812242507935 4.651205539703369 0.1395386904478073 -0.9867963790893555 0.08223042637109756 18.078405380249023 0.0 0.0 0.0 1.0
0.9855844974517822 0.13440769910812378 0.10275086760520935 -1.2078839540481567 -0.11379101872444153 0.07719667255878448 0.9905010461807251 4.943974494934082 0.12519893050193787 -0.9879146218299866 0.09137823432683945 17.994239807128906 0.0 0.0 0.0 1.0
0.9926052093505859 0.09009522199630737 0.08134983479976654 -0.6777552962303162 -0.09002560377120972 0.09683354198932648 0.9912207722663879 5.337254524230957 0.08142686635255814 -0.9912144541740417 0.10422835499048233 18.03841209411621 0.0 0.0 0.0 1.0
0.9997789859771729 0.020918095484375954 -0.0021065319888293743 1.2698132991790771 -9.510548989055678e-05 0.10469593852758408 0.9945042729377747 5.3736066818237305 0.02102367952466011 -0.9942842721939087 0.10467478632926941 18.292617797851562 0.0 0.0 0.0 1.0
0.9991689920425415 -0.026145238429307938 -0.031269434839487076 1.6817392110824585 0.03306983411312103 0.07152973115444183 0.996890127658844 4.592495918273926 -0.023827236145734787 -0.9970957636833191 0.0723349079489708 18.427505493164062 0.0 0.0 0.0 1.0
0.9978193044662476 -0.0535169392824173 -0.0386338084936142 1.4010056257247925 0.04186604171991348 0.060653697699308395 0.997280478477478 4.44784688949585 -0.051028113812208176 -0.9967231750488281 0.06276196986436844 17.93134307861328 0.0 0.0 0.0 1.0
0.9941368699073792 -0.09792383760213852 -0.04585697129368782 1.0949370861053467 0.05205893516540527 0.06174734607338905 0.9967332482337952 4.552577972412109 -0.09477239847183228 -0.9932764768600464 0.06648312509059906 17.27171516418457 0.0 0.0 0.0 1.0
0.9885092973709106 -0.13930460810661316 -0.0586816631257534 0.814877450466156 0.06877005845308304 0.0687432587146759 0.9952613115310669 4.8534393310546875 -0.13461051881313324 -0.9878606200218201 0.07753333449363708 16.576984405517578 0.0 0.0 0.0 1.0
0.9819100499153137 -0.17464399337768555 -0.07315855473279953 0.37719160318374634 0.08655695617198944 0.07036712020635605 0.9937586784362793 4.711379528045654 -0.16840602457523346 -0.9821140170097351 0.0842108279466629 16.185924530029297 0.0 0.0 0.0 1.0
0.9744415283203125 -0.20550847053527832 -0.09071938693523407 0.1454630196094513 0.10632044076919556 0.06616667658090591 0.9921279549598694 4.476711273193359 -0.1978881061077118 -0.9764159917831421 0.08632530272006989 15.921277046203613 0.0 0.0 0.0 1.0
0.960786759853363 -0.24706114828586578 -0.12589533627033234 0.15770159661769867 0.1439526081085205 0.05636635795235634 0.9879779815673828 4.088197708129883 -0.23699471354484558 -0.9673590660095215 0.08972115069627762 15.449847221374512 0.0 0.0 0.0 1.0
0.9419911503791809 -0.28817859292030334 -0.1720634549856186 0.4221045672893524 0.1919555366039276 0.04202819988131523 0.9805033206939697 3.768986940383911 -0.27532851696014404 -0.9566539525985718 0.09490766376256943 14.838720321655273 0.0 0.0 0.0 1.0
0.9194755554199219 -0.32566899061203003 -0.2202371060848236 0.7410852909088135 0.24057911336421967 0.023023761808872223 0.9703564047813416 3.570466995239258 -0.3109443187713623 -0.9452034831047058 0.09951893985271454 14.553670883178711 0.0 0.0 0.0 1.0
0.8995342254638672 -0.35383421182632446 -0.2562021315097809 0.8253034353256226 0.2751883268356323 0.003483799984678626 0.9613839983940125 3.3010029792785645 -0.3392780125141144 -0.935301661491394 0.10050484538078308 14.716361999511719 0.0 0.0 0.0 1.0
0.8738507032394409 -0.38883355259895325 -0.29187914729118347 0.859193742275238 0.3080180883407593 -0.021741420030593872 0.95113205909729 3.138838291168213 -0.37617790699005127 -0.9210514426231384 0.10076901316642761 14.358498573303223 0.0 0.0 0.0 1.0
0.8511717915534973 -0.4189463257789612 -0.31621289253234863 0.9413490295410156 0.3296230435371399 -0.042192697525024414 0.943169355392456 3.0152859687805176 -0.4084792137145996 -0.9070301651954651 0.10218113660812378 14.249341011047363 0.0 0.0 0.0 1.0
0.8335657119750977 -0.43773195147514343 -0.3369850218296051 0.8181933164596558 0.34696337580680847 -0.05983228608965874 0.9359682202339172 2.764348268508911 -0.4298657774925232 -0.8971124887466431 0.10200280696153641 14.310298919677734 0.0 0.0 0.0 1.0
0.8235306143760681 -0.4462239742279053 -0.3502591550350189 0.5734500288963318 0.3572601079940796 -0.07163558900356293 0.9312537312507629 2.591473340988159 -0.44063878059387207 -0.8920496106147766 0.1004239171743393 14.26844596862793 0.0 0.0 0.0 1.0
0.813986599445343 -0.4530962407588959 -0.36349642276763916 0.22479377686977386 0.36716750264167786 -0.08358209580183029 0.9263919591903687 2.4866528511047363 -0.4501265287399292 -0.8875346779823303 0.09832751750946045 14.039789199829102 0.0 0.0 0.0 1.0
0.8064405918121338 -0.4576355218887329 -0.3744640052318573 -0.20609557628631592 0.374855637550354 -0.09410815685987473 0.9222943782806396 2.5023419857025146 -0.45731478929519653 -0.8841455578804016 0.09565462172031403 13.755353927612305 0.0 0.0 0.0 1.0
0.800178050994873 -0.46102064847946167 -0.3836340308189392 -0.47323423624038696 0.3789631426334381 -0.1071406900882721 0.9191886782646179 2.567223310470581 -0.4648677706718445 -0.8808977603912354 0.08897820860147476 13.836548805236816 0.0 0.0 0.0 1.0
0.7936157584190369 -0.4639054238796234 -0.3936569392681122 -0.6044963598251343 0.3798026442527771 -0.1277284324169159 0.9162070751190186 2.781500816345215 -0.4753146171569824 -0.8766283392906189 0.07482520490884781 13.69035530090332 0.0 0.0 0.0 1.0
0.7880663871765137 -0.46623238921165466 -0.4019686281681061 -0.8138545155525208 0.3764839768409729 -0.151596337556839 0.913935661315918 2.707050323486328 -0.4870433509349823 -0.8715766668319702 0.056061044335365295 13.26572322845459 0.0 0.0 0.0 1.0
0.7820168137550354 -0.4688723087310791 -0.4106195867061615 -0.7320183515548706 0.37003809213638306 -0.18085536360740662 0.911242663860321 1.8415979146957397 -0.5015192031860352 -0.8645519614219666 0.03206866979598999 13.591567993164062 0.0 0.0 0.0 1.0
0.7791562080383301 -0.4690704643726349 -0.41579869389533997 -0.672100305557251 0.3658996820449829 -0.19824416935443878 0.909294605255127 1.4527596235275269 -0.5089529156684875 -0.8606231212615967 0.017169563099741936 13.360542297363281 0.0 0.0 0.0 1.0
0.779674232006073 -0.46764013171195984 -0.4164382517337799 -0.8067558407783508 0.36351466178894043 -0.203485906124115 0.9090932607650757 1.377317190170288 -0.509867787361145 -0.8601779937744141 0.011341334320604801 13.238262176513672 0.0 0.0 0.0 1.0
0.7807671427726746 -0.4668157994747162 -0.4153139293193817 -1.128731369972229 0.3628723919391632 -0.20233550667762756 0.9096065163612366 1.7315877676010132 -0.5086514353752136 -0.8608968257904053 0.011417657136917114 13.029247283935547 0.0 0.0 0.0 1.0
0.7808173298835754 -0.46657055616378784 -0.4154951572418213 -1.222062587738037 0.36402714252471924 -0.2007295787334442 0.9095008969306946 1.8928003311157227 -0.5077484846115112 -0.8614055514335632 0.013111213222146034 13.020793914794922 0.0 0.0 0.0 1.0
0.7808517217636108 -0.466460645198822 -0.41555386781692505 -0.9256100058555603 0.3659018278121948 -0.1976557970046997 0.9094218015670776 1.6415886878967285 -0.5063461065292358 -0.8621755242347717 0.016338933259248734 12.846236228942871 0.0 0.0 0.0 1.0
0.7804554104804993 -0.46600908041000366 -0.41680312156677246 -0.9507075548171997 0.3696369528770447 -0.19374290108680725 0.9087530970573425 1.6862354278564453 -0.5042398571968079 -0.8633071184158325 0.021046483889222145 12.596595764160156 0.0 0.0 0.0 1.0
0.7803593873977661 -0.4633575975894928 -0.41992732882499695 -1.0116937160491943 0.37450167536735535 -0.1914893239736557 0.9072377681732178 1.767866611480713 -0.500787079334259 -0.8652349710464478 0.024097707122564316 12.859107971191406 0.0 0.0 0.0 1.0
0.7789424061775208 -0.4585931599140167 -0.42771604657173157 -0.9407989978790283 0.38368311524391174 -0.19096660614013672 0.9035037159919739 1.7439086437225342 -0.4960201382637024 -0.8678848147392273 0.02720247209072113 12.927315711975098 0.0 0.0 0.0 1.0
0.7634236812591553 -0.4692678451538086 -0.44381529092788696 -0.6892905831336975 0.4002569615840912 -0.1955765038728714 0.8952900171279907 1.7217376232147217 -0.5069306492805481 -0.8611257076263428 0.03851998224854469 13.131000518798828 0.0 0.0 0.0 1.0
0.6808521151542664 -0.5605813264846802 -0.47136929631233215 0.7718038558959961 0.4504014849662781 -0.18704655766487122 0.8730131983757019 2.4914488792419434 -0.5775628685951233 -0.8066983222961426 0.1251356154680252 13.051170349121094 0.0 0.0 0.0 1.0
0.6294413805007935 -0.612689197063446 -0.4779283106327057 1.5135774612426758 0.48397111892700195 -0.17207784950733185 0.8579983711242676 3.0393588542938232 -0.6079272031784058 -0.7713631987571716 0.18821094930171967 12.95108699798584 0.0 0.0 0.0 1.0
0.5944910645484924 -0.6419365406036377 -0.4842498302459717 1.4178035259246826 0.4903368353843689 -0.18789146840572357 0.8510385155677795 3.0514755249023438 -0.637299120426178 -0.7433803081512451 0.20306532084941864 12.684504508972168 0.0 0.0 0.0 1.0
0.5649764537811279 -0.6589308381080627 -0.4966002404689789 0.7446610927581787 0.4876115322113037 -0.21887996792793274 0.8451784253120422 2.782787799835205 -0.6656099557876587 -0.7196539044380188 0.19764022529125214 12.676345825195312 0.0 0.0 0.0 1.0
0.5286207795143127 -0.6827492117881775 -0.5043942928314209 0.2679755389690399 0.48509591817855835 -0.24464164674282074 0.8395429849624634 2.8621034622192383 -0.696593165397644 -0.688479483127594 0.2018761783838272 12.67456340789795 0.0 0.0 0.0 1.0
0.49603748321533203 -0.7034010887145996 -0.5090910196304321 0.05773906782269478 0.4889310598373413 -0.2582531273365021 0.8332176804542542 3.110334634780884 -0.7175605893135071 -0.6622176170349121 0.21581141650676727 12.67387866973877 0.0 0.0 0.0 1.0
0.44816145300865173 -0.7251342535018921 -0.5228112936019897 0.32505151629447937 0.5086917281150818 -0.27405276894569397 0.8161665201187134 3.2976574897766113 -0.7351081967353821 -0.6317241191864014 0.2460498809814453 12.836597442626953 0.0 0.0 0.0 1.0
0.4026626944541931 -0.7396162748336792 -0.5392870306968689 0.6867243051528931 0.5312526226043701 -0.2909468710422516 0.7956887483596802 3.3603672981262207 -0.7454082369804382 -0.6068918108940125 0.2757696211338043 12.989363670349121 0.0 0.0 0.0 1.0
0.3641902506351471 -0.7499608993530273 -0.5521993637084961 0.5846970677375793 0.5470655560493469 -0.3075764775276184 0.7785345315933228 3.385952949523926 -0.7537139654159546 -0.5856239199638367 0.2982614040374756 13.003414154052734 0.0 0.0 0.0 1.0
0.3383370041847229 -0.7580628991127014 -0.5575560331344604 0.24496057629585266 0.5535863637924194 -0.3187897801399231 0.7693602442741394 3.454622745513916 -0.7609666585922241 -0.5689584612846375 0.3117949068546295 12.96922492980957 0.0 0.0 0.0 1.0
0.3123449385166168 -0.7695911526679993 -0.5569291114807129 -0.33629488945007324 0.5519515872001648 -0.3301306366920471 0.7657435536384583 3.3396730422973633 -0.7731688618659973 -0.546574056148529 0.32166245579719543 12.743306159973145 0.0 0.0 0.0 1.0
0.2761722207069397 -0.7839062213897705 -0.5560755133628845 -1.01876699924469 0.5474766492843628 -0.34722191095352173 0.7613844275474548 3.2107760906219482 -0.7899355888366699 -0.5147116184234619 0.33327731490135193 12.657615661621094 0.0 0.0 0.0 1.0
0.2220221608877182 -0.7998560070991516 -0.5576168298721313 -1.3422412872314453 0.550530195236206 -0.3691738545894623 0.7487503886222839 3.295351505279541 -0.8047500848770142 -0.47322407364845276 0.35838010907173157 12.504709243774414 0.0 0.0 0.0 1.0
0.15619227290153503 -0.8135780692100525 -0.5600845217704773 -0.9615960121154785 0.5632838606834412 -0.39242833852767944 0.727125346660614 3.47851300239563 -0.8113663196563721 -0.42905792593955994 0.3969810903072357 12.493163108825684 0.0 0.0 0.0 1.0
0.10217505693435669 -0.8216488361358643 -0.5607614517211914 -0.558017373085022 0.5747235417366028 -0.41135212779045105 0.7074477076530457 3.7115237712860107 -0.8119440078735352 -0.3945663273334503 0.4301910102367401 12.618001937866211 0.0 0.0 0.0 1.0
0.04482109099626541 -0.8282274603843689 -0.5585967898368835 -0.5699893236160278 0.5799923539161682 -0.4336966276168823 0.6895767450332642 3.820310354232788 -0.813387930393219 -0.354889452457428 0.4609268307685852 12.390008926391602 0.0 0.0 0.0 1.0
-0.00041187761235050857 -0.8326966166496277 -0.5537293553352356 -0.8500536680221558 0.578278660774231 -0.4519525468349457 0.6792147755622864 3.7388648986816406 -0.8158392310142517 -0.31993013620376587 0.4817168116569519 12.238443374633789 0.0 0.0 0.0 1.0
-0.04235542565584183 -0.8361124396324158 -0.5469205379486084 -1.2313132286071777 0.5791719555854797 -0.46659818291664124 0.6684653759002686 3.588810682296753 -0.8141043186187744 -0.28844788670539856 0.5040158033370972 12.023725509643555 0.0 0.0 0.0 1.0
-0.07828928530216217 -0.8373961448669434 -0.5409606695175171 -1.170969843864441 0.5856198072433472 -0.47776609659194946 0.6548197865486145 3.6173760890960693 -0.8067962527275085 -0.2655319273471832 0.5277997851371765 12.041871070861816 0.0 0.0 0.0 1.0
-0.12910626828670502 -0.8366068601608276 -0.5323725342750549 -0.707414448261261 0.6005164384841919 -0.49318942427635193 0.6293998956680298 3.7166337966918945 -0.7891207933425903 -0.23843899369239807 0.566070020198822 12.470832824707031 0.0 0.0 0.0 1.0
-0.1843043863773346 -0.8319019675254822 -0.5234224200248718 -0.24178288877010345 0.6170865297317505 -0.5124423503875732 0.5971658825874329 3.6604626178741455 -0.7650072574615479 -0.2129366248846054 0.6078008413314819 12.564225196838379 0.0 0.0 0.0 1.0
-0.2366613894701004 -0.82411128282547 -0.5146183371543884 -0.01551936287432909 0.6260068416595459 -0.5344062447547913 0.5679132342338562 3.8010239601135254 -0.7430389523506165 -0.18775144219398499 0.6423726081848145 12.370205879211426 0.0 0.0 0.0 1.0
-0.2770128846168518 -0.8153910636901855 -0.5083318948745728 -0.14248287677764893 0.6280339956283569 -0.554036021232605 0.546458899974823 3.9611496925354004 -0.7272118926048279 -0.1678735762834549 0.6655684113502502 12.199913024902344 0.0 0.0 0.0 1.0
-0.32554686069488525 -0.8015462756156921 -0.50154048204422 -0.5233272910118103 0.6245465874671936 -0.5805404186248779 0.5224120616912842 3.9779953956604004 -0.7099019289016724 -0.14316579699516296 0.6895961165428162 12.1670560836792 0.0 0.0 0.0 1.0
-0.3730580508708954 -0.7841141223907471 -0.4959765672683716 -0.7747820615768433 0.6160379648208618 -0.6090649962425232 0.49953681230545044 4.102004051208496 -0.6937758326530457 -0.11918417364358902 0.7102606892585754 12.211215019226074 0.0 0.0 0.0 1.0
-0.42369043827056885 -0.7604043483734131 -0.49221092462539673 -1.0526559352874756 0.6030498743057251 -0.6422592997550964 0.4731108248233795 4.098461151123047 -0.6758825778961182 -0.09637519717216492 0.7306808829307556 12.065263748168945 0.0 0.0 0.0 1.0
-0.46684905886650085 -0.7356913089752197 -0.4907241761684418 -1.1598838567733765 0.5889925360679626 -0.6725899577140808 0.4480072557926178 3.883012533187866 -0.6596512198448181 -0.07988112419843674 0.7473147511482239 11.981029510498047 0.0 0.0 0.0 1.0
-0.522828221321106 -0.6976683735847473 -0.4898056089878082 -1.137909173965454 0.5681648254394531 -0.7135583162307739 0.40990638732910156 3.4343819618225098 -0.6354835629463196 -0.06397969275712967 0.769459068775177 12.230706214904785 0.0 0.0 0.0 1.0
-0.5751650929450989 -0.6559728384017944 -0.4887583553791046 -0.9508289694786072 0.5459932088851929 -0.7527536749839783 0.3677680790424347 2.8951451778411865 -0.6091604828834534 -0.055331360548734665 0.791114330291748 12.472707748413086 0.0 0.0 0.0 1.0
-0.615924060344696 -0.6199738383293152 -0.48607608675956726 -0.8783715963363647 0.5272516012191772 -0.7828447818756104 0.33039337396621704 2.5103540420532227 -0.5853573679924011 -0.0527871735394001 0.8090551495552063 12.656434059143066 0.0 0.0 0.0 1.0
-0.6408983469009399 -0.5966969132423401 -0.48291006684303284 -0.8092620372772217 0.5135863423347473 -0.8008670806884766 0.30796271562576294 2.352454423904419 -0.5705071687698364 -0.05064322054386139 0.819729745388031 12.785449028015137 0.0 0.0 0.0 1.0
-0.6668389439582825 -0.5735762119293213 -0.4757480025291443 -0.6530575156211853 0.49781522154808044 -0.8179402947425842 0.28836381435394287 2.092390775680542 -0.5545321106910706 -0.04454237222671509 0.8309693932533264 12.977187156677246 0.0 0.0 0.0 1.0
-0.6921423077583313 -0.5521677136421204 -0.4648115932941437 -0.4269809126853943 0.4813721776008606 -0.8329995274543762 0.2727501094341278 1.8671735525131226 -0.5377916693687439 -0.03496549278497696 0.8423523902893066 13.076382637023926 0.0 0.0 0.0 1.0
-0.7179161310195923 -0.530459463596344 -0.4507873058319092 -0.3375771641731262 0.4643513858318329 -0.8473594784736633 0.25760379433631897 1.7219077348709106 -0.5186272859573364 -0.024385783821344376 0.8546526432037354 13.125116348266602 0.0 0.0 0.0 1.0
-0.739176332950592 -0.5114871263504028 -0.4381771683692932 -0.28997722268104553 0.4493495523929596 -0.859143853187561 0.24486088752746582 1.6395339965820312 -0.5017004013061523 -0.015899349004030228 0.8648953437805176 13.025444030761719 0.0 0.0 0.0 1.0
-0.765484094619751 -0.48650798201560974 -0.42112240195274353 -0.20564381778240204 0.4298509657382965 -0.8736517429351807 0.2279490828514099 1.5664557218551636 -0.47881338000297546 -0.006528475321829319 0.8778924345970154 12.981167793273926 0.0 0.0 0.0 1.0
-0.7881971597671509 -0.46254783868789673 -0.405949205160141 -0.16773609817028046 0.4106455147266388 -0.8865936398506165 0.21288956701755524 1.4639062881469727 -0.45838358998298645 0.0010977404890581965 0.8887537717819214 13.00271224975586 0.0 0.0 0.0 1.0
-0.8079681992530823 -0.4408172369003296 -0.39098286628723145 -0.16103963553905487 0.3938710689544678 -0.8975766897201538 0.19804450869560242 1.4209836721420288 -0.43823856115341187 0.006016822997480631 0.8988385796546936 12.964277267456055 0.0 0.0 0.0 1.0
-0.8243200182914734 -0.42022591829299927 -0.3793503940105438 -0.09176839888095856 0.3767808973789215 -0.9073562622070312 0.18638861179351807 1.39705228805542 -0.42253127694129944 0.010711882263422012 0.9062850475311279 13.00450325012207 0.0 0.0 0.0 1.0
-0.8358120918273926 -0.40449750423431396 -0.3712140917778015 -0.1523754596710205 0.3634307086467743 -0.9144322872161865 0.17813389003276825 1.3221638202667236 -0.411504864692688 0.013975861482322216 0.9113004207611084 13.070631980895996 0.0 0.0 0.0 1.0
-0.8488124012947083 -0.3836055099964142 -0.36381903290748596 -0.2655317187309265 0.3452167510986328 -0.9233382344245911 0.1681423783302307 1.1103514432907104 -0.4004283845424652 0.01712491549551487 0.9161680340766907 13.022396087646484 0.0 0.0 0.0 1.0
-0.8611099123954773 -0.362985223531723 -0.3559936285018921 -0.493390828371048 0.3273076117038727 -0.9315871596336365 0.15816162526607513 0.8286741375923157 -0.3890494406223297 0.01967511884868145 0.9210067391395569 12.905926704406738 0.0 0.0 0.0 1.0
-0.8738476037979126 -0.3387582004070282 -0.34875962138175964 -0.771024227142334 0.3059713840484619 -0.9406219720840454 0.14700964093208313 0.5656881332397461 -0.3778516948223114 0.021753555163741112 0.9256105422973633 12.644014358520508 0.0 0.0 0.0 1.0
-0.8844215869903564 -0.31937918066978455 -0.34028714895248413 -0.8234014511108398 0.2893594205379486 -0.947353184223175 0.13708771765232086 0.38339415192604065 -0.36615508794784546 0.02277805656194687 0.930275022983551 12.573981285095215 0.0 0.0 0.0 1.0
-0.8979220986366272 -0.2935585081577301 -0.32796233892440796 -0.6603856682777405 0.26733583211898804 -0.9556596875190735 0.1234753355383873 0.18424013257026672 -0.34966760873794556 0.02319515310227871 0.9365866184234619 12.587810516357422 0.0 0.0 0.0 1.0
-0.9114303588867188 -0.267402708530426 -0.31271469593048096 -0.5910410284996033 0.24504166841506958 -0.9633054733276367 0.10953136533498764 -0.015221962705254555 -0.33052876591682434 0.02320207841694355 0.9435106515884399 12.636219024658203 0.0 0.0 0.0 1.0
-0.9229884147644043 -0.24107548594474792 -0.29995831847190857 -0.7758213877677917 0.22155925631523132 -0.9702095985412598 0.09800402820110321 -0.1438736468553543 -0.31464883685112 0.023998036980628967 0.9489047527313232 12.506813049316406 0.0 0.0 0.0 1.0
-0.9322779178619385 -0.21891340613365173 -0.28798413276672363 -0.9882816672325134 0.20196403563022614 -0.9754590392112732 0.08769393712282181 -0.26332685351371765 -0.30011409521102905 0.02359268255531788 0.9536114931106567 12.355706214904785 0.0 0.0 0.0 1.0
-0.9441117644309998 -0.18917663395404816 -0.2699354588985443 -1.2438817024230957 0.17571505904197693 -0.9816990494728088 0.07342443615198135 -0.4358055293560028 -0.2788855731487274 0.021889150142669678 0.9600748419761658 12.196948051452637 0.0 0.0 0.0 1.0
-0.9564015865325928 -0.15749140083789825 -0.24595215916633606 -1.4609330892562866 0.14800302684307098 -0.9873591065406799 0.05671936646103859 -0.5925178527832031 -0.25177592039108276 0.017844829708337784 0.9676210284233093 12.039210319519043 0.0 0.0 0.0 1.0
-0.9685242176055908 -0.12375251948833466 -0.21597710251808167 -1.353470802307129 0.11834846436977386 -0.9922512769699097 0.037829168140888214 -0.7150333523750305 -0.21898502111434937 0.011077907867729664 0.9756653308868408 12.015003204345703 0.0 0.0 0.0 1.0
-0.9781243801116943 -0.09858604520559311 -0.183176189661026 -0.9279657006263733 0.09649695456027985 -0.9951261281967163 0.020305735990405083 -0.9106298089027405 -0.18428528308868408 0.0021855896338820457 0.98287034034729 12.296723365783691 0.0 0.0 0.0 1.0
-0.9875051379203796 -0.07626751065254211 -0.13790151476860046 -0.22240886092185974 0.07680970430374146 -0.9970448017120361 0.0013933712616562843 -1.3193310499191284 -0.13760025799274445 -0.00921621359884739 0.9904449582099915 12.631482124328613 0.0 0.0 0.0 1.0
-0.9931848645210266 -0.05961064621806145 -0.1001521497964859 0.1993299126625061 0.06100311130285263 -0.9980781078338623 -0.010896271094679832 -1.668366551399231 -0.09931012988090515 -0.016931604593992233 0.9949124455451965 12.795859336853027 0.0 0.0 0.0 1.0
-0.996391236782074 -0.0457499697804451 -0.07149408012628555 0.16942870616912842 0.047182925045490265 -0.9987152218818665 -0.018483523279428482 -1.8179149627685547 -0.07055661082267761 -0.021790120750665665 0.9972697496414185 12.710283279418945 0.0 0.0 0.0 1.0
-0.9978894591331482 -0.03501336649060249 -0.05468767508864403 0.045218806713819504 0.036197591572999954 -0.9991278648376465 -0.020815737545490265 -1.8374024629592896 -0.05391114950180054 -0.02275136671960354 0.9982864856719971 12.573372840881348 0.0 0.0 0.0 1.0
-0.999028205871582 -0.021283743903040886 -0.03859604150056839 -0.2149812877178192 0.022106822580099106 -0.9995344877243042 -0.021025514230132103 -1.8532675504684448 -0.03813057392835617 -0.021858317777514458 0.9990336894989014 12.510945320129395 0.0 0.0 0.0 1.0
-0.999638020992279 -0.00833942648023367 -0.025578182190656662 -0.278433620929718 0.008778881281614304 -0.9998149275779724 -0.017116952687501907 -1.8740310668945312 -0.025430703535676003 -0.017335304990410805 0.9995262622833252 12.478854179382324 0.0 0.0 0.0 1.0
-0.9998759627342224 0.0025559323839843273 -0.015540449880063534 -0.34798750281333923 -0.0024115859996527433 -0.9999538660049438 -0.009300090372562408 -1.7695245742797852 -0.01556350290775299 -0.009261460043489933 0.9998359680175781 12.332001686096191 0.0 0.0 0.0 1.0
-0.9999069571495056 0.009236115962266922 -0.010039819404482841 -0.44222864508628845 -0.0092423465102911 -0.9999571442604065 0.0005743252113461494 -1.5261766910552979 -0.01003408432006836 0.0006670632283203304 0.9999494552612305 12.014785766601562 0.0 0.0 0.0 1.0
-0.9998636245727539 0.015009766444563866 -0.0068915546871721745 -0.38936561346054077 -0.015122869983315468 -0.9997467994689941 0.01666400395333767 -1.1857304573059082 -0.00663968687877059 0.016765950247645378 0.9998373985290527 11.414131164550781 0.0 0.0 0.0 1.0
-0.9998006820678711 0.019072886556386948 -0.005901554599404335 -0.3212474584579468 -0.019274070858955383 -0.9991604089736938 0.03615278750658035 -1.3336349725723267 -0.005207061767578125 0.036259327083826065 0.9993288516998291 10.66376781463623 0.0 0.0 0.0 1.0
-0.9998301863670349 0.01828066073358059 -0.002325966954231262 -0.3775089979171753 -0.018381617963314056 -0.9982888698577881 0.05551084503531456 -1.3601675033569336 -0.001307212165556848 0.0555441714823246 0.9984553456306458 10.42491340637207 0.0 0.0 0.0 1.0
-0.9997986555099487 0.019639436155557632 0.0041207908652722836 -0.4165455102920532 -0.019290562719106674 -0.9971994757652283 0.07225706428289413 -1.2390960454940796 0.005528338719159365 0.07216302305459976 0.9973775148391724 10.789959907531738 0.0 0.0 0.0 1.0
-0.9996480941772461 0.023797059431672096 0.01171898189932108 -0.564566433429718 -0.022774340584874153 -0.996471107006073 0.08078809827566147 -1.4419004917144775 0.01360014546662569 0.0804927796125412 0.9966623783111572 11.039816856384277 0.0 0.0 0.0 1.0
-0.9989587068557739 0.03315582498908043 0.03134049102663994 -0.6356365084648132 -0.030380045995116234 -0.9958974123001099 0.08523759245872498 -1.8052573204040527 0.034038037061691284 0.08419670909643173 0.9958676099777222 11.161808967590332 0.0 0.0 0.0 1.0
-0.9968036413192749 0.04893273115158081 0.06315123289823532 -0.9860026240348816 -0.04375625401735306 -0.9957613348960876 0.0808999091386795 -1.964634656906128 0.0668422058224678 0.07787806540727615 0.9947196245193481 11.23331069946289 0.0 0.0 0.0 1.0
-0.992426872253418 0.06988563388586044 0.10101931542158127 -1.534594178199768 -0.0629766508936882 -0.9955543875694275 0.07003842294216156 -2.2830138206481934 0.10546490550041199 0.06314615905284882 0.9924160838127136 11.226758003234863 0.0 0.0 0.0 1.0
