-0.9985647797584534 0.00025001305039040744 -0.05355627462267876 0.1941109150648117 -3.640087743406184e-05 -0.9999920129776001 -0.003989493474364281 1.232545018196106 -0.05355684459209442 -0.0039818184450268745 0.9985568523406982 14.718363761901855 0.0 0.0 0.0 1.0
-0.9986609816551208 -0.00011673315020743757 -0.05173248425126076 0.21294328570365906 0.00029305287171155214 -0.999994158744812 -0.0034007257781922817 1.2416810989379883 -0.05173178389668465 -0.0034113323781639338 0.9986552000045776 14.715394973754883 0.0 0.0 0.0 1.0
-0.9989375472068787 -0.0005868563894182444 -0.04608084633946419 0.2677360475063324 0.0006763281999155879 -0.9999979138374329 -0.0019260599510744214 1.270945429801941 -0.046079620718955994 -0.001955179264768958 0.998935878276825 14.710384368896484 0.0 0.0 0.0 1.0
-0.9993510842323303 -0.0013386548962444067 -0.0359940268099308 0.3400742709636688 0.001281379023566842 -0.9999978542327881 0.0016142834210768342 1.3400803804397583 -0.03599610924720764 0.0015671139117330313 0.9993507266044617 14.675084114074707 0.0 0.0 0.0 1.0
-0.9997053146362305 -0.0018367760349065065 -0.024205880239605904 0.39812156558036804 0.0017142173601314425 -0.9999856352806091 0.0050829555839300156 1.4004487991333008 -0.024214867502450943 0.0050399634055793285 0.9996940493583679 14.607473373413086 0.0 0.0 0.0 1.0
-0.9971887469291687 0.006104366388171911 0.07468174397945404 0.4505864083766937 -0.004068559035658836 -0.999616801738739 0.02738160267472267 1.4951943159103394 0.07482027262449265 0.027000779286026955 0.9968314170837402 14.21014404296875 0.0 0.0 0.0 1.0
-0.9954335689544678 0.011080616153776646 0.0948118045926094 0.4089135229587555 -0.008075593039393425 -0.9994546175003052 0.03201981633901596 1.545217752456665 0.09511489421129227 0.031107937917113304 0.9949801564216614 14.277555465698242 0.0 0.0 0.0 1.0
-0.9930719137191772 0.016715478152036667 0.11631306260824203 0.41639837622642517 -0.012616301886737347 -0.9992761015892029 0.03589005768299103 1.579501986503601 0.1168287843465805 0.03417396917939186 0.9925639629364014 14.33661937713623 0.0 0.0 0.0 1.0
-0.9901566505432129 0.023341603577136993 0.1380036175251007 0.43976840376853943 -0.01776920072734356 -0.9989815950393677 0.041473839432001114 1.651893138885498 0.13883113861083984 0.03861338272690773 0.98956298828125 14.31243896484375 0.0 0.0 0.0 1.0
-0.9866961240768433 0.030539432540535927 0.15968120098114014 0.4504205882549286 -0.02340012975037098 -0.9986487627029419 0.04640088230371475 1.6946876049041748 0.16088248789310455 0.042047012597322464 0.9860775470733643 14.238125801086426 0.0 0.0 0.0 1.0
-0.9541588425636292 0.07325087487697601 0.2901984751224518 0.5978281497955322 -0.05244159698486328 -0.995505690574646 0.07885654270648956 1.8335850238800049 0.29467055201530457 0.060023192316293716 0.9537119269371033 14.135526657104492 0.0 0.0 0.0 1.0
-0.9477640986442566 0.07909195870161057 0.3090108036994934 0.6043906807899475 -0.05577542632818222 -0.9949382543563843 0.08358824253082275 1.8499054908752441 0.3140577971935272 0.06198672950267792 0.9473781585693359 14.08936595916748 0.0 0.0 0.0 1.0
-0.9413989186286926 0.08513922244310379 0.32637307047843933 0.5907681584358215 -0.059271831065416336 -0.9943184852600098 0.0884174108505249 1.8670419454574585 0.3320465683937073 0.06389132887125015 0.9410966634750366 13.991299629211426 0.0 0.0 0.0 1.0
-0.9350278377532959 0.0909578874707222 0.34270918369293213 0.5728170275688171 -0.06258954852819443 -0.9936996698379517 0.09297052025794983 1.8613710403442383 0.34900641441345215 0.06548001617193222 0.9348298907279968 13.914119720458984 0.0 0.0 0.0 1.0
-0.928318977355957 0.0960552915930748 0.3591618835926056 0.5738429427146912 -0.06469844281673431 -0.9930456876754761 0.0983581691980362 1.8826550245285034 0.36611199378967285 0.06807053834199905 0.9280778169631958 13.865269660949707 0.0 0.0 0.0 1.0
-0.8829081654548645 0.13907574117183685 0.4484764039516449 0.3029235005378723 -0.08928655087947845 -0.9874287247657776 0.13043172657489777 2.0735971927642822 0.4609783887863159 0.07511632889509201 0.8842265009880066 13.692939758300781 0.0 0.0 0.0 1.0
-0.8736762404441833 0.14889822900295258 0.4631621539592743 0.2652890384197235 -0.09555812925100327 -0.985989511013031 0.13672366738319397 2.0155322551727295 0.4770309329032898 0.07519331574440002 0.8756639957427979 13.61233139038086 0.0 0.0 0.0 1.0
-0.8636455535888672 0.15786288678646088 0.47874388098716736 0.21751894056797028 -0.1012507975101471 -0.9846697449684143 0.14203420281410217 1.9683258533477783 0.49382656812667847 0.07419401407241821 0.8663893938064575 13.581194877624512 0.0 0.0 0.0 1.0
-0.8509745001792908 0.1707504838705063 0.49667564034461975 0.20275041460990906 -0.11037489026784897 -0.9826988577842712 0.14872905611991882 1.9964710474014282 0.51347815990448 0.07174410670995712 0.8550982475280762 13.562678337097168 0.0 0.0 0.0 1.0
-0.83580082654953 0.1867189258337021 0.5163070559501648 0.2028426080942154 -0.12234063446521759 -0.9800882339477539 0.15639649331569672 2.064638376235962 0.5352286696434021 0.06755098700523376 0.8420018553733826 13.58603572845459 0.0 0.0 0.0 1.0
-0.7082236409187317 0.28556138277053833 0.6456577777862549 0.3964485228061676 -0.191841721534729 -0.9579751491546631 0.21326135098934174 2.162522315979004 0.6794232726097107 0.027172628790140152 0.7332432270050049 13.323987007141113 0.0 0.0 0.0 1.0
-0.6807364225387573 0.29950952529907227 0.668499767780304 0.4905658960342407 -0.20108863711357117 -0.95393967628479 0.22262631356716156 2.1770401000976562 0.7043871283531189 0.017122136428952217 0.7096094489097595 13.297268867492676 0.0 0.0 0.0 1.0
-0.6530738472938538 0.31309136748313904 0.6895421147346497 0.5293331146240234 -0.210393026471138 -0.9497013688087463 0.23195266723632812 2.1731510162353516 0.727481484413147 0.006407352164387703 0.6860973834991455 13.33320140838623 0.0 0.0 0.0 1.0
-0.6254048347473145 0.3250077962875366 0.7093932032585144 0.5439510941505432 -0.21896211802959442 -0.9456976652145386 0.24023228883743286 2.1471118927001953 0.7489488124847412 -0.0050877900794148445 0.6626083254814148 13.349664688110352 0.0 0.0 0.0 1.0
-0.5978635549545288 0.33634066581726074 0.7276222705841064 0.5727885961532593 -0.22710834443569183 -0.941594123840332 0.24864082038402557 2.1358144283294678 0.7687528729438782 -0.016595805063843727 0.6393305659294128 13.280919075012207 0.0 0.0 0.0 1.0
-0.4349783957004547 0.40127018094062805 0.8060868382453918 0.8189082741737366 -0.26256075501441956 -0.9128330945968628 0.31272614002227783 2.149887800216675 0.8613104224205017 -0.07561767101287842 0.5024204850196838 12.792141914367676 0.0 0.0 0.0 1.0
-0.4083126187324524 0.4114072620868683 0.8148772120475769 0.889230489730835 -0.26621800661087036 -0.9075433015823364 0.3247970640659332 2.146895170211792 0.8731602430343628 -0.08431624621152878 0.48008543252944946 12.554758071899414 0.0 0.0 0.0 1.0
-0.37801793217658997 0.4223555326461792 0.8238435983657837 0.9491211771965027 -0.2660009562969208 -0.9019014239311218 0.3403193950653076 2.135158061981201 0.886761486530304 -0.09049633890390396 0.45328187942504883 12.330310821533203 0.0 0.0 0.0 1.0
-0.355704128742218 0.43029719591140747 0.8296498656272888 0.9628594517707825 -0.26189687848091125 -0.8980329036712646 0.3534783124923706 2.200206756591797 0.8971536159515381 -0.09154900908470154 0.4321275055408478 12.14965534210205 0.0 0.0 0.0 1.0
-0.3302508592605591 0.4419153332710266 0.8340534567832947 0.954954981803894 -0.2595950663089752 -0.8920795321464539 0.3698709309101105 2.3442227840423584 0.9074936509132385 -0.09436597675085068 0.4093290865421295 11.952255249023438 0.0 0.0 0.0 1.0
-0.1702469438314438 0.40711840987205505 0.8973686695098877 0.134874165058136 -0.2864791750907898 -0.8917776942253113 0.3502316474914551 0.9151025414466858 0.9428391456604004 -0.19745159149169922 0.2684533894062042 10.912979125976562 0.0 0.0 0.0 1.0
-0.09763453900814056 0.40611207485198975 0.9085925817489624 0.38539695739746094 -0.29244959354400635 -0.8843552470207214 0.3638530373573303 0.8233163356781006 0.9512837529182434 -0.23019291460514069 0.20511093735694885 10.746467590332031 0.0 0.0 0.0 1.0
-0.014832630753517151 0.41202062368392944 0.9110537767410278 0.7097118496894836 -0.29485461115837097 -0.8724392652511597 0.3897568881511688 0.7894665598869324 0.9554269909858704 -0.26284727454185486 0.13442674279212952 10.637161254882812 0.0 0.0 0.0 1.0
0.05515187606215477 0.4133758544921875 0.9088886976242065 0.945534348487854 -0.2786025404930115 -0.8677498698234558 0.41157108545303345 0.7186838388442993 0.9588215947151184 -0.2759176194667816 0.06730952858924866 10.557069778442383 0.0 0.0 0.0 1.0
0.10798245668411255 0.4147425889968872 0.9035089015960693 0.9926498532295227 -0.2658318281173706 -0.8636842370033264 0.42823243141174316 0.7235972881317139 0.957952618598938 -0.2864230275154114 0.01698904111981392 10.435535430908203 0.0 0.0 0.0 1.0
0.3475459814071655 0.43678513169288635 0.8297171592712402 0.21875865757465363 -0.22644507884979248 -0.8195887207984924 0.5263049602508545 0.907708466053009 0.9099090099334717 -0.37080052495002747 -0.18593692779541016 10.218158721923828 0.0 0.0 0.0 1.0
0.37740543484687805 0.4371129274368286 0.8163929581642151 0.0028096907772123814 -0.22476741671562195 -0.8119878172874451 0.5386607050895691 0.9951991438865662 0.8983566761016846 -0.38679200410842896 -0.2081998735666275 10.19430923461914 0.0 0.0 0.0 1.0
0.4172409176826477 0.43222877383232117 0.7994299530982971 -0.0709199532866478 -0.2199563831090927 -0.8054758906364441 0.5502979159355164 0.9989200830459595 0.8817761540412903 -0.40544652938842773 -0.2410060167312622 10.156222343444824 0.0 0.0 0.0 1.0
0.46759459376335144 0.42376014590263367 0.7757465243339539 0.038322750478982925 -0.2089729905128479 -0.7997263669967651 0.5628215074539185 0.9383426308631897 0.8588862419128418 -0.42528235912323 -0.28539329767227173 10.192627906799316 0.0 0.0 0.0 1.0
0.5216520428657532 0.41434168815612793 0.7457882761955261 0.23323959112167358 -0.19453369081020355 -0.7933561205863953 0.5768385529518127 0.9589119553565979 0.8306839466094971 -0.4459899365901947 -0.3332524001598358 10.224042892456055 0.0 0.0 0.0 1.0
0.7171225547790527 0.3702073395252228 0.5904927849769592 0.4843537509441376 -0.11742781102657318 -0.7709620594978333 0.6259618401527405 1.094440221786499 0.6869832277297974 -0.5182316303253174 -0.5094016194343567 10.569132804870605 0.0 0.0 0.0 1.0
0.7385925054550171 0.36570727825164795 0.5663384795188904 0.4802882969379425 -0.1022718995809555 -0.7695695161819458 0.6303198933601379 1.0902824401855469 0.6663494110107422 -0.5234701037406921 -0.5309967398643494 10.650729179382324 0.0 0.0 0.0 1.0
0.7595497369766235 0.3590429723262787 0.5423765778541565 0.4698348939418793 -0.08968120068311691 -0.7680789828300476 0.6340441107749939 1.1585460901260376 0.6442371606826782 -0.5302290320396423 -0.5511947870254517 10.790302276611328 0.0 0.0 0.0 1.0
0.7777203917503357 0.35095158219337463 0.5215207934379578 0.3991084396839142 -0.08103761076927185 -0.7667429447174072 0.6368188261985779 1.2037558555603027 0.6233649253845215 -0.5375297665596008 -0.5678713321685791 11.009127616882324 0.0 0.0 0.0 1.0
0.7936248779296875 0.33953869342803955 0.5048494935035706 0.2141968011856079 -0.07641434669494629 -0.7675901055335999 0.6363695859909058 1.1597464084625244 0.6035895943641663 -0.5436164736747742 -0.5832329988479614 11.268972396850586 0.0 0.0 0.0 1.0
0.87002032995224 0.28954529762268066 0.39903393387794495 -0.11913307756185532 -0.03629499673843384 -0.7695614695549011 0.6375404596328735 1.2062535285949707 0.49167799949645996 -0.5691561102867126 -0.6590250730514526 11.90092658996582 0.0 0.0 0.0 1.0
0.8815404772758484 0.28073403239250183 0.3795717656612396 -0.16131775081157684 -0.029623903334140778 -0.7695160508155823 0.637939989566803 1.213881492614746 0.4711780548095703 -0.5736143589019775 -0.6700431108474731 12.096330642700195 0.0 0.0 0.0 1.0
0.8926093578338623 0.27263545989990234 0.35905221104621887 -0.18465811014175415 -0.022016091272234917 -0.7691121697425842 0.6387344598770142 1.2329565286636353 0.45029309391975403 -0.5780452489852905 -0.6805143356323242 12.197403907775879 0.0 0.0 0.0 1.0
0.9033821821212769 0.2638808488845825 0.3380347490310669 -0.1957145482301712 -0.014623106457293034 -0.7688465714454651 0.6392660737037659 1.2608667612075806 0.4285869300365448 -0.5824447274208069 -0.6907035708427429 12.216031074523926 0.0 0.0 0.0 1.0
0.9138011336326599 0.2547900676727295 0.31630611419677734 -0.2123323380947113 -0.007677780464291573 -0.7677932381629944 0.6406517028808594 1.262965440750122 0.4060893952846527 -0.5878567695617676 -0.6996541023254395 12.220406532287598 0.0 0.0 0.0 1.0
0.9666057825088501 0.1972854882478714 0.16355936229228973 -0.17848391830921173 0.046767137944698334 -0.7633171677589417 0.6443288922309875 1.4661266803741455 0.25196442008018494 -0.6151628494262695 -0.747053325176239 12.831120491027832 0.0 0.0 0.0 1.0
0.9729145169258118 0.18657749891281128 0.13647791743278503 -0.17989376187324524 0.0561068095266819 -0.7633291482925415 0.6435686945915222 1.4871841669082642 0.22425301373004913 -0.6184799671173096 -0.7531222701072693 12.834108352661133 0.0 0.0 0.0 1.0
0.9783921837806702 0.17542529106140137 0.10942882299423218 -0.202091783285141 0.06463006883859634 -0.7622271776199341 0.6440750360488892 1.475421667098999 0.19639667868614197 -0.623085618019104 -0.7570949196815491 12.863188743591309 0.0 0.0 0.0 1.0
0.9827682971954346 0.16609318554401398 0.08111460506916046 -0.17672578990459442 0.07567031681537628 -0.76189124584198 0.6432695388793945 1.4531691074371338 0.16864319145679474 -0.6260469555854797 -0.7613308429718018 12.943902015686035 0.0 0.0 0.0 1.0
0.9863959550857544 0.1557420790195465 0.05260660499334335 -0.152128204703331 0.0859016627073288 -0.7611901760101318 0.6428144574165344 1.519546389579773 0.14015689492225647 -0.629550576210022 -0.7642133831977844 13.022247314453125 0.0 0.0 0.0 1.0
0.9900222420692444 0.09085523337125778 -0.10770914703607559 -0.11790015548467636 0.13883092999458313 -0.7597681283950806 0.6351994872093201 1.662755012512207 -0.024122780188918114 -0.6438149809837341 -0.7648008465766907 13.289608001708984 0.0 0.0 0.0 1.0
0.9875815510749817 0.08133559674024582 -0.13441437482833862 -0.07872933894395828 0.1486920714378357 -0.7601435780525208 0.6325127482414246 1.6579890251159668 -0.05072842538356781 -0.6446442604064941 -0.7627977132797241 13.309161186218262 0.0 0.0 0.0 1.0
0.9843593239784241 0.07089066505432129 -0.16127993166446686 -0.034219950437545776 0.15793269872665405 -0.7607436180114746 0.6295446157455444 1.693824291229248 -0.07806384563446045 -0.6451694965362549 -0.7600410580635071 13.35710620880127 0.0 0.0 0.0 1.0
0.9804578423500061 0.06019241735339165 -0.1872946321964264 -0.014100644737482071 0.16648148000240326 -0.7611026763916016 0.6269024014472961 1.7335174083709717 -0.10481567680835724 -0.6458324790000916 -0.7562500238418579 13.443314552307129 0.0 0.0 0.0 1.0
0.97608482837677 0.05134747922420502 -0.211238831281662 -0.034047260880470276 0.17514696717262268 -0.7613396048545837 0.6242480278015137 1.7500193119049072 -0.12877093255519867 -0.6463168859481812 -0.7521253824234009 13.528729438781738 0.0 0.0 0.0 1.0
0.9357686042785645 -0.0055567603558301926 -0.35257092118263245 -0.29702505469322205 0.22523345053195953 -0.7598975300788879 0.6097750663757324 1.9005876779556274 -0.2713061571121216 -0.650019109249115 -0.7098366618156433 13.561347007751465 0.0 0.0 0.0 1.0
0.9267420768737793 -0.017128491774201393 -0.37530747056007385 -0.35323092341423035 0.2318868339061737 -0.7598976492881775 0.6072759628295898 1.9730455875396729 -0.2955969572067261 -0.6498170495033264 -0.7002572417259216 13.703500747680664 0.0 0.0 0.0 1.0
0.9167669415473938 -0.027058864012360573 -0.39850497245788574 -0.37485265731811523 0.24015794694423676 -0.7598734498023987 0.604083240032196 2.0395517349243164 -0.3191591501235962 -0.6495076417922974 -0.6901284456253052 13.789904594421387 0.0 0.0 0.0 1.0
0.9057729840278625 -0.03828855976462364 -0.42202991247177124 -0.3684309124946594 0.2473383992910385 -0.7609012126922607 0.5998775362968445 2.0902886390686035 -0.3440915048122406 -0.6477370858192444 -0.6797335743904114 13.784507751464844 0.0 0.0 0.0 1.0
0.8937807083129883 -0.04967132583260536 -0.44574517011642456 -0.33574727177619934 0.2540453374385834 -0.7629736065864563 0.5944175720214844 2.082277297973633 -0.3696173131465912 -0.6445184350013733 -0.6693123579025269 13.722806930541992 0.0 0.0 0.0 1.0
0.7981362342834473 -0.11299257725477219 -0.5917864441871643 -0.2027541846036911 0.3014141023159027 -0.7756054401397705 0.5546041131019592 2.001542806625366 -0.5216589570045471 -0.6210224032402039 -0.5849812626838684 13.796127319335938 0.0 0.0 0.0 1.0
0.7795435786247253 -0.12224497646093369 -0.6143028736114502 -0.16032424569129944 0.3091220557689667 -0.777914822101593 0.5470758676528931 1.993307113647461 -0.5447525978088379 -0.616364061832428 -0.5686298608779907 13.687631607055664 0.0 0.0 0.0 1.0
0.7603375315666199 -0.13296817243099213 -0.6357722282409668 -0.15929260849952698 0.31581494212150574 -0.779647171497345 0.5407506227493286 1.9666788578033447 -0.5675806403160095 -0.6119393706321716 -0.5508016347885132 13.5300874710083 0.0 0.0 0.0 1.0
0.7393450736999512 -0.14127559959888458 -0.6583389043807983 -0.12924903631210327 0.32430246472358704 -0.7821447849273682 0.5320502519607544 1.8549180030822754 -0.590082049369812 -0.606869637966156 -0.5324588418006897 13.427665710449219 0.0 0.0 0.0 1.0
0.7180039882659912 -0.1500113308429718 -0.6796814203262329 -0.1254671812057495 0.33351442217826843 -0.782952070236206 0.5251230001449585 1.833508014678955 -0.6109324097633362 -0.6037240028381348 -0.5121318101882935 13.32697582244873 0.0 0.0 0.0 1.0
0.5724849700927734 -0.20825286209583282 -0.7930269241333008 -0.2964821755886078 0.38182365894317627 -0.788214385509491 0.4826270043849945 1.7315324544906616 -0.7255836725234985 -0.5790931582450867 -0.37172502279281616 12.600955963134766 0.0 0.0 0.0 1.0
0.5431468486785889 -0.21572935581207275 -0.8114507794380188 -0.2995142638683319 0.3924402594566345 -0.7891467809677124 0.4724806845188141 1.6736657619476318 -0.7422817349433899 -0.5750723481178284 -0.3439616858959198 12.4622802734375 0.0 0.0 0.0 1.0
0.5138263702392578 -0.22471082210540771 -0.8279417157173157 -0.34134653210639954 0.4017166793346405 -0.7897195219993591 0.4636451303958893 1.7186675071716309 -0.7580277919769287 -0.5708311200141907 -0.315508633852005 12.359049797058105 0.0 0.0 0.0 1.0
0.4836883246898651 -0.23421429097652435 -0.843320369720459 -0.43064597249031067 0.40989241003990173 -0.7907187342643738 0.4547000229358673 1.7269047498703003 -0.7733264565467834 -0.5656037330627441 -0.2864587604999542 12.31326675415039 0.0 0.0 0.0 1.0
0.45247411727905273 -0.2429223656654358 -0.8580535650253296 -0.48704618215560913 0.41765379905700684 -0.792411208152771 0.44457823038101196 1.6786954402923584 -0.7879292368888855 -0.5595294833183289 -0.2570881247520447 12.264598846435547 0.0 0.0 0.0 1.0
0.2264586091041565 -0.30039089918136597 -0.9265429377555847 -0.5827244520187378 0.46220195293426514 -0.8041914105415344 0.37369170784950256 1.550744891166687 -0.85737144947052 -0.5128756761550903 -0.043274808675050735 11.664918899536133 0.0 0.0 0.0 1.0
0.1858600378036499 -0.3094921410083771 -0.9325613379478455 -0.5730023980140686 0.46753859519958496 -0.8069114685058594 0.3609730303287506 1.5054845809936523 -0.8642127513885498 -0.5030989050865173 -0.005273075308650732 11.666501998901367 0.0 0.0 0.0 1.0
0.1447858065366745 -0.3187031149864197 -0.936731219291687 -0.5509644746780396 0.4717555642127991 -0.8099423050880432 0.3484826982021332 1.5284299850463867 -0.8697607517242432 -0.49236351251602173 0.033081818372011185 11.599329948425293 0.0 0.0 0.0 1.0
0.10204944014549255 -0.32742592692375183 -0.939349889755249 -0.5054422616958618 0.47445908188819885 -0.8139363527297974 0.3352554142475128 1.518923282623291 -0.8743423223495483 -0.4798957109451294 0.07228844612836838 11.486002922058105 0.0 0.0 0.0 1.0
0.058933332562446594 -0.33755621314048767 -0.9394587278366089 -0.4838443100452423 0.4757537245750427 -0.8178470134735107 0.3237045705318451 1.4789775609970093 -0.8776019811630249 -0.46602797508239746 0.11239516735076904 11.404523849487305 0.0 0.0 0.0 1.0
-0.18341505527496338 -0.37728196382522583 -0.9077539443969727 -0.07536712288856506 0.4638558626174927 -0.8473697900772095 0.25846123695373535 1.623853087425232 -0.8667160272598267 -0.3736613094806671 0.33042484521865845 11.330175399780273 0.0 0.0 0.0 1.0
-0.2100362926721573 -0.37918588519096375 -0.9011674523353577 -0.11374063044786453 0.45869413018226624 -0.8522080183029175 0.25167667865753174 1.582121729850769 -0.8634144067764282 -0.36049899458885193 0.35292497277259827 11.334626197814941 0.0 0.0 0.0 1.0
-0.23560133576393127 -0.3800866901874542 -0.8944417834281921 -0.16865210235118866 0.45437556505203247 -0.8566451072692871 0.2443399876356125 1.569118618965149 -0.8590895533561707 -0.3488456606864929 0.37452882528305054 11.3616943359375 0.0 0.0 0.0 1.0
-0.25948190689086914 -0.3790006637573242 -0.8882722854614258 -0.24251994490623474 0.4482263922691345 -0.8619733452796936 0.23684388399124146 1.592768669128418 -0.8554310202598572 -0.33669036626815796 0.39354458451271057 11.434239387512207 0.0 0.0 0.0 1.0
-0.2840248942375183 -0.3779463469982147 -0.8811846971511841 -0.29739412665367126 0.4418811798095703 -0.867213249206543 0.22952602803707123 1.5901777744293213 -0.8509235382080078 -0.3241878151893616 0.4133175313472748 11.56624698638916 0.0 0.0 0.0 1.0
-0.4457930028438568 -0.36435839533805847 -0.8176255822181702 -0.14479632675647736 0.4055120050907135 -0.8965089321136475 0.17841437458992004 1.204704761505127 -0.7980154156684875 -0.25202110409736633 0.5474091172218323 11.58130168914795 0.0 0.0 0.0 1.0
-0.4755997061729431 -0.36217936873435974 -0.8016427159309387 -0.04405418783426285 0.40043923258781433 -0.9005491137504578 0.16929177939891815 1.1323761940002441 -0.7832326292991638 -0.24049408733844757 0.5733317136764526 11.598998069763184 0.0 0.0 0.0 1.0
-0.5046401023864746 -0.3607839047908783 -0.784329891204834 -0.00011111603089375421 0.3940604031085968 -0.9045934081077576 0.16256432235240936 1.1934460401535034 -0.7681502103805542 -0.22703687846660614 0.5986647605895996 11.614540100097656 0.0 0.0 0.0 1.0
-0.5332149863243103 -0.35810402035713196 -0.7664484977722168 0.023202601820230484 0.38612398505210876 -0.9091351628303528 0.15614597499370575 1.2874436378479004 -0.7527217268943787 -0.212684765458107 0.6230370402336121 11.65998363494873 0.0 0.0 0.0 1.0
-0.5607747435569763 -0.35464218258857727 -0.7481715083122253 0.007542421575635672 0.378338485956192 -0.9135238528251648 0.14944623410701752 1.3150006532669067 -0.736472487449646 -0.19925642013549805 0.6464558839797974 11.804953575134277 0.0 0.0 0.0 1.0
-0.7105871438980103 -0.3306538462638855 -0.6210747957229614 -0.22199632227420807 0.33375754952430725 -0.9354726672172546 0.11617570370435715 1.6021645069122314 -0.6194124221801758 -0.12473545223474503 0.7750930786132812 12.396800994873047 0.0 0.0 0.0 1.0
-0.7329442501068115 -0.3255942761898041 -0.5973115563392639 -0.19035200774669647 0.3260354697704315 -0.9387425184249878 0.11163917183876038 1.6980805397033691 -0.5970708131790161 -0.11291946470737457 0.7942012548446655 12.619458198547363 0.0 0.0 0.0 1.0
-0.7582734823226929 -0.318438321352005 -0.5688745975494385 -0.12215149402618408 0.31684255599975586 -0.9426131844520569 0.10531466454267502 1.7765488624572754 -0.5697649121284485 -0.1003863587975502 0.8156534433364868 12.815164566040039 0.0 0.0 0.0 1.0
-0.7780344486236572 -0.3120354413986206 -0.545248806476593 -0.1322154700756073 0.30847644805908203 -0.9458428025245667 0.10111195594072342 1.8586535453796387 -0.5472701787948608 -0.08952782303094864 0.8321539163589478 12.876303672790527 0.0 0.0 0.0 1.0
-0.7970025539398193 -0.3041445016860962 -0.5218074917793274 -0.19066521525382996 0.2994500994682312 -0.9492775201797485 0.09592626988887787 1.904593586921692 -0.5245155692100525 -0.07980183511972427 0.8476526737213135 12.920088768005371 0.0 0.0 0.0 1.0
-0.8948721885681152 -0.24330046772956848 -0.37417736649513245 -0.2881457209587097 0.23264947533607483 -0.9697300791740417 0.0741472840309143 2.1033785343170166 -0.3808911144733429 -0.02069983258843422 0.9243881702423096 13.90500545501709 0.0 0.0 0.0 1.0
-0.9081120491027832 -0.22996149957180023 -0.3499288260936737 -0.32867661118507385 0.21847787499427795 -0.9731422066688538 0.07253718376159668 2.208785057067871 -0.35721129179000854 -0.010579817928373814 0.9339636564254761 14.050777435302734 0.0 0.0 0.0 1.0
-0.9205009341239929 -0.21555213630199432 -0.3259068727493286 -0.36241012811660767 0.2032236009836197 -0.9764923453330994 0.07185336202383041 2.2862443923950195 -0.3337337076663971 -9.087783109862357e-05 0.9426673650741577 14.149982452392578 0.0 0.0 0.0 1.0
-0.932540774345398 -0.20024560391902924 -0.3004486858844757 -0.3525182604789734 0.1876792460680008 -0.9797016382217407 0.07043597847223282 2.3019278049468994 -0.3084545433521271 0.009296435862779617 0.951193630695343 14.3251314163208 0.0 0.0 0.0 1.0
-0.944651186466217 -0.18493223190307617 -0.2709875702857971 -0.21718579530715942 0.17243637144565582 -0.9825701713562012 0.06943745166063309 2.37111759185791 -0.2791055142879486 0.018866056576371193 0.9600750803947449 14.465452194213867 0.0 0.0 0.0 1.0
-0.9854441285133362 -0.11378210783004761 -0.12630708515644073 -0.013856328092515469 0.10213512182235718 -0.9902084469795227 0.09516126662492752 3.314502716064453 -0.13589799404144287 0.08087571710348129 0.9874162673950195 15.214455604553223 0.0 0.0 0.0 1.0
-0.9906108379364014 -0.09862988442182541 -0.09466934204101562 0.22964510321617126 0.08944088220596313 -0.9912728667259216 0.09684254974126816 3.3388113975524902 -0.10339471697807312 0.08746597170829773 0.9907872080802917 15.20703411102295 0.0 0.0 0.0 1.0