-0.9521856307983398 0.272422730922699 0.13830524682998657 0.4373030662536621 -0.22552327811717987 -0.9321189522743225 0.28336116671562195 5.1959123611450195 0.20611095428466797 0.23862138390541077 0.9489879608154297 15.706449508666992 0.0 0.0 0.0 1.0
-0.9538336396217346 0.2682877480983734 0.13499276340007782 0.43713054060935974 -0.22217018902301788 -0.932745635509491 0.2839471399784088 5.209578037261963 0.2020934522151947 0.24084696173667908 0.9492897391319275 15.657809257507324 0.0 0.0 0.0 1.0
-0.9618219137191772 0.2501462399959564 0.11101993173360825 0.3431452810764313 -0.21082432568073273 -0.9358917474746704 0.2822405993938446 5.053983211517334 0.17450405657291412 0.2480594962835312 0.9528981447219849 15.22216510772705 0.0 0.0 0.0 1.0
-0.9751002788543701 0.2032148689031601 0.08878688514232635 0.16416223347187042 -0.17505428194999695 -0.9511245489120483 0.25439751148223877 4.647701740264893 0.1361447423696518 0.23252058029174805 0.9630154371261597 15.638239860534668 0.0 0.0 0.0 1.0
-0.9851111173629761 0.16232000291347504 0.05664191395044327 0.17695637047290802 -0.14532876014709473 -0.962267279624939 0.23004616796970367 4.230584144592285 0.09184575825929642 0.2183893322944641 0.9715299606323242 15.763130187988281 0.0 0.0 0.0 1.0
-0.9874498844146729 -0.12828052043914795 -0.09212429821491241 -0.4514533281326294 0.10417556762695312 -0.9674681425094604 0.23054900765419006 3.6998658180236816 -0.11870227009057999 0.2180584818124771 0.9686899781227112 15.401981353759766 0.0 0.0 0.0 1.0
-0.9784683585166931 -0.18435099720954895 -0.0928134098649025 -0.43452590703964233 0.15809419751167297 -0.9585161209106445 0.23717723786830902 3.7552425861358643 -0.1326870173215866 0.21739716827869415 0.9670225381851196 15.31982135772705 0.0 0.0 0.0 1.0
-0.9680047035217285 -0.23042532801628113 -0.09935340285301208 -0.3842676281929016 0.2027880847454071 -0.9515562057495117 0.23112280666828156 3.757359504699707 -0.1477968990802765 0.20358027517795563 0.9678384065628052 15.581833839416504 0.0 0.0 0.0 1.0
-0.9624141454696655 -0.24848128855228424 -0.1096179410815239 -0.23588648438453674 0.2171485722064972 -0.9464511275291443 0.23890742659568787 3.7748990058898926 -0.16311204433441162 0.20612451434135437 0.9648352861404419 15.263258934020996 0.0 0.0 0.0 1.0
-0.9561980962753296 -0.26282384991645813 -0.12887544929981232 -0.2764444351196289 0.22824430465698242 -0.9450882077217102 0.23390771448612213 3.7665154933929443 -0.18327519297599792 0.19424700736999512 0.9636795520782471 15.430832862854004 0.0 0.0 0.0 1.0
-0.9167547821998596 -0.33637580275535583 -0.21543453633785248 1.0401498079299927 0.28649407625198364 -0.9295193552970886 0.23219582438468933 3.912398099899292 -0.2783556282520294 0.15114590525627136 0.9485109448432922 16.333627700805664 0.0 0.0 0.0 1.0
-0.8944413661956787 -0.37373092770576477 -0.24556021392345428 0.9052680730819702 0.32606610655784607 -0.9208506941795349 0.2138105034828186 3.4163334369659424 -0.30603188276290894 0.11117210239171982 0.9455079436302185 16.466922760009766 0.0 0.0 0.0 1.0
-0.8585913777351379 -0.43927061557769775 -0.2643144726753235 0.28968703746795654 0.3790575861930847 -0.8910791277885437 0.24958637356758118 3.746187210083008 -0.3451610803604126 0.114102303981781 0.9315817356109619 16.18147850036621 0.0 0.0 0.0 1.0
-0.8100928664207458 -0.5148577690124512 -0.28048351407051086 -0.31685876846313477 0.43792006373405457 -0.8494343161582947 0.29442712664604187 4.386544227600098 -0.38984042406082153 0.11568395793437958 0.9135872721672058 16.286720275878906 0.0 0.0 0.0 1.0
-0.7676131725311279 -0.5673131942749023 -0.298204243183136 -0.6093088388442993 0.4794470965862274 -0.8170548677444458 0.3202372193336487 4.73826265335083 -0.4253239929676056 0.10284514725208282 0.8991787433624268 16.662290573120117 0.0 0.0 0.0 1.0
-0.6178184151649475 -0.7100731730461121 -0.33778172731399536 -0.49356740713119507 0.6226426362991333 -0.7041276693344116 0.34135085344314575 4.4674811363220215 -0.480225533246994 0.0005755269667133689 0.8771448731422424 16.932659149169922 0.0 0.0 0.0 1.0
-0.5899455547332764 -0.7421323657035828 -0.31812533736228943 -0.38151320815086365 0.6494950652122498 -0.6702330112457275 0.35908758640289307 4.904730796813965 -0.47970864176750183 0.005221290979534388 0.8774123191833496 16.884645462036133 0.0 0.0 0.0 1.0
-0.5493280291557312 -0.7784196734428406 -0.3038117587566376 -0.1691468209028244 0.6771091222763062 -0.6277222633361816 0.38404157757759094 5.136750221252441 -0.48965492844581604 0.005251086317002773 0.8719004988670349 16.300275802612305 0.0 0.0 0.0 1.0
-0.49113163352012634 -0.8072775602340698 -0.3272501826286316 -0.5572289228439331 0.7051383852958679 -0.589018702507019 0.39476168155670166 4.790393352508545 -0.5114387273788452 -0.03687671571969986 0.8585281372070312 16.200641632080078 0.0 0.0 0.0 1.0
-0.44601383805274963 -0.8230202794075012 -0.3517233431339264 -1.0304557085037231 0.7113710045814514 -0.5644577145576477 0.4187347888946533 4.533658504486084 -0.5431602001190186 -0.06344427168369293 0.8372286558151245 15.996185302734375 0.0 0.0 0.0 1.0
-0.24727703630924225 -0.8823723196983337 -0.4003412425518036 -0.8583499789237976 0.7526484727859497 -0.4351249635219574 0.49415233731269836 4.661314010620117 -0.6102248430252075 -0.17912369966506958 0.771712601184845 16.684188842773438 0.0 0.0 0.0 1.0
-0.19045865535736084 -0.8890684843063354 -0.41627243161201477 -1.170064926147461 0.7581676840782166 -0.40258222818374634 0.5129418969154358 4.217076301574707 -0.623624324798584 -0.21791008114814758 0.7507382035255432 16.572471618652344 0.0 0.0 0.0 1.0
-0.13048101961612701 -0.8939504623413086 -0.4287508428096771 -1.3920716047286987 0.7665290236473083 -0.36523374915122986 0.5282400846481323 3.9746577739715576 -0.628814697265625 -0.2597246766090393 0.732895016670227 17.011564254760742 0.0 0.0 0.0 1.0
-0.05825674533843994 -0.9021832346916199 -0.42740100622177124 -1.6010634899139404 0.7795351147651672 -0.30856406688690186 0.5450809001922607 3.7658462524414062 -0.6236434578895569 -0.3014194369316101 0.7212594151496887 16.908464431762695 0.0 0.0 0.0 1.0
0.005082957446575165 -0.9099866151809692 -0.4146064221858978 -1.7572835683822632 0.7887536883354187 -0.25121191143989563 0.5610349178314209 3.9051547050476074 -0.6146883368492126 -0.32987406849861145 0.7164784073829651 17.024229049682617 0.0 0.0 0.0 1.0
0.1897282600402832 -0.9118683338165283 -0.36400461196899414 -0.5520947575569153 0.789206326007843 -0.07891225814819336 0.6090371608734131 4.0573883056640625 -0.5840861201286316 -0.4028262794017792 0.7046803832054138 16.651575088500977 0.0 0.0 0.0 1.0
0.22678500413894653 -0.8960020542144775 -0.38177067041397095 -0.25824064016342163 0.7848341464996338 -0.0639868900179863 0.6163935661315918 3.59536075592041 -0.576718270778656 -0.43941548466682434 0.6887017488479614 16.41719627380371 0.0 0.0 0.0 1.0
0.28192833065986633 -0.8774853944778442 -0.3879893720149994 -0.5776516199111938 0.7747136950492859 -0.030352460220456123 0.6315832138061523 3.4135825634002686 -0.5659815073013306 -0.47864192724227905 0.6712427735328674 16.41742515563965 0.0 0.0 0.0 1.0
0.34457865357398987 -0.8538706302642822 -0.3900904357433319 -1.0690473318099976 0.7538920044898987 0.004088727757334709 0.6569856405258179 3.3781275749206543 -0.5593857765197754 -0.5204693078994751 0.6451351046562195 16.504722595214844 0.0 0.0 0.0 1.0
0.39684170484542847 -0.8234739899635315 -0.40547168254852295 -1.3929131031036377 0.7340646982192993 0.01951940357685089 0.6787989735603333 3.3474810123443604 -0.5510587096214294 -0.5670182108879089 0.6122292876243591 17.31380271911621 0.0 0.0 0.0 1.0
0.4687884449958801 -0.7677447199821472 -0.4368128776550293 -0.517876923084259 0.7259359359741211 0.053122423589229584 0.6857076287269592 4.447368144989014 -0.5032438635826111 -0.6385499835014343 0.582236647605896 17.363643646240234 0.0 0.0 0.0 1.0
0.5153116583824158 -0.7308520078659058 -0.4475591480731964 -1.0538337230682373 0.7021096348762512 0.06056957691907883 0.7094880938529968 4.256156921386719 -0.4914223551750183 -0.6798431277275085 0.5443504452705383 17.732006072998047 0.0 0.0 0.0 1.0
0.5320637822151184 -0.7068458795547485 -0.46612977981567383 -1.1216307878494263 0.6877783536911011 0.039719536900520325 0.7248333096504211 3.9459290504455566 -0.49383097887039185 -0.7062515616416931 0.5072866678237915 18.080589294433594 0.0 0.0 0.0 1.0
0.5831646919250488 -0.6626574993133545 -0.4698978364467621 -1.7777783870697021 0.6658021211624146 0.05847128480672836 0.7438337206840515 4.016459941864014 -0.46543148159980774 -0.7466365694999695 0.4752971827983856 18.578004837036133 0.0 0.0 0.0 1.0
0.6200829744338989 -0.6308928728103638 -0.4663380980491638 -2.1001386642456055 0.647494912147522 0.07590112090110779 0.7582805156707764 4.087251663208008 -0.4429982006549835 -0.7721484303474426 0.455564945936203 18.90445327758789 0.0 0.0 0.0 1.0
0.6715462803840637 -0.5922056436538696 -0.44532912969589233 -0.35830438137054443 0.6297563314437866 0.13948696851730347 0.7641664147377014 5.391524314880371 -0.39042606949806213 -0.7936219573020935 0.466617226600647 19.900068283081055 0.0 0.0 0.0 1.0
0.6761108636856079 -0.5906200408935547 -0.44050201773643494 0.1770108938217163 0.6268535256385803 0.14690865576267242 0.7651617527008057 5.440223217010498 -0.3872063159942627 -0.7934644222259521 0.46955880522727966 19.492069244384766 0.0 0.0 0.0 1.0
0.6990004777908325 -0.5684456825256348 -0.4338984191417694 0.2737569510936737 0.6094080209732056 0.15600919723510742 0.7773564457893372 5.331153869628906 -0.3741927742958069 -0.8077936768531799 0.4554658532142639 19.257253646850586 0.0 0.0 0.0 1.0
0.7278873324394226 -0.5378449559211731 -0.42532670497894287 0.14580313861370087 0.5854665040969849 0.1645897477865219 0.7938131093978882 5.344310760498047 -0.35694393515586853 -0.8268210291862488 0.43469297885894775 19.367698669433594 0.0 0.0 0.0 1.0
0.7633689045906067 -0.5044829249382019 -0.40344133973121643 -0.37415018677711487 0.5531798601150513 0.1880391240119934 0.8115622997283936 5.241005897521973 -0.33355656266212463 -0.842697024345398 0.4226130247116089 19.034433364868164 0.0 0.0 0.0 1.0
0.9135328531265259 -0.29858994483947754 -0.27622777223587036 -2.30859112739563 0.3743150234222412 0.35130375623703003 0.858180582523346 5.825832843780518 -0.15920425951480865 -0.8873723745346069 0.4326942265033722 18.296907424926758 0.0 0.0 0.0 1.0
0.9203656315803528 -0.27560123801231384 -0.27743661403656006 -2.2253222465515137 0.3679015338420868 0.3697125017642975 0.8532063961029053 5.74392032623291 -0.1325729489326477 -0.8873311877250671 0.44166478514671326 18.210830688476562 0.0 0.0 0.0 1.0
0.9236365556716919 -0.2718145251274109 -0.2702080011367798 -1.949088454246521 0.36116692423820496 0.3813147246837616 0.850974440574646 5.929263591766357 -0.1282729208469391 -0.8835813403129578 0.45036664605140686 18.130338668823242 0.0 0.0 0.0 1.0
0.9271193146705627 -0.26180657744407654 -0.26815494894981384 -1.607132077217102 0.35577699542045593 0.3899799883365631 0.849316418170929 5.888154983520508 -0.11778157204389572 -0.8828210234642029 0.4547027349472046 17.84303855895996 0.0 0.0 0.0 1.0
0.9415743350982666 -0.2288157194852829 -0.24714607000350952 -1.5781341791152954 0.32263198494911194 0.4021303653717041 0.8568545579910278 5.757828235626221 -0.09667686372995377 -0.8865295052528381 0.4524588882923126 17.478239059448242 0.0 0.0 0.0 1.0
0.9914929866790771 0.039794113487005234 -0.12392789870500565 -2.4990017414093018 0.09515675157308578 0.4280175566673279 0.8987470269203186 5.020684719085693 0.08880815654993057 -0.9028939008712769 0.42058971524238586 18.229215621948242 0.0 0.0 0.0 1.0
0.9911391735076904 0.0650487169623375 -0.11580946296453476 -2.313891649246216 0.07538563758134842 0.44237709045410156 0.8936551213264465 5.141739368438721 0.10936257243156433 -0.8944669961929321 0.433553546667099 18.06136131286621 0.0 0.0 0.0 1.0
0.9899662733078003 0.0900522992014885 -0.1088913232088089 -1.9470911026000977 0.057490091770887375 0.44726958870887756 0.8925495743751526 5.169908046722412 0.1290799230337143 -0.8898541927337646 0.43760472536087036 18.3126277923584 0.0 0.0 0.0 1.0
0.9900173544883728 0.09695558249950409 -0.1022999957203865 -1.4412624835968018 0.04759170114994049 0.45322805643081665 0.8901232481002808 5.191215991973877 0.1326676458120346 -0.8861060738563538 0.4440893530845642 18.151283264160156 0.0 0.0 0.0 1.0
0.9865128993988037 0.12088453024625778 -0.1103598028421402 -0.8259324431419373 0.043689336627721786 0.4553019404411316 0.8892645239830017 5.169268608093262 0.1577453464269638 -0.8820924162864685 0.4438798427581787 18.07760238647461 0.0 0.0 0.0 1.0
0.961399495601654 0.27350059151649475 0.03013937547802925 -0.7364392876625061 -0.14208365976810455 0.3996528685092926 0.9055880904197693 4.687558174133301 0.23563359677791595 -0.874914288520813 0.4230860471725464 17.671785354614258 0.0 0.0 0.0 1.0
0.9512607455253601 0.3047144412994385 0.047456882894039154 -0.7585203051567078 -0.17152905464172363 0.39491403102874756 0.9025633931159973 4.753669261932373 0.2562827169895172 -0.8667133450508118 0.42793357372283936 17.535781860351562 0.0 0.0 0.0 1.0
0.9375370740890503 0.339360773563385 0.07654059678316116 -0.9799262285232544 -0.2119213044643402 0.38264286518096924 0.8992629051208496 4.661436557769775 0.2758868336677551 -0.8593129515647888 0.4306596517562866 17.493505477905273 0.0 0.0 0.0 1.0
0.9255188703536987 0.3674658536911011 0.0915621966123581 -1.1417615413665771 -0.23843829333782196 0.3775981366634369 0.8947439789772034 4.665588855743408 0.294214129447937 -0.8499343991279602 0.4370921552181244 17.466022491455078 0.0 0.0 0.0 1.0
0.9164612889289856 0.38836669921875 0.09628112614154816 -1.0447238683700562 -0.2560715973377228 0.38438811898231506 0.8869459629058838 4.933691024780273 0.30745095014572144 -0.8375064730644226 0.451726496219635 17.583051681518555 0.0 0.0 0.0 1.0
0.8425891995429993 0.5131264328956604 0.16353796422481537 -0.22873002290725708 -0.38334259390830994 0.3581453561782837 0.8513403534889221 4.93641996383667 0.3782748878002167 -0.7800212502479553 0.498472660779953 16.946043014526367 0.0 0.0 0.0 1.0
0.8281733989715576 0.5259251594543457 0.19373057782649994 -0.2033376693725586 -0.4149269759654999 0.3429495394229889 0.8427462577819824 5.076498508453369 0.3767816126346588 -0.7783240675926208 0.5022422075271606 16.898235321044922 0.0 0.0 0.0 1.0
0.7918756604194641 0.5614635348320007 0.2401908040046692 -0.7399892807006836 -0.4737706482410431 0.3166564702987671 0.8217481970787048 5.320070266723633 0.3853236734867096 -0.7645177245140076 0.5167574882507324 16.900501251220703 0.0 0.0 0.0 1.0
0.7541940808296204 0.591327428817749 0.2855226993560791 -0.951688289642334 -0.5216395258903503 0.2754160463809967 0.8074887990951538 5.203951835632324 0.39885273575782776 -0.7579432129859924 0.5161769390106201 17.47179412841797 0.0 0.0 0.0 1.0
0.710227370262146 0.6301446557044983 0.31383880972862244 -1.0400625467300415 -0.5571268200874329 0.23060905933380127 0.7977650761604309 4.839958190917969 0.43033334612846375 -0.7414426207542419 0.5148553252220154 17.69269371032715 0.0 0.0 0.0 1.0
0.5902893543243408 0.743522584438324 0.31421759724617004 0.4655395448207855 -0.6293880939483643 0.18022745847702026 0.7559025883674622 4.3970627784729 0.5054000020027161 -0.643966019153595 0.5743505954742432 17.456615447998047 0.0 0.0 0.0 1.0
0.570480465888977 0.7530187964439392 0.327894389629364 0.5277649164199829 -0.6451172828674316 0.16375337541103363 0.7463300824165344 4.122768878936768 0.5083067417144775 -0.6372970342636108 0.5792034864425659 17.305994033813477 0.0 0.0 0.0 1.0
0.5288110375404358 0.7781603336334229 0.3388589024543762 0.32610225677490234 -0.670647919178009 0.1384071707725525 0.7287487983703613 4.059524059295654 0.5201829075813293 -0.6126254200935364 0.5950628519058228 16.94243621826172 0.0 0.0 0.0 1.0
0.4888797700405121 0.7958180904388428 0.35730960965156555 0.1139652356505394 -0.6963716149330139 0.10932152718305588 0.7093062996864319 4.0141682624816895 0.5254170894622803 -0.5955857634544373 0.60763019323349 16.80954933166504 0.0 0.0 0.0 1.0
0.45297208428382874 0.8049216270446777 0.38329818844795227 0.15039415657520294 -0.7162567377090454 0.07257237285375595 0.6940529346466064 4.112151622772217 0.5308413505554199 -0.5889265537261963 0.6094037890434265 17.306699752807617 0.0 0.0 0.0 1.0
0.18444480001926422 0.8784551620483398 0.44079092144966125 -1.1863205432891846 -0.8014941215515137 -0.1251365691423416 0.5847631692886353 5.0017266273498535 0.5688472986221313 -0.46114787459373474 0.6809958815574646 18.149198532104492 0.0 0.0 0.0 1.0
0.16263335943222046 0.8831397294998169 0.44001662731170654 -1.1800600290298462 -0.8042523860931396 -0.13969598710536957 0.5776357650756836 5.123849391937256 0.5716016888618469 -0.4478272795677185 0.6875479817390442 18.406597137451172 0.0 0.0 0.0 1.0
0.14031097292900085 0.8922771215438843 0.4291321635246277 -1.2176283597946167 -0.8070628046989441 -0.14800231158733368 0.5716160535812378 5.409618854522705 0.5735524892807007 -0.4265406131744385 0.6993573307991028 18.44422149658203 0.0 0.0 0.0 1.0
0.13342706859111786 0.8919529318809509 0.4319920837879181 -0.8297719359397888 -0.8064791560173035 -0.15562307834625244 0.570414662361145 5.404648780822754 0.5760109424591064 -0.42450135946273804 0.6985771059989929 18.507814407348633 0.0 0.0 0.0 1.0
0.09750623255968094 0.8970089554786682 0.4311234652996063 -0.8707063794136047 -0.8112705945968628 -0.17928287386894226 0.5565048456192017 5.471819877624512 0.576482892036438 -0.4040204882621765 0.7102358341217041 18.025592803955078 0.0 0.0 0.0 1.0
-0.23824216425418854 0.8506022691726685 0.46873927116394043 -1.4140986204147339 -0.7750452160835266 -0.4573628604412079 0.436032235622406 4.826817989349365 0.5852739214897156 -0.25941285490989685 0.7682183384895325 18.990652084350586 0.0 0.0 0.0 1.0
-0.2691494822502136 0.8480949401855469 0.456391841173172 -1.512155532836914 -0.7671117782592773 -0.475302517414093 0.43084457516670227 4.964049339294434 0.582321286201477 -0.23414196074008942 0.7785110473632812 19.018260955810547 0.0 0.0 0.0 1.0
-0.28797489404678345 0.8474131226539612 0.4460509419441223 -1.4314463138580322 -0.756527304649353 -0.4868915379047394 0.4365810751914978 5.0108795166015625 0.5871430039405823 -0.21172533929347992 0.7813037037849426 18.789878845214844 0.0 0.0 0.0 1.0
-0.31891366839408875 0.8461207747459412 0.4270523488521576 -1.7316465377807617 -0.753659725189209 -0.49961167573928833 0.42706573009490967 5.272688865661621 0.5747095346450806 -0.18565507233142853 0.7970201969146729 18.791259765625 0.0 0.0 0.0 1.0
-0.324882447719574 0.8441444039344788 0.42646414041519165 -1.619586706161499 -0.756249189376831 -0.5026535391807556 0.41883960366249084 5.104916572570801 0.5679247975349426 -0.18643952906131744 0.8016868233680725 18.594707489013672 0.0 0.0 0.0 1.0
-0.581599771976471 0.6922801733016968 0.42718833684921265 -2.2732326984405518 -0.6480687856674194 -0.7117151618003845 0.2710506021976471 4.661649703979492 0.4916793406009674 -0.11920445412397385 0.8625785112380981 19.72663116455078 0.0 0.0 0.0 1.0
-0.6068023443222046 0.6763084530830383 0.41760969161987305 -2.129957437515259 -0.629794180393219 -0.7296193838119507 0.26648610830307007 4.698465824127197 0.4849229156970978 -0.10130374133586884 0.868669867515564 19.70891761779785 0.0 0.0 0.0 1.0
-0.626421332359314 0.6643083691596985 0.40778759121894836 -2.0274710655212402 -0.6138554811477661 -0.7428392171859741 0.26715415716171265 4.820374011993408 0.48039335012435913 -0.08297159522771835 0.8731196522712708 19.61149787902832 0.0 0.0 0.0 1.0
-0.6437221765518188 0.6603440642356873 0.38673949241638184 -1.8969613313674927 -0.6021650433540344 -0.748955249786377 0.2765199542045593 5.115599632263184 0.472248911857605 -0.05487896874547005 0.8797552585601807 19.19498634338379 0.0 0.0 0.0 1.0
-0.6589913368225098 0.6514593362808228 0.37594035267829895 -1.822087049484253 -0.5923248529434204 -0.7575287818908691 0.2744111120700836 5.0779571533203125 0.4635533094406128 -0.04184427112340927 0.8850804567337036 18.962827682495117 0.0 0.0 0.0 1.0
-0.7599607110023499 0.5713120698928833 0.30993908643722534 -1.710134506225586 -0.5376229286193848 -0.8205122351646423 0.19421972334384918 4.792261123657227 0.36526888608932495 -0.01903100311756134 0.9307075142860413 18.76300811767578 0.0 0.0 0.0 1.0
-0.7876796126365662 0.5342574119567871 0.30680590867996216 -1.6980360746383667 -0.5066695213317871 -0.8450621366500854 0.17075105011463165 4.565295696258545 0.3504950702190399 -0.020952099934220314 0.9363301992416382 19.018766403198242 0.0 0.0 0.0 1.0
-0.8216484785079956 0.4890372157096863 0.29280775785446167 -1.844794750213623 -0.46609950065612793 -0.8721457719802856 0.14870433509349823 4.421338081359863 0.3280929923057556 -0.01429485809057951 0.9445372819900513 19.342567443847656 0.0 0.0 0.0 1.0
-0.856069803237915 0.43919694423675537 0.2724895477294922 -2.0671095848083496 -0.4214344620704651 -0.8983483910560608 0.1239480972290039 4.24556827545166 0.29922816157341003 -0.008728261105716228 0.9541416764259338 19.71469497680664 0.0 0.0 0.0 1.0
-0.8819887638092041 0.39470142126083374 0.2575007677078247 -2.1146841049194336 -0.37670183181762695 -0.9187818765640259 0.11804910004138947 4.349056243896484 0.28318119049072266 0.007116970140486956 0.9590400457382202 19.864288330078125 0.0 0.0 0.0 1.0
-0.9453757405281067 0.279614120721817 0.16757263243198395 -0.8973599076271057 -0.26041945815086365 -0.9570125341415405 0.12770573794841766 4.676608085632324 0.19607743620872498 0.07709073275327682 0.9775534272193909 18.740619659423828 0.0 0.0 0.0 1.0
-0.9562724232673645 0.2525940239429474 0.14744244515895844 -0.81255704164505 -0.2380492389202118 -0.9650712609291077 0.10940748453140259 4.445044040679932 0.1699281483888626 0.06952480226755142 0.9830008745193481 18.568180084228516 0.0 0.0 0.0 1.0
-0.9667332768440247 0.22370760142803192 0.12402287125587463 -0.8829314708709717 -0.2138400375843048 -0.9728943109512329 0.08802881091833115 4.134177207946777 0.14035385847091675 0.058579325675964355 0.988366961479187 18.301950454711914 0.0 0.0 0.0 1.0
-0.9766561388969421 0.1902170330286026 0.09980088472366333 -0.9188916087150574 -0.18548664450645447 -0.9811177849769592 0.0547955185174942 3.8656539916992188 0.10833946615457535 0.03500464931130409 0.9934974908828735 18.569869995117188 0.0 0.0 0.0 1.0
-0.985161542892456 0.1550295054912567 0.07363815605640411 -1.110595703125 -0.15225468575954437 -0.9874509572982788 0.041942447423934937 3.809790849685669 0.0792163833975792 0.03010833077132702 0.9964026808738708 18.512920379638672 0.0 0.0 0.0 1.0
-0.9998903870582581 -0.0022067807149142027 -0.014639238826930523 -0.9976914525032043 0.0020142437424510717 -0.9999114274978638 0.013153847306966782 3.5183987617492676 -0.014666969887912273 0.013122919015586376 0.9998063445091248 18.26770782470703 0.0 0.0 0.0 1.0
-0.9996408224105835 -0.017069896683096886 -0.020659150555729866 -0.9446150660514832 0.016578733921051025 -0.9995812177658081 0.023716840893030167 3.5749168395996094 -0.021055344492197037 0.023365821689367294 0.9995052218437195 17.965227127075195 0.0 0.0 0.0 1.0
-0.9991734027862549 -0.025721337646245956 -0.03147903084754944 -0.9110209345817566 0.02466052584350109 -0.9991298913955688 0.03363556042313576 3.6592214107513428 -0.032316792756319046 0.03283146768808365 0.9989383220672607 17.85692596435547 0.0 0.0 0.0 1.0
-0.9984599351882935 -0.02582726813852787 -0.049098920077085495 -0.7898716926574707 0.02440149337053299 -0.9992692470550537 0.029419811442494392 3.4215972423553467 -0.04982287436723709 0.02817641571164131 0.9983605146408081 17.77393341064453 0.0 0.0 0.0 1.0
-0.9965617060661316 -0.03044353984296322 -0.07705792784690857 -0.9618668556213379 0.028200291097164154 -0.9991509914398193 0.03003404103219509 3.372605323791504 -0.07790684700012207 0.027757719159126282 0.9965741634368896 17.559173583984375 0.0 0.0 0.0 1.0
-0.9680949449539185 -0.17728477716445923 -0.1770940124988556 -0.18138152360916138 0.1829683631658554 -0.9829859137535095 -0.016162695363163948 2.201899290084839 -0.17121551930904388 -0.048049625009298325 0.9840612411499023 18.146343231201172 0.0 0.0 0.0 1.0
-0.9670347571372986 -0.17968347668647766 -0.18043732643127441 0.11311397701501846 0.18694709241390228 -0.9820780158042908 -0.023948119953274727 1.9184479713439941 -0.17290045320987701 -0.05689089745283127 0.9832949042320251 18.135438919067383 0.0 0.0 0.0 1.0
-0.9586203694343567 -0.20826192200183868 -0.1940978616476059 -0.16120490431785583 0.21347784996032715 -0.9769287705421448 -0.006116201169788837 2.0692617893218994 -0.1883460134267807 -0.04729870706796646 0.9809631109237671 17.929197311401367 0.0 0.0 0.0 1.0
-0.9592694044113159 -0.1935969591140747 -0.20572404563426971 -0.30732065439224243 0.20179519057273865 -0.9792348146438599 -0.019439026713371277 1.8828068971633911 -0.19768880307674408 -0.06016138568520546 0.9784169793128967 17.981287002563477 0.0 0.0 0.0 1.0
-0.9606629610061646 -0.19345593452453613 -0.19925229251384735 -0.43294820189476013 0.19625340402126312 -0.9805360436439514 0.005807431414723396 2.337007999420166 -0.19649754464626312 -0.03352495655417442 0.9799309968948364 17.76064682006836 0.0 0.0 0.0 1.0
-0.9559992551803589 -0.19363582134246826 -0.220387265086174 -0.7861195802688599 0.1988670527935028 -0.9800251722335815 -0.001582556520588696 2.2584307193756104 -0.2156786471605301 -0.04534069076180458 0.9754111766815186 17.892934799194336 0.0 0.0 0.0 1.0
-0.9556189775466919 -0.19686326384544373 -0.2191738337278366 -0.7871840596199036 0.20300818979740143 -0.979160726070404 -0.005647130776196718 2.2071805000305176 -0.2134947031736374 -0.04989058896899223 0.9756695032119751 17.99098014831543 0.0 0.0 0.0 1.0