-0.99973464012146 0.012240991927683353 0.019514476880431175 -0.7765405178070068 -0.012146994471549988 -0.9999140501022339 0.004928071983158588 2.3199877738952637 0.01957312598824501 0.00468972185626626 0.9997974038124084 12.916865348815918 0.0 0.0 0.0 1.0
-0.999771773815155 0.01157680805772543 0.017956143245100975 -0.7964217066764832 -0.011499852873384953 -0.9999242424964905 0.004383086692541838 2.317730188369751 0.018005525693297386 0.004175593610852957 0.9998291730880737 12.943540573120117 0.0 0.0 0.0 1.0
-0.9998475909233093 0.009721824899315834 0.014500286430120468 -0.8320702910423279 -0.00966938491910696 -0.9999464750289917 0.0036821598187088966 2.317432403564453 0.014535307884216309 0.0035413899458944798 0.9998880624771118 13.01014518737793 0.0 0.0 0.0 1.0
-0.9999426007270813 0.005630891770124435 0.00911733414977789 -0.8869803547859192 -0.005609228275716305 -0.9999814033508301 0.002399908611550927 2.339263677597046 0.00913067813962698 0.0023486295249313116 0.9999555349349976 13.09854793548584 0.0 0.0 0.0 1.0
-1.0 -0.00014248666411731392 2.0900730305584148e-05 -0.9035589694976807 0.00014248318620957434 -1.0 -0.00016628342564217746 2.373375177383423 2.0924424461554736e-05 -0.00016628045705147088 1.0 13.239790916442871 0.0 0.0 0.0 1.0
-0.9915304780006409 -0.09574917703866959 -0.08774613589048386 -0.8785675168037415 0.0969478115439415 -0.9952442049980164 -0.009492182172834873 2.6179959774017334 -0.0864199697971344 -0.017918584868311882 0.9960976243019104 13.557145118713379 0.0 0.0 0.0 1.0
-0.9869590401649475 -0.11839357763528824 -0.10906343162059784 -0.9252691864967346 0.12009461224079132 -0.992720365524292 -0.009139134548604488 2.729304790496826 -0.10718747228384018 -0.02211788110435009 0.993992805480957 13.5680570602417 0.0 0.0 0.0 1.0
-0.9791495203971863 -0.14854148030281067 -0.13856980204582214 -0.9471604824066162 0.15096959471702576 -0.9885127544403076 -0.007120346184819937 2.8184800148010254 -0.13592034578323364 -0.02789171040058136 0.9903270602226257 13.56588363647461 0.0 0.0 0.0 1.0
-0.9698296785354614 -0.17679019272327423 -0.1678561121225357 -1.0032039880752563 0.18003402650356293 -0.9836514592170715 -0.004184598568826914 2.7844502925872803 -0.16437211632728577 -0.034278158098459244 0.9858026504516602 13.569293975830078 0.0 0.0 0.0 1.0
-0.9618086814880371 -0.19701887667179108 -0.19002008438110352 -1.0300034284591675 0.2009662240743637 -0.9795969724655151 -0.001536476076580584 2.70225191116333 -0.18584038317203522 -0.03966541215777397 0.9817789793014526 13.561233520507812 0.0 0.0 0.0 1.0
-0.867480993270874 -0.3483906090259552 -0.3551066219806671 -1.949168086051941 0.357065349817276 -0.9330813884735107 0.0431683175265789 2.3110926151275635 -0.34638282656669617 -0.08934858441352844 0.9338285326957703 12.246869087219238 0.0 0.0 0.0 1.0
-0.8487566113471985 -0.3676336109638214 -0.3800759017467499 -2.099780321121216 0.3774212896823883 -0.9246079325675964 0.05151107534766197 2.267474412918091 -0.3703583776950836 -0.09972836822271347 0.9235198497772217 11.962075233459473 0.0 0.0 0.0 1.0
-0.8368139863014221 -0.3791011571884155 -0.39499959349632263 -2.124279260635376 0.3896874487400055 -0.9192034006118774 0.05664605647325516 2.212097406387329 -0.3845595419406891 -0.10652416944503784 0.9169332385063171 11.822375297546387 0.0 0.0 0.0 1.0
-0.822963297367096 -0.39021167159080505 -0.4128756523132324 -1.9726823568344116 0.4025363028049469 -0.913377046585083 0.060884635895490646 2.1750707626342773 -0.4008690118789673 -0.11609160900115967 0.9087501168251038 11.768281936645508 0.0 0.0 0.0 1.0
-0.8105790019035339 -0.39840811491012573 -0.42922335863113403 -1.7223560810089111 0.41315677762031555 -0.9084769487380981 0.06301702558994293 2.2106683254241943 -0.4150460362434387 -0.12625627219676971 0.9009972810745239 11.793375015258789 0.0 0.0 0.0 1.0
-0.7106800675392151 -0.4462432265281677 -0.5438756942749023 -1.1226961612701416 0.48141664266586304 -0.8722062706947327 0.08656924962997437 3.0254480838775635 -0.5130027532577515 -0.20030777156352997 0.8346885442733765 12.583404541015625 0.0 0.0 0.0 1.0
-0.6861602663993835 -0.45751431584358215 -0.565565824508667 -1.150755524635315 0.4966336488723755 -0.8627063035964966 0.09535616636276245 3.116867780685425 -0.531544029712677 -0.21544940769672394 0.8191718459129333 12.705586433410645 0.0 0.0 0.0 1.0
-0.6611714363098145 -0.4680245816707611 -0.5863491296768188 -1.1529346704483032 0.511592447757721 -0.8529199957847595 0.10392650216817856 3.088829278945923 -0.5487490296363831 -0.2312585413455963 0.8033641576766968 12.828207015991211 0.0 0.0 0.0 1.0
-0.6417480707168579 -0.47544369101524353 -0.6017580032348633 -1.1067723035812378 0.523226261138916 -0.8451023101806641 0.10971041023731232 3.057905435562134 -0.560708224773407 -0.24444915354251862 0.7911074161529541 12.936945915222168 0.0 0.0 0.0 1.0
-0.6154705286026001 -0.4882909059524536 -0.6186825037002563 -0.9778373837471008 0.5392373204231262 -0.8333728909492493 0.1212959885597229 3.002877712249756 -0.5748209357261658 -0.25896260142326355 0.7762211561203003 12.991246223449707 0.0 0.0 0.0 1.0
-0.44305336475372314 -0.5770038962364197 -0.6861269474029541 -0.825548529624939 0.6244425773620605 -0.7477734684944153 0.2256242334842682 3.147193670272827 -0.6432536244392395 -0.32848331332206726 0.6916093826293945 12.401387214660645 0.0 0.0 0.0 1.0
-0.41182371973991394 -0.5851193070411682 -0.698596179485321 -0.9527178406715393 0.6330989003181458 -0.7351090312004089 0.24248822033405304 3.005828380584717 -0.6554288864135742 -0.34241804480552673 0.673173725605011 12.33560848236084 0.0 0.0 0.0 1.0
-0.3702772259712219 -0.5894107818603516 -0.7179761528968811 -1.1847890615463257 0.6442580223083496 -0.7197571992874146 0.25861385464668274 2.8439085483551025 -0.6691982746124268 -0.3668030798435211 0.6462423205375671 12.197976112365723 0.0 0.0 0.0 1.0
-0.32886412739753723 -0.5884153246879578 -0.7386581301689148 -1.274463415145874 0.6546775698661804 -0.7057616710662842 0.27073556184768677 2.7660763263702393 -0.6806215643882751 -0.3945476710796356 0.6173220276832581 12.213568687438965 0.0 0.0 0.0 1.0
-0.2987234890460968 -0.585716724395752 -0.7534588575363159 -1.2507551908493042 0.6627632975578308 -0.695389449596405 0.27780985832214355 2.712996482849121 -0.6866652369499207 -0.416376531124115 0.5959206819534302 12.278911590576172 0.0 0.0 0.0 1.0
-0.027814071625471115 -0.5242525339126587 -0.8511084914207458 -1.516635537147522 0.7144694328308105 -0.6059083938598633 0.3498692214488983 2.736548662185669 -0.6991136074066162 -0.5983597040176392 0.39141517877578735 13.625327110290527 0.0 0.0 0.0 1.0
0.023473333567380905 -0.5105751156806946 -0.8595126867294312 -1.634474754333496 0.7205067276954651 -0.5873741507530212 0.36859413981437683 2.674921989440918 -0.6930505633354187 -0.6279367804527283 0.35408517718315125 13.718225479125977 0.0 0.0 0.0 1.0
0.05985039472579956 -0.5008829236030579 -0.8634432554244995 -1.6655702590942383 0.7232604026794434 -0.5744047164916992 0.3833453059196472 2.691145420074463 -0.6879769563674927 -0.6474376916885376 0.32789042592048645 13.762079238891602 0.0 0.0 0.0 1.0
0.10846011340618134 -0.48566609621047974 -0.8673896789550781 -1.6085939407348633 0.7237674593925476 -0.559554934501648 0.40380555391311646 2.623598575592041 -0.6814668774604797 -0.671585202217102 0.29081991314888 13.833318710327148 0.0 0.0 0.0 1.0
0.15342412889003754 -0.4682915210723877 -0.8701517581939697 -1.4648783206939697 0.7239896059036255 -0.5460420846939087 0.42151767015457153 2.498883008956909 -0.6725326180458069 -0.6946517825126648 0.255262166261673 13.944859504699707 0.0 0.0 0.0 1.0
0.32473835349082947 -0.3905293047428131 -0.8614127039909363 -0.764828622341156 0.7187367081642151 -0.4901205599308014 0.4931524991989136 2.677227735519409 -0.6147865653038025 -0.7792744636535645 0.1215268149971962 15.228439331054688 0.0 0.0 0.0 1.0
0.3562554121017456 -0.3810141980648041 -0.8531765937805176 -0.7724241018295288 0.713384211063385 -0.4787923991680145 0.5117037892341614 2.7696032524108887 -0.6034609079360962 -0.7909399271011353 0.10123711824417114 15.46194839477539 0.0 0.0 0.0 1.0
0.39142027497291565 -0.37265291810035706 -0.8413798213005066 -1.0158082246780396 0.7051025629043579 -0.46605178713798523 0.5344399809837341 2.86533522605896 -0.5912871956825256 -0.8024497032165527 0.08033640682697296 15.540135383605957 0.0 0.0 0.0 1.0
0.42108282446861267 -0.3656842112541199 -0.8300387263298035 -1.3118234872817993 0.6964142918586731 -0.4559595286846161 0.5541732907295227 2.9390552043914795 -0.5811164975166321 -0.8114036917686462 0.06267099827528 15.513978004455566 0.0 0.0 0.0 1.0
0.4578462839126587 -0.3564826548099518 -0.8144304156303406 -1.6987746953964233 0.6850554347038269 -0.4424148201942444 0.5787643790245056 3.069068431854248 -0.5666355490684509 -0.8229150772094727 0.04165239632129669 15.347953796386719 0.0 0.0 0.0 1.0
0.6016093492507935 -0.3046031594276428 -0.7384328842163086 -1.7606967687606812 0.626487672328949 -0.3935835659503937 0.6727593541145325 2.8137717247009277 -0.4955596625804901 -0.8673574328422546 -0.045953430235385895 14.206357955932617 0.0 0.0 0.0 1.0
0.6202345490455627 -0.29384511709213257 -0.7272992134094238 -1.7308473587036133 0.6176617741584778 -0.3885878920555115 0.6837348937988281 2.8054442405700684 -0.48353180289268494 -0.8733009099960327 -0.05951874703168869 14.112327575683594 0.0 0.0 0.0 1.0
0.64777672290802 -0.27558383345603943 -0.7102386355400085 -1.7485644817352295 0.6040221452713013 -0.3823516070842743 0.6992599368095398 2.761950969696045 -0.4642656147480011 -0.8819641470909119 -0.08121972531080246 14.111347198486328 0.0 0.0 0.0 1.0
0.6775476932525635 -0.25227347016334534 -0.6908597946166992 -1.7808547019958496 0.5881914496421814 -0.37806445360183716 0.7149112224578857 2.716595411300659 -0.4415426552295685 -0.8907442688941956 -0.1077716052532196 14.192817687988281 0.0 0.0 0.0 1.0
0.700064480304718 -0.23250143229961395 -0.6751686930656433 -1.8206502199172974 0.5751534700393677 -0.376780241727829 0.7261095643043518 2.6626944541931152 -0.4232117533683777 -0.896649181842804 -0.13004645705223083 14.302177429199219 0.0 0.0 0.0 1.0
0.8259088397026062 -0.08954807370901108 -0.5566468834877014 -1.8664777278900146 0.4942919611930847 -0.35990962386131287 0.7912904024124146 2.4965007305145264 -0.27120110392570496 -0.9286798238754272 -0.25298964977264404 14.600979804992676 0.0 0.0 0.0 1.0
0.8473631739616394 -0.0601687990128994 -0.5275939702987671 -2.0043997764587402 0.47618570923805237 -0.3535905182361603 0.805121660232544 2.3995089530944824 -0.23499542474746704 -0.9334631562232971 -0.2709680497646332 14.560148239135742 0.0 0.0 0.0 1.0
0.8641616106033325 -0.038223639130592346 -0.5017606019973755 -2.103203535079956 0.45846548676490784 -0.351248562335968 0.816353976726532 2.295638084411621 -0.20744670927524567 -0.9355016946792603 -0.28601130843162537 14.568671226501465 0.0 0.0 0.0 1.0
0.8840533494949341 -0.011130090802907944 -0.4672534763813019 -2.2027807235717773 0.4339442253112793 -0.35180768370628357 0.8294116854667664 2.09928822517395 -0.17361479997634888 -0.9360061287879944 -0.3061869442462921 14.58060359954834 0.0 0.0 0.0 1.0
0.8961287140846252 0.0068125356920063496 -0.44374191761016846 -2.1935698986053467 0.4173605144023895 -0.3528645932674408 0.8374346494674683 2.0271313190460205 -0.1508757621049881 -0.935649573802948 -0.31905537843704224 14.528545379638672 0.0 0.0 0.0 1.0
0.9483495354652405 0.11045234650373459 -0.2973775863647461 -1.1705429553985596 0.3170832097530365 -0.35829755663871765 0.878112256526947 2.478224277496338 -0.009560107253491879 -0.927050769329071 -0.37481388449668884 14.765013694763184 0.0 0.0 0.0 1.0
0.9557562470436096 0.13193829357624054 -0.2629110515117645 -1.1454414129257202 0.2932901084423065 -0.35874029994010925 0.8861638307571411 2.7003886699676514 0.022602150216698647 -0.9240658283233643 -0.38156449794769287 15.003761291503906 0.0 0.0 0.0 1.0
0.9608343839645386 0.14768710732460022 -0.23449061810970306 -1.1631001234054565 0.27306661009788513 -0.3603089153766632 0.8919709324836731 2.782658338546753 0.04724353551864624 -0.9210678339004517 -0.38652563095092773 15.180658340454102 0.0 0.0 0.0 1.0
0.9657636284828186 0.16990767419338226 -0.19604071974754333 -1.1982593536376953 0.24621416628360748 -0.36225229501724243 0.8989726901054382 2.8272147178649902 0.08172615617513657 -0.9164631366729736 -0.39168378710746765 15.360664367675781 0.0 0.0 0.0 1.0
0.9687913060188293 0.19157034158706665 -0.15730281174182892 -1.292353630065918 0.21908536553382874 -0.36490145325660706 0.9049025177955627 2.807677984237671 0.11595245450735092 -0.9111244678497314 -0.3954836130142212 15.45667552947998 0.0 0.0 0.0 1.0
0.9461544752120972 0.31879833340644836 0.05620788782835007 -1.6506564617156982 0.07839468121528625 -0.39411643147468567 0.9157109260559082 2.7120790481567383 0.3140795826911926 -0.8619976043701172 -0.39788711071014404 15.38787841796875 0.0 0.0 0.0 1.0
0.9380640983581543 0.3359293043613434 0.08477732539176941 -1.6070845127105713 0.06032583490014076 -0.39932698011398315 0.9148216843605042 2.733883857727051 0.3411692976951599 -0.8530471324920654 -0.39485955238342285 15.336009979248047 0.0 0.0 0.0 1.0
0.9262321591377258 0.3566052317619324 0.1221746951341629 -1.5393556356430054 0.03631219267845154 -0.40701165795326233 0.912700891494751 2.6917052268981934 0.37520042061805725 -0.840936541557312 -0.3899364173412323 15.34557056427002 0.0 0.0 0.0 1.0
0.91596519947052 0.3721303343772888 0.1500890702009201 -1.4390701055526733 0.018447456881403923 -0.4127049446105957 0.910677969455719 2.7402331829071045 0.400833398103714 -0.8313805460929871 -0.384888231754303 15.433327674865723 0.0 0.0 0.0 1.0
0.8982411623001099 0.39633452892303467 0.18995194137096405 -1.2993015050888062 -0.00522517878562212 -0.42253655195236206 0.9063308238983154 2.745008945465088 0.4394718408584595 -0.8150961995124817 -0.3774687945842743 15.61683177947998 0.0 0.0 0.0 1.0
0.7334349155426025 0.5356737375259399 0.41848161816596985 -2.3117496967315674 -0.1345016211271286 -0.4890988767147064 0.8617955446243286 2.3617734909057617 0.6663201451301575 -0.688357412815094 -0.2866732180118561 15.713668823242188 0.0 0.0 0.0 1.0
0.7100619077682495 0.5491513609886169 0.4407322406768799 -2.329986810684204 -0.14506526291370392 -0.4984026849269867 0.8547226786613464 2.258572578430176 0.6890342235565186 -0.6708409190177917 -0.27423396706581116 15.581181526184082 0.0 0.0 0.0 1.0
0.6787398457527161 0.5624711513519287 0.4721635580062866 -2.272886276245117 -0.16372989118099213 -0.5108577013015747 0.8439294695854187 2.1381802558898926 0.715894341468811 -0.6501158475875854 -0.2546461522579193 15.436880111694336 0.0 0.0 0.0 1.0
0.649219810962677 0.573160707950592 0.5000004768371582 -2.119582176208496 -0.18173664808273315 -0.521439254283905 0.8337103128433228 2.1282787322998047 0.7385698556900024 -0.6321296095848083 -0.23436439037322998 15.262567520141602 0.0 0.0 0.0 1.0
0.6275703310966492 0.578449547290802 0.5211061239242554 -1.9554777145385742 -0.19627149403095245 -0.5301588773727417 0.8248690962791443 2.1642637252807617 0.7534142136573792 -0.6199416518211365 -0.21917884051799774 15.094956398010254 0.0 0.0 0.0 1.0
0.4381704330444336 0.5986701250076294 0.6705227494239807 -0.5726431608200073 -0.28008219599723816 -0.6178803443908691 0.7346957921981812 2.190957546234131 0.8541432023048401 -0.509723424911499 -0.10306005924940109 14.791223526000977 0.0 0.0 0.0 1.0
0.384188175201416 0.6004089713096619 0.701361894607544 -0.6999366879463196 -0.2987231910228729 -0.6379614472389221 0.7097672820091248 2.102891445159912 0.8735925555229187 -0.48219725489616394 -0.0657411515712738 14.911994934082031 0.0 0.0 0.0 1.0
0.3447820246219635 0.6009015440940857 0.7211398482322693 -0.8845479488372803 -0.3095262944698334 -0.652499258518219 0.6916922926902771 2.075078248977661 0.8861821889877319 -0.4616948366165161 -0.03897518664598465 14.933140754699707 0.0 0.0 0.0 1.0
0.29314976930618286 0.5993756055831909 0.744857132434845 -1.1328462362289429 -0.3209015130996704 -0.6722027659416199 0.6672073602676392 2.011240243911743 0.9006028175354004 -0.43461745977401733 -0.004715553484857082 14.93649673461914 0.0 0.0 0.0 1.0
0.24128296971321106 0.5958624482154846 0.7659833431243896 -1.3746628761291504 -0.3301481008529663 -0.6918240785598755 0.6421694755554199 1.8360885381698608 0.9125704169273376 -0.4078325033187866 0.02979748323559761 14.909395217895508 0.0 0.0 0.0 1.0
0.00265655224211514 0.5602244138717651 0.8283365964889526 -1.341017246246338 -0.3462303876876831 -0.7765906453132629 0.5263378024101257 1.3278743028640747 0.9381457567214966 -0.28819355368614197 0.19190366566181183 14.882163047790527 0.0 0.0 0.0 1.0
-0.04053875058889389 0.5526079535484314 0.8324548602104187 -1.3533782958984375 -0.350505530834198 -0.7880609035491943 0.5060690641403198 1.3633718490600586 0.9356828927993774 -0.27126461267471313 0.22563913464546204 14.900664329528809 0.0 0.0 0.0 1.0
-0.08305177092552185 0.5426086783409119 0.8358697295188904 -1.2910711765289307 -0.3513939678668976 -0.8008384704589844 0.4849535822868347 1.4638652801513672 0.9325367212295532 -0.25344333052635193 0.25718048214912415 14.984888076782227 0.0 0.0 0.0 1.0
-0.11813393980264664 0.5311263203620911 0.8390167951583862 -1.2237575054168701 -0.35017865896224976 -0.8129340410232544 0.465309739112854 1.5252903699874878 0.9292035698890686 -0.23883689939975739 0.28202420473098755 15.132413864135742 0.0 0.0 0.0 1.0
-0.16773074865341187 0.5155619382858276 0.8402751684188843 -1.1654061079025269 -0.3488493263721466 -0.8282414674758911 0.43854326009750366 1.5901613235473633 0.9220468997955322 -0.21957223117351532 0.3187749981880188 15.332674026489258 0.0 0.0 0.0 1.0
-0.4583439230918884 0.433303564786911 0.7759954333305359 -1.5052237510681152 -0.3207758069038391 -0.8949064016342163 0.310234397649765 2.409449815750122 0.8288689255714417 -0.1067265048623085 0.5491682291030884 15.156258583068848 0.0 0.0 0.0 1.0
-0.49665457010269165 0.41880661249160767 0.7602205276489258 -1.4173598289489746 -0.31403881311416626 -0.9032492637634277 0.2924387753009796 2.518796682357788 0.8091439008712769 -0.09349770843982697 0.5801244378089905 15.015481948852539 0.0 0.0 0.0 1.0
-0.5459355711936951 0.39818066358566284 0.7371610999107361 -1.3144348859786987 -0.3043847978115082 -0.9139914512634277 0.26827138662338257 2.5257954597473145 0.7805794477462769 -0.07792173326015472 0.6201805472373962 14.81340217590332 0.0 0.0 0.0 1.0
-0.5890467762947083 0.3741768002510071 0.7162511348724365 -1.1462509632110596 -0.29017868638038635 -0.9251658320426941 0.2446722537279129 2.4381771087646484 0.7542017102241516 -0.06371740251779556 0.6535440683364868 14.532193183898926 0.0 0.0 0.0 1.0
-0.6185869574546814 0.34998464584350586 0.7034635543823242 -0.9505875706672668 -0.2743176519870758 -0.9351756572723389 0.22404545545578003 2.3777451515197754 0.7362744212150574 -0.0543808676302433 0.6744943857192993 14.394105911254883 0.0 0.0 0.0 1.0
-0.8279510140419006 0.1678871214389801 0.5350804328918457 -0.07328784465789795 -0.14621545374393463 -0.9857606887817383 0.08304785937070847 2.0734219551086426 0.5414038896560669 -0.009477468207478523 0.8407092094421387 14.194666862487793 0.0 0.0 0.0 1.0
-0.8588327765464783 0.14579518139362335 0.4910702705383301 -0.1094864010810852 -0.12952247262001038 -0.9892972111701965 0.06719327718019485 2.1436328887939453 0.49561089277267456 -0.005896843038499355 0.8685246706008911 14.049517631530762 0.0 0.0 0.0 1.0
-0.8815730810165405 0.12315923720598221 0.45569807291030884 -0.14752133190631866 -0.11037091910839081 -0.9923847317695618 0.0546882227063179 2.165034532546997 0.45896318554878235 -0.0020841530058532953 0.8884528279304504 13.936982154846191 0.0 0.0 0.0 1.0
-0.9114890694618225 0.08604483306407928 0.40222373604774475 -0.32557475566864014 -0.07589065283536911 -0.9962668418884277 0.04114653542637825 2.2003579139709473 0.40426260232925415 0.006979596335440874 0.9146163463592529 13.788887977600098 0.0 0.0 0.0 1.0
-0.9373874068260193 0.044429998844861984 0.34544289112091064 -0.5762945413589478 -0.03730996698141098 -0.9989324808120728 0.027236565947532654 2.1127519607543945 0.34628424048423767 0.012642751447856426 0.9380444288253784 13.753998756408691 0.0 0.0 0.0 1.0
-0.9821730256080627 -0.1769127994775772 0.06354538351297379 -1.9636327028274536 0.17451995611190796 -0.9837804436683655 -0.04145929589867592 2.243577718734741 0.06984938681125641 -0.0296302642673254 0.9971174001693726 14.789076805114746 0.0 0.0 0.0 1.0
-0.9759106040000916 -0.21779046952724457 0.012874945998191833 -2.1609699726104736 0.21697479486465454 -0.9750401377677917 -0.04710230603814125 2.352485179901123 0.022812021896243095 -0.043174102902412415 0.9988070726394653 15.302240371704102 0.0 0.0 0.0 1.0
-0.9669319987297058 -0.25225770473480225 -0.037530653178691864 -2.338374376296997 0.2539800703525543 -0.9658179879188538 -0.051862917840480804 2.369617462158203 -0.023164957761764526 -0.05967995524406433 0.9979487657546997 15.795236587524414 0.0 0.0 0.0 1.0
-0.9588609337806702 -0.2746751308441162 -0.07168880105018616 -2.447361707687378 0.2787034809589386 -0.9588655233383179 -0.05386308208107948 2.374423027038574 -0.05394507199525833 -0.07162712514400482 0.9959716200828552 16.057334899902344 0.0 0.0 0.0 1.0
-0.9469600319862366 -0.30032241344451904 -0.11433762311935425 -2.56730318069458 0.30783554911613464 -0.949873149394989 -0.054573338478803635 2.313816785812378 -0.09221664816141129 -0.08687596023082733 0.9919418692588806 16.235050201416016 0.0 0.0 0.0 1.0
-0.8439691066741943 -0.4281453490257263 -0.3231218457221985 -3.019843578338623 0.45692750811576843 -0.8893772959709167 -0.015009709633886814 1.5367088317871094 -0.2809509038925171 -0.1603109985589981 0.9462383389472961 15.358622550964355 0.0 0.0 0.0 1.0
-0.8281775116920471 -0.4412153363227844 -0.3456169068813324 -2.8603389263153076 0.4723370671272278 -0.8813930153846741 -0.006639775820076466 1.5631434917449951 -0.30169475078582764 -0.16874657571315765 0.9383522272109985 15.19946002960205 0.0 0.0 0.0 1.0
-0.8083662390708923 -0.4556518793106079 -0.3727269470691681 -2.6892497539520264 0.49000081419944763 -0.8717169761657715 0.0029495635535568 1.621546745300293 -0.3262563943862915 -0.18025217950344086 0.9279363751411438 15.04654312133789 0.0 0.0 0.0 1.0
-0.7872599959373474 -0.4678992033004761 -0.4016118347644806 -2.5347819328308105 0.5059645771980286 -0.8624564409255981 0.012990129180252552 1.7989177703857422 -0.35245078802108765 -0.1929747611284256 0.9157178401947021 14.850523948669434 0.0 0.0 0.0 1.0
-0.7699739336967468 -0.47646424174308777 -0.4244077801704407 -2.4431216716766357 0.5180862545967102 -0.8550934195518494 0.020048018544912338 1.9098759889602661 -0.3724604547023773 -0.20444338023662567 0.9052491784095764 14.772298812866211 0.0 0.0 0.0 1.0
-0.5902838706970215 -0.5493680834770203 -0.5914047956466675 -2.245436906814575 0.6283419132232666 -0.7726463675498962 0.09057609736919403 2.5854501724243164 -0.5067064166069031 -0.31813883781433105 0.8012716770172119 14.75696086883545 0.0 0.0 0.0 1.0
-0.5586190819740295 -0.5515307188034058 -0.6194825172424316 -2.15073823928833 0.6387753486633301 -0.7624899744987488 0.10283516347408295 2.645951271057129 -0.5290659666061401 -0.33826446533203125 0.7782456874847412 14.703470230102539 0.0 0.0 0.0 1.0
-0.5361073613166809 -0.5517005920410156 -0.6389173269271851 -2.098585844039917 0.6457090377807617 -0.7555325627326965 0.11059083789587021 2.552243947982788 -0.543735921382904 -0.3532661497592926 0.7612846493721008 14.635995864868164 0.0 0.0 0.0 1.0
-0.5089451670646667 -0.5513294339179993 -0.6610678434371948 -1.94961416721344 0.6544589400291443 -0.7466928362846375 0.11888346076011658 2.4218409061431885 -0.5591585636138916 -0.37213659286499023 0.740848183631897 14.50024127960205 0.0 0.0 0.0 1.0
-0.48932084441185 -0.5515705347061157 -0.6755257844924927 -1.7395164966583252 0.6614874005317688 -0.7395211458206177 0.124671071767807 2.3406078815460205 -0.5683304667472839 -0.38584762811660767 0.7267200946807861 14.375265121459961 0.0 0.0 0.0 1.0
-0.3281088173389435 -0.5645765662193298 -0.7573624849319458 -1.2505966424942017 0.7035313248634338 -0.6810773611068726 0.20292195677757263 2.3821091651916504 -0.6303873658180237 -0.4662477374076843 0.6206647753715515 14.027471542358398 0.0 0.0 0.0 1.0
-0.29146629571914673 -0.5625062584877014 -0.7737144827842712 -1.393704891204834 0.706070601940155 -0.6722046136856079 0.2227223664522171 2.52402663230896 -0.6453771591186523 -0.48138096928596497 0.5930941700935364 14.149767875671387 0.0 0.0 0.0 1.0
-0.25616884231567383 -0.5587853789329529 -0.788756251335144 -1.574904203414917 0.7084693908691406 -0.6636561155319214 0.2400660216808319 2.734081268310547 -0.6576082706451416 -0.4973122179508209 0.565890371799469 14.41905403137207 0.0 0.0 0.0 1.0
-0.23171457648277283 -0.5557807683944702 -0.7983834147453308 -1.6966148614883423 0.7095986008644104 -0.6579682230949402 0.2520865499973297 3.0123980045318604 -0.6654158234596252 -0.5081196427345276 0.5468420386314392 14.59304141998291 0.0 0.0 0.0 1.0
-0.20191971957683563 -0.551183819770813 -0.8095831274986267 -1.867519497871399 0.7089315056800842 -0.6525871157646179 0.26748111844062805 3.274142265319824 -0.6757547855377197 -0.5199292898178101 0.5225217938423157 15.019835472106934 0.0 0.0 0.0 1.0
-0.12533164024353027 -0.5317620038986206 -0.8375685811042786 -2.5359373092651367 0.7044709920883179 -0.6421452164649963 0.3022748827934265 3.2778098583221436 -0.698578953742981 -0.5521581768989563 0.45509204268455505 16.164783477783203 0.0 0.0 0.0 1.0
-0.12231507152318954 -0.5309980511665344 -0.8384987115859985 -2.7165040969848633 0.7051113247871399 -0.6410512924194336 0.3031027317047119 3.172964096069336 -0.6984676122665405 -0.5541608929634094 0.4528230130672455 16.12272834777832 0.0 0.0 0.0 1.0