-0.9995725154876709 -0.025677071884274483 -0.013982492499053478 0.11433125287294388 0.027505770325660706 -0.9880009889602661 -0.15197856724262238 2.229795217514038 -0.00991235114634037 -0.1522981971502304 0.9882848858833313 17.116043090820312 0.0 0.0 0.0 1.0
-0.9994874596595764 -0.027221253141760826 -0.01684865728020668 0.10696343332529068 0.02946275845170021 -0.9880180954933167 -0.1514996588230133 2.2244040966033936 -0.01252276822924614 -0.151918426156044 0.9883136749267578 17.162141799926758 0.0 0.0 0.0 1.0
-0.9993778467178345 -0.029197946190834045 -0.01978379674255848 0.10140465199947357 0.031852636486291885 -0.9880473613739014 -0.15082362294197083 2.2193198204040527 -0.015143589116632938 -0.1513599455356598 0.988362729549408 17.199710845947266 0.0 0.0 0.0 1.0
-0.9990583062171936 -0.034266259521245956 -0.02661542035639286 0.07477044314146042 0.03783726319670677 -0.9882739782333374 -0.14792855083942413 2.2120306491851807 -0.02123436890542507 -0.14879629015922546 0.9886398315429688 17.215715408325195 0.0 0.0 0.0 1.0
-0.9982718825340271 -0.04260158911347389 -0.040477197617292404 -0.02778436616063118 0.047975633293390274 -0.9886000752449036 -0.1427171230316162 2.1953582763671875 -0.0339357852935791 -0.14441239833831787 0.9889354705810547 17.1553955078125 0.0 0.0 0.0 1.0
-0.9803799986839294 -0.12606433033943176 -0.15153498947620392 -1.1138509511947632 0.14434726536273956 -0.9826583862304688 -0.1163889691233635 1.803173303604126 -0.13423463702201843 -0.1359790861606598 0.9815756678581238 16.304908752441406 0.0 0.0 0.0 1.0
-0.9717403054237366 -0.1494106501340866 -0.1827489584684372 -0.9831151962280273 0.17114326357841492 -0.979141354560852 -0.10950901359319687 1.639034390449524 -0.16257524490356445 -0.13769057393074036 0.9770417809486389 16.24922752380371 0.0 0.0 0.0 1.0
-0.9646150469779968 -0.16989968717098236 -0.2016230672597885 -0.9238190054893494 0.19313396513462067 -0.9758920669555664 -0.10165589302778244 1.5403467416763306 -0.1794910430908203 -0.13699907064437866 0.9741736054420471 16.241703033447266 0.0 0.0 0.0 1.0
-0.9519187211990356 -0.197601318359375 -0.2341034710407257 -0.8840457201004028 0.22358714044094086 -0.9705235362052917 -0.0899605005979538 1.4000893831253052 -0.209426611661911 -0.13797761499881744 0.9680406451225281 16.10892105102539 0.0 0.0 0.0 1.0
-0.9416853189468384 -0.21563348174095154 -0.2583233118057251 -0.8947767615318298 0.243361696600914 -0.966607928276062 -0.08027581125497818 1.2348755598068237 -0.23238719999790192 -0.13846054673194885 0.9627174139022827 16.009376525878906 0.0 0.0 0.0 1.0
-0.8190286159515381 -0.3945012390613556 -0.41660642623901367 -1.749132752418518 0.42925336956977844 -0.9031133651733398 0.011302206665277481 1.0315536260604858 -0.38070157170295715 -0.1695728898048401 0.9090166687965393 14.70506477355957 0.0 0.0 0.0 1.0
-0.7855868339538574 -0.4236129820346832 -0.45100489258766174 -1.9464045763015747 0.46110498905181885 -0.8868449926376343 0.02980244718492031 0.9769944548606873 -0.41259610652923584 -0.18454819917678833 0.8920237421989441 14.37952995300293 0.0 0.0 0.0 1.0
-0.7620069980621338 -0.44525450468063354 -0.4702061116695404 -2.0610296726226807 0.48415589332580566 -0.8739275336265564 0.04293861240148544 0.9037052989006042 -0.43004468083381653 -0.19493353366851807 0.8815115094184875 14.158514022827148 0.0 0.0 0.0 1.0
-0.7240959405899048 -0.47244492173194885 -0.5024747252464294 -2.1648025512695312 0.5142228007316589 -0.8553261756896973 0.06318299472332001 0.8695215582847595 -0.45963025093078613 -0.2126334011554718 0.8622801303863525 13.90377140045166 0.0 0.0 0.0 1.0
-0.6964771151542664 -0.48725706338882446 -0.5267828702926636 -2.171041965484619 0.5300857424736023 -0.8441636562347412 0.07998010516166687 0.8103634119033813 -0.48366183042526245 -0.22353574633598328 0.8462287187576294 13.79433822631836 0.0 0.0 0.0 1.0
-0.4714450538158417 -0.6264570951461792 -0.620718240737915 -1.8352832794189453 0.6723835468292236 -0.7107698917388916 0.2066556215286255 0.41904184222221375 -0.5706486701965332 -0.3199339509010315 0.756308376789093 12.845935821533203 0.0 0.0 0.0 1.0
-0.4265395700931549 -0.6446189880371094 -0.6344528198242188 -1.6919591426849365 0.6916470527648926 -0.684480607509613 0.23045741021633148 0.5894924402236938 -0.5828278660774231 -0.34051820635795593 0.7378069162368774 12.43161392211914 0.0 0.0 0.0 1.0
-0.3806740939617157 -0.6556124687194824 -0.6521192193031311 -1.5553401708602905 0.6994625926017761 -0.6654294729232788 0.2606832981109619 0.6636559367179871 -0.6048465371131897 -0.35689762234687805 0.7118881344795227 12.052652359008789 0.0 0.0 0.0 1.0
-0.34952619671821594 -0.6663599610328674 -0.6586318016052246 -1.4496817588806152 0.7044224143028259 -0.6503980755805969 0.28420305252075195 0.562813937664032 -0.6177543997764587 -0.36461859941482544 0.6967300772666931 11.926722526550293 0.0 0.0 0.0 1.0
-0.30275410413742065 -0.6860530972480774 -0.6615671515464783 -1.4634225368499756 0.7170823216438293 -0.6212143301963806 0.3160470724105835 0.3055272698402405 -0.6278000473976135 -0.37871357798576355 0.6800317168235779 11.75796890258789 0.0 0.0 0.0 1.0
-0.09322922676801682 -0.7115607857704163 -0.6964119672775269 -1.739396333694458 0.7670131325721741 -0.49730244278907776 0.40543946623802185 -0.27576571702957153 -0.6348221898078918 -0.4963582754135132 0.5921395421028137 12.821752548217773 0.0 0.0 0.0 1.0
-0.06661747395992279 -0.7127788662910461 -0.6982179880142212 -1.517040729522705 0.7677679061889648 -0.4835454821586609 0.4203762412071228 -0.21725189685821533 -0.6372554898262024 -0.5080649852752686 0.5794613361358643 13.000591278076172 0.0 0.0 0.0 1.0
-0.026204517111182213 -0.7162297964096069 -0.6973723769187927 -1.2771762609481812 0.7657004594802856 -0.462864488363266 0.44660866260528564 -0.25711748003959656 -0.642663300037384 -0.5222751498222351 0.5605466365814209 13.088504791259766 0.0 0.0 0.0 1.0
0.0008851693128235638 -0.7197152376174927 -0.6942687630653381 -1.1698296070098877 0.7644402384757996 -0.447104275226593 0.46446627378463745 -0.3077435791492462 -0.6446940302848816 -0.5311381220817566 0.5497835278511047 13.062049865722656 0.0 0.0 0.0 1.0
0.04089624434709549 -0.7236006259918213 -0.6890062689781189 -1.0662615299224854 0.7639678120613098 -0.42178815603256226 0.4883113205432892 -0.39316415786743164 -0.6439570784568787 -0.5463486909866333 0.5355579853057861 13.018653869628906 0.0 0.0 0.0 1.0
0.2282019704580307 -0.7197185754776001 -0.6556897163391113 -1.200180172920227 0.7302189469337463 -0.3189242482185364 0.60420823097229 -0.6165944337844849 -0.6439752578735352 -0.6166785359382629 0.4527730345726013 13.202362060546875 0.0 0.0 0.0 1.0
0.2680371403694153 -0.7164158821105957 -0.6441307067871094 -1.1111136674880981 0.7215343117713928 -0.2937593460083008 0.6269718408584595 -0.5689153075218201 -0.6383920311927795 -0.6328141689300537 0.43818020820617676 13.177634239196777 0.0 0.0 0.0 1.0
0.29500067234039307 -0.7137481570243835 -0.6352465152740479 -1.0434472560882568 0.709774911403656 -0.2813975214958191 0.645782470703125 -0.5670623183250427 -0.6396828293800354 -0.6413882970809937 0.4235880970954895 13.11181354522705 0.0 0.0 0.0 1.0
0.33535754680633545 -0.7071463465690613 -0.6224783658981323 -0.91846764087677 0.7013648748397827 -0.2537401616573334 0.6661105751991272 -0.603606641292572 -0.6289854049682617 -0.659969687461853 0.4108739197254181 13.073183059692383 0.0 0.0 0.0 1.0
0.3613858222961426 -0.7000988721847534 -0.6158424019813538 -0.8089618682861328 0.698197066783905 -0.23457695543766022 0.676383376121521 -0.5137152671813965 -0.6179976463317871 -0.6744147539138794 0.40403416752815247 13.021341323852539 0.0 0.0 0.0 1.0
0.5559126138687134 -0.6317103505134583 -0.5402806401252747 -0.060675930231809616 0.6133309602737427 -0.12698529660701752 0.779551088809967 -0.18222971260547638 -0.5610582232475281 -0.7647331357002258 0.3168548047542572 13.025599479675293 0.0 0.0 0.0 1.0
0.5940968990325928 -0.6124818325042725 -0.5214545726776123 -0.22392071783542633 0.5958365201950073 -0.10042941570281982 0.7968015670776367 -0.30125749111175537 -0.5403958559036255 -0.7840790152549744 0.30527424812316895 13.081317901611328 0.0 0.0 0.0 1.0
0.6183502674102783 -0.5964798331260681 -0.5117174386978149 -0.3424129784107208 0.5856018662452698 -0.08454306423664093 0.8061779737472534 -0.36205944418907166 -0.5241310596466064 -0.7981630563735962 0.2970225214958191 13.10318374633789 0.0 0.0 0.0 1.0
0.6523936986923218 -0.5717096328735352 -0.4975244104862213 -0.4643574655056 0.5686298608779907 -0.06475290656089783 0.8200409412384033 -0.40159884095191956 -0.5010414719581604 -0.8178967833518982 0.2828467786312103 13.103118896484375 0.0 0.0 0.0 1.0
0.6738747358322144 -0.5532691478729248 -0.48967957496643066 -0.5019593238830566 0.5581774115562439 -0.05300530791282654 0.8280268311500549 -0.39906442165374756 -0.4840773344039917 -0.8313144445419312 0.27310338616371155 13.05616283416748 0.0 0.0 0.0 1.0
0.8293378353118896 -0.40408846735954285 -0.3858901560306549 0.161827951669693 0.4341999590396881 0.03141306713223457 0.9002686142921448 0.4061253070831299 -0.3516661822795868 -0.914180338382721 0.20150724053382874 13.39526081085205 0.0 0.0 0.0 1.0
0.8466204404830933 -0.38660991191864014 -0.36574122309684753 0.0767669752240181 0.41204315423965454 0.04121711850166321 0.9102315902709961 0.402251273393631 -0.3368297517299652 -0.9213218092918396 0.1941952258348465 13.346076965332031 0.0 0.0 0.0 1.0
0.8705005645751953 -0.35813313722610474 -0.33759361505508423 -0.03636118769645691 0.3805290460586548 0.05473370850086212 0.9231477975845337 0.329848051071167 -0.3121320605278015 -0.9320648312568665 0.1839257925748825 13.244571685791016 0.0 0.0 0.0 1.0
0.8847284913063049 -0.3372669816017151 -0.3217242658138275 -0.1575644314289093 0.36159154772758484 0.061077382415533066 0.9303338527679443 0.2551196217536926 -0.29412081837654114 -0.9394256472587585 0.1759897917509079 13.196660041809082 0.0 0.0 0.0 1.0
0.9045377373695374 -0.30223584175109863 -0.3007739186286926 -0.23863032460212708 0.335095077753067 0.06767447292804718 0.9397507309913635 0.24295055866241455 -0.2636716365814209 -0.9508278965950012 0.16249185800552368 13.13465404510498 0.0 0.0 0.0 1.0
0.9755526781082153 -0.15492431819438934 -0.15586984157562256 0.4650849401950836 0.17509861290454865 0.1193327084183693 0.9772922396659851 0.5560294985771179 -0.1328059583902359 -0.9806926846504211 0.14354237914085388 13.229005813598633 0.0 0.0 0.0 1.0
0.9813863635063171 -0.13535195589065552 -0.13623753190040588 0.28493446111679077 0.15426068007946014 0.1330500692129135 0.9790307879447937 0.5331578254699707 -0.11438731849193573 -0.9818235635757446 0.15145300328731537 13.140351295471191 0.0 0.0 0.0 1.0
0.988243818283081 -0.10225015878677368 -0.11366212368011475 -0.1103409007191658 0.12793882191181183 0.14607390761375427 0.9809659123420715 0.5781078934669495 -0.08370085060596466 -0.9839752912521362 0.15743839740753174 13.022150993347168 0.0 0.0 0.0 1.0
0.9916996955871582 -0.07911613583564758 -0.10135281085968018 -0.276959091424942 0.11228416860103607 0.14885349571704865 0.9824637174606323 0.6824895739555359 -0.06264201551675797 -0.9856892228126526 0.15650145709514618 12.919034004211426 0.0 0.0 0.0 1.0
0.9958561658859253 -0.056074075400829315 -0.07159744948148727 -0.3380225896835327 0.07958563417196274 0.15638768672943115 0.9844841361045837 0.8653374910354614 -0.0440070778131485 -0.9861027002334595 0.16020233929157257 12.584218978881836 0.0 0.0 0.0 1.0
0.9945964813232422 0.07949206233024597 0.06677459925413132 0.3650988042354584 -0.07971576601266861 0.17271801829338074 0.9817402362823486 1.2410342693328857 0.06650737673044205 -0.9817583560943604 0.17812150716781616 12.51181697845459 0.0 0.0 0.0 1.0
0.9894885420799255 0.1060107871890068 0.09835716336965561 0.6058738231658936 -0.11574270576238632 0.1728118360042572 0.9781306982040405 1.257863163948059 0.0866951271891594 -0.9792332649230957 0.1832652986049652 12.514808654785156 0.0 0.0 0.0 1.0
0.9851782321929932 0.12480568885803223 0.11767490208148956 0.727891743183136 -0.13867968320846558 0.17576491832733154 0.9746150970458984 1.2484573125839233 0.10095439106225967 -0.9764887094497681 0.19046778976917267 12.438672065734863 0.0 0.0 0.0 1.0
0.9773776531219482 0.15054276585578918 0.14855925738811493 0.7220357060432434 -0.1749127209186554 0.18044055998325348 0.9679084420204163 1.111853837966919 0.11890549957752228 -0.9719969630241394 0.20269040763378143 12.241046905517578 0.0 0.0 0.0 1.0
0.9712712168693542 0.17071498930454254 0.16579684615135193 0.6221680641174316 -0.19637028872966766 0.18138998746871948 0.9636059403419495 0.9781747460365295 0.13442808389663696 -0.9684802889823914 0.20970222353935242 12.144026756286621 0.0 0.0 0.0 1.0
0.89165860414505 0.3325653374195099 0.30715668201446533 -0.8213197588920593 -0.36244943737983704 0.11790140718221664 0.9245159029960632 1.13814115524292 0.2712477445602417 -0.9356813430786133 0.22566592693328857 11.56534194946289 0.0 0.0 0.0 1.0
0.877737820148468 0.3519556522369385 0.32512080669403076 -0.8467711210250854 -0.3833571970462799 0.10881102085113525 0.917168140411377 1.1599276065826416 0.28742578625679016 -0.9296705722808838 0.23043228685855865 11.457965850830078 0.0 0.0 0.0 1.0
0.8554680943489075 0.37970858812332153 0.35213029384613037 -0.7440832853317261 -0.4145194888114929 0.09451556950807571 0.905119001865387 1.150773286819458 0.3103996515274048 -0.9202653169631958 0.23825165629386902 11.22280216217041 0.0 0.0 0.0 1.0
0.8403010964393616 0.3987749218940735 0.36725011467933655 -0.6133813858032227 -0.4332966208457947 0.0869099572300911 0.8970510959625244 1.0977808237075806 0.3258037865161896 -0.9129212498664856 0.2458183467388153 11.013086318969727 0.0 0.0 0.0 1.0
0.8173165321350098 0.4292898178100586 0.38432273268699646 -0.3679977059364319 -0.45686599612236023 0.07640223950147629 0.8862483501434326 1.0453792810440063 0.3510943055152893 -0.899929404258728 0.2585727274417877 10.626006126403809 0.0 0.0 0.0 1.0
0.6922390460968018 0.5469100475311279 0.47084444761276245 0.2027871310710907 -0.5776172280311584 0.028768809512257576 0.815800666809082 1.5459856986999512 0.432623952627182 -0.8366969227790833 0.3358195722103119 11.367911338806152 0.0 0.0 0.0 1.0
0.6733008623123169 0.5644991397857666 0.47750037908554077 0.11604722589254379 -0.5916727185249329 0.024083612486720085 0.8058184385299683 1.5245277881622314 0.4433839023113251 -0.8250822424888611 0.35021427273750305 11.353302001953125 0.0 0.0 0.0 1.0
0.6444606781005859 0.5892403721809387 0.48730504512786865 -0.04168745130300522 -0.6071183681488037 0.006890813820064068 0.7945815324783325 1.5406502485275269 0.4648415744304657 -0.8079283833503723 0.3621795177459717 11.400402069091797 0.0 0.0 0.0 1.0
0.6250868439674377 0.6057397127151489 0.49228635430336 -0.11386945098638535 -0.6162415146827698 -0.004117203410714865 0.7875465154647827 1.6376135349273682 0.47907504439353943 -0.7956522107124329 0.3707083463668823 11.371024131774902 0.0 0.0 0.0 1.0
0.5969787836074829 0.6236286163330078 0.5046817660331726 -0.17264139652252197 -0.6342714428901672 -0.01831006444990635 0.7728935480117798 1.8392736911773682 0.4912393093109131 -0.7815062999725342 0.3846191167831421 11.270387649536133 0.0 0.0 0.0 1.0
0.44834378361701965 0.6899058222770691 0.5683465600013733 -0.07185550034046173 -0.7201741933822632 -0.09782501310110092 0.6868619918823242 1.7131868600845337 0.5294685959815979 -0.7172588109970093 0.45299312472343445 11.076013565063477 0.0 0.0 0.0 1.0
0.4169217050075531 0.7039698362350464 0.574980616569519 -0.02582670748233795 -0.7322538495063782 -0.1146358922123909 0.6713142991065979 1.4751306772232056 0.5384984612464905 -0.7009173035621643 0.46769043803215027 10.978702545166016 0.0 0.0 0.0 1.0
0.3961903154850006 0.7142876386642456 0.5769110918045044 -0.05893098935484886 -0.7393306493759155 -0.12439834326505661 0.6617516279220581 1.3278158903121948 0.5444477796554565 -0.6887076497077942 0.47880932688713074 10.847500801086426 0.0 0.0 0.0 1.0
0.3649252951145172 0.726089596748352 0.5827722549438477 -0.21795473992824554 -0.7470359206199646 -0.14522682130336761 0.6487268209457397 1.1666640043258667 0.5556679368019104 -0.672088623046875 0.48941805958747864 10.678500175476074 0.0 0.0 0.0 1.0
0.3441045582294464 0.732207715511322 0.5877617597579956 -0.2818676233291626 -0.7515904307365417 -0.16039583086967468 0.6398320198059082 1.120435118675232 0.5627644658088684 -0.6619252562522888 0.495127409696579 10.661979675292969 0.0 0.0 0.0 1.0
0.18124234676361084 0.7615917921066284 0.6221970319747925 -0.5806967616081238 -0.7828362584114075 -0.27121275663375854 0.5600098967552185 0.9911370277404785 0.5952467322349548 -0.5885758996009827 0.547046422958374 11.611239433288574 0.0 0.0 0.0 1.0
0.14501622319221497 0.7634450793266296 0.6293821334838867 -0.5200061798095703 -0.7907800674438477 -0.29288777709007263 0.5374789834022522 0.9860548973083496 0.5946740508079529 -0.5756460428237915 0.5612436532974243 11.622636795043945 0.0 0.0 0.0 1.0
0.12012215703725815 0.7700444459915161 0.626579761505127 -0.5042939186096191 -0.7960695028305054 -0.3023921549320221 0.524244487285614 0.9064332246780396 0.5931643843650818 -0.5617744326591492 0.5766848921775818 11.497912406921387 0.0 0.0 0.0 1.0
0.08276453614234924 0.7803001999855042 0.6199045181274414 -0.7319140434265137 -0.7955141067504883 -0.32293829321861267 0.5127066373825073 0.8048032522201538 0.6002560257911682 -0.5355767607688904 0.5940120220184326 11.143828392028809 0.0 0.0 0.0 1.0
0.05881589278578758 0.7820631861686707 0.6204175353050232 -0.9080389738082886 -0.7959493398666382 -0.3383597135543823 0.5019735097885132 0.791862964630127 0.60249924659729 -0.5233449339866638 0.6025817394256592 10.907449722290039 0.0 0.0 0.0 1.0
-0.10164976119995117 0.7851499915122986 0.6109065413475037 -0.7153453826904297 -0.7902876138687134 -0.4367232620716095 0.42978864908218384 0.11268887668848038 0.604245662689209 -0.43910396099090576 0.6648871302604675 11.210582733154297 0.0 0.0 0.0 1.0
-0.12953220307826996 0.7829227447509766 0.6084845066070557 -0.5575408935546875 -0.7859815359115601 -0.455192893743515 0.4183688163757324 0.11905791610479355 0.6045283079147339 -0.42406535148620605 0.6743249297142029 11.437376976013184 0.0 0.0 0.0 1.0
-0.1465263068675995 0.7841684222221375 0.6030007600784302 -0.3984553813934326 -0.7875386476516724 -0.46134600043296814 0.4085862636566162 0.1061071902513504 0.5985924601554871 -0.4150177836418152 0.6851623058319092 11.440245628356934 0.0 0.0 0.0 1.0
-0.17086774110794067 0.7872051000595093 0.5925472974777222 -0.22618836164474487 -0.7844870686531067 -0.47255825996398926 0.4015827178955078 0.016979467123746872 0.5961410999298096 -0.396228164434433 0.6982972025871277 11.348224639892578 0.0 0.0 0.0 1.0
-0.1867258995771408 0.7855648398399353 0.5899332761764526 -0.13968153297901154 -0.779312789440155 -0.48407086730003357 0.3979283571243286 0.022120704874396324 0.5981680750846863 -0.38543903827667236 0.7025893330574036 11.323269844055176 0.0 0.0 0.0 1.0
-0.3073955774307251 0.7703552842140198 0.5586239099502563 1.1310360431671143 -0.7601852416992188 -0.551915168762207 0.3427945077419281 0.7074998617172241 0.5723865628242493 -0.3192841410636902 0.7552689909934998 12.093697547912598 0.0 0.0 0.0 1.0
-0.32424023747444153 0.7667123675346375 0.5540941953659058 1.1433809995651245 -0.7575244307518005 -0.5612719058990479 0.33336251974105835 0.7362766861915588 0.5665906667709351 -0.3116503655910492 0.762790322303772 12.321757316589355 0.0 0.0 0.0 1.0
-0.3506133556365967 0.7620420455932617 0.5443915724754333 1.0932773351669312 -0.7507830858230591 -0.5761858224868774 0.3230087459087372 0.7697694897651672 0.5598169565200806 -0.295468807220459 0.7741467356681824 12.556640625 0.0 0.0 0.0 1.0
-0.3685869872570038 0.7569756507873535 0.5395660400390625 1.0110673904418945 -0.7458829283714294 -0.5872411727905273 0.3143349885940552 0.7764297127723694 0.5547993183135986 -0.28659331798553467 0.7810646295547485 12.72487735748291 0.0 0.0 0.0 1.0
-0.3967408537864685 0.747603714466095 0.5326212644577026 0.8616536855697632 -0.7371513843536377 -0.6052532196044922 0.30046018958091736 0.7697654366493225 0.5469958782196045 -0.2734176814556122 0.791225790977478 12.949052810668945 0.0 0.0 0.0 1.0
-0.557979166507721 0.6694431900978088 0.49041321873664856 0.46322742104530334 -0.6625673174858093 -0.7152070999145508 0.22244863212108612 1.1049703359603882 0.49966371059417725 -0.20081005990505219 0.8426218032836914 13.743569374084473 0.0 0.0 0.0 1.0
-0.5809443593025208 0.6552162766456604 0.48290297389030457 0.36106643080711365 -0.6471465229988098 -0.7316560745239258 0.2141980081796646 1.181784987449646 0.4936649203300476 -0.1880718469619751 0.8490723967552185 13.86015510559082 0.0 0.0 0.0 1.0
-0.6149919629096985 0.628861129283905 0.4757295250892639 0.2514481842517853 -0.6254822611808777 -0.7564187049865723 0.1913183182477951 1.3593462705612183 0.4801633656024933 -0.1799011528491974 0.8585329055786133 14.1458740234375 0.0 0.0 0.0 1.0
-0.6376858949661255 0.6118996143341064 0.4679054617881775 0.2617553770542145 -0.6124054789543152 -0.7711822390556335 0.1738893985748291 1.4538244009017944 0.4672432243824005 -0.17566104233264923 0.8665027022361755 14.233297348022461 0.0 0.0 0.0 1.0
-0.6720094084739685 0.5845571756362915 0.45463868975639343 0.3772551417350769 -0.5889789462089539 -0.7940371036529541 0.15036270022392273 1.4943220615386963 0.44889557361602783 -0.1667274534702301 0.8778921961784363 14.36769962310791 0.0 0.0 0.0 1.0
-0.8145761489868164 0.4485687017440796 0.36776596307754517 0.30753007531166077 -0.454856276512146 -0.8874088525772095 0.07490845024585724 1.4845242500305176 0.3599603772163391 -0.10626202076673508 0.9268963932991028 14.0687255859375 0.0 0.0 0.0 1.0
-0.8370929956436157 0.42300423979759216 0.3469045162200928 0.5229315161705017 -0.4304788112640381 -0.900640606880188 0.059451524168252945 1.3620749711990356 0.33758455514907837 -0.09956859052181244 0.9360142946243286 14.280813217163086 0.0 0.0 0.0 1.0
-0.8511961698532104 0.4034576714038849 0.33568882942199707 0.6409801244735718 -0.410709947347641 -0.9102484583854675 0.05258435383439064 1.2335996627807617 0.32677578926086426 -0.09311114251613617 0.9405040740966797 14.433978080749512 0.0 0.0 0.0 1.0
-0.8714314699172974 0.37265533208847046 0.31895962357521057 0.7904823422431946 -0.3790333867073059 -0.9243189096450806 0.044365301728248596 1.0590181350708008 0.3113533854484558 -0.08223503082990646 0.9467293620109558 14.614995002746582 0.0 0.0 0.0 1.0
-0.8839647173881531 0.3500128984451294 0.30999571084976196 0.8907535076141357 -0.3542175889015198 -0.9340981841087341 0.04461529850959778 1.0574113130569458 0.3051823377609253 -0.07036758214235306 0.9496905207633972 14.664859771728516 0.0 0.0 0.0 1.0
-0.9514607787132263 0.20600873231887817 0.2286543846130371 0.19458232820034027 -0.20545561611652374 -0.978307843208313 0.02648978680372238 2.218752384185791 0.22915151715278625 -0.021774334833025932 0.9731472134590149 13.716779708862305 0.0 0.0 0.0 1.0
-0.961371123790741 0.1860433667898178 0.202862948179245 0.24943028390407562 -0.1856728345155716 -0.982386589050293 0.02102895826101303 2.232541084289551 0.20320214331150055 -0.017449505627155304 0.9789813160896301 13.800189018249512 0.0 0.0 0.0 1.0
-0.9669352769851685 0.1671728491783142 0.19258616864681244 0.2836031913757324 -0.1668749302625656 -0.9858158230781555 0.01788490079343319 2.1907360553741455 0.19284437596797943 -0.014844262972474098 0.9811170697212219 13.95108413696289 0.0 0.0 0.0 1.0
-0.9743561744689941 0.14570437371730804 0.17146499454975128 0.3871941566467285 -0.1449129283428192 -0.9892950654029846 0.01719186082482338 2.1209869384765625 0.1721343994140625 -0.008096499368548393 0.9850401878356934 14.116402626037598 0.0 0.0 0.0 1.0
-0.978428304195404 0.13119706511497498 0.15957863628864288 0.39056122303009033 -0.12938189506530762 -0.9913560748100281 0.02175791747868061 2.0586836338043213 0.1610538363456726 0.0006419761339202523 0.986945390701294 14.174400329589844 0.0 0.0 0.0 1.0
-0.9957173466682434 0.044690001755952835 0.08093062043190002 0.2498999536037445 -0.04413866624236107 -0.9989885091781616 0.008589595556259155 1.9116859436035156 0.08123262971639633 0.004980640020221472 0.9966827034950256 14.748594284057617 0.0 0.0 0.0 1.0
-0.9966809749603271 0.038683656603097916 0.07162798196077347 0.31666100025177 -0.03830261155962944 -0.9992437958717346 0.006686218082904816 1.8128082752227783 0.07183247059583664 0.003920487593859434 0.9974089860916138 14.705011367797852 0.0 0.0 0.0 1.0
-0.9977442026138306 0.029987869784235954 0.06005999818444252 0.4502963125705719 -0.029570044949650764 -0.9995319843292236 0.007833748124539852 1.652767539024353 0.06026680767536163 0.00604010047391057 0.9981640577316284 14.585944175720215 0.0 0.0 0.0 1.0
-0.9982216358184814 0.023620285093784332 0.05473240464925766 0.5170272588729858 -0.0231265090405941 -0.999686062335968 0.009637611918151379 1.552983045578003 0.054942868649959564 0.008354702964425087 0.9984545707702637 14.493051528930664 0.0 0.0 0.0 1.0
-0.9986156225204468 0.012085303664207458 0.051193442195653915 0.5351461172103882 -0.011441212147474289 -0.9998518824577332 0.012855950742959976 1.500099539756775 0.0513412281870842 0.012252438813447952 0.9986060261726379 14.382112503051758 0.0 0.0 0.0 1.0
-0.9996724128723145 -0.005248600617051125 0.025049638003110886 0.6975172162055969 0.00544643122702837 -0.9999544620513916 0.007835865952074528 1.9215686321258545 0.025007370859384537 0.007969730533659458 0.9996554851531982 14.638169288635254 0.0 0.0 0.0 1.0
-0.9996868371963501 -0.00670234439894557 0.024110188707709312 0.8073005080223083 0.0068581667728722095 -0.9999560713768005 0.00638605235144496 1.9855173826217651 0.024066327139735222 0.006549404002726078 0.9996889233589172 14.721891403198242 0.0 0.0 0.0 1.0