-0.6611971855163574 0.4907529652118683 0.5674326419830322 0.849389910697937 -0.5200979709625244 -0.8449503183364868 0.12472766637802124 0.4926365911960602 0.5406628847122192 -0.21265099942684174 0.81391841173172 10.389470100402832 0.0 0.0 0.0 1.0
-0.66120445728302 0.49083763360977173 0.5673509240150452 0.8623685836791992 -0.5199858546257019 -0.8449764251708984 0.12501835823059082 0.5009241104125977 0.5407618880271912 -0.21235176920890808 0.8139308094978333 10.384428024291992 0.0 0.0 0.0 1.0
-0.6608361005783081 0.4917607009410858 0.5669806599617004 0.866034984588623 -0.5201312899589539 -0.8446828722953796 0.12638936936855316 0.5129098296165466 0.5410721898078918 -0.2113817036151886 0.813977062702179 10.389759063720703 0.0 0.0 0.0 1.0
-0.6624307632446289 0.4915268123149872 0.5653201341629028 0.8663610219955444 -0.5182441473007202 -0.8456061482429504 0.12795795500278473 0.5202537775039673 0.5409329533576965 -0.20821057260036469 0.8148864507675171 10.376221656799316 0.0 0.0 0.0 1.0
-0.665388286113739 0.49051740765571594 0.562717616558075 0.8666589856147766 -0.5174624919891357 -0.8463907837867737 0.12591741979122162 0.5320492386817932 0.5380436778068542 -0.20740127563476562 0.8170028924942017 10.380977630615234 0.0 0.0 0.0 1.0
-0.6703402400016785 0.4868237376213074 0.560041606426239 0.858086109161377 -0.510619580745697 -0.8502408862113953 0.12789873778820038 0.6080846786499023 0.5384343862533569 -0.20023250579833984 0.818532407283783 10.4161376953125 0.0 0.0 0.0 1.0
-0.6769871115684509 0.4871010482311249 0.5517436265945435 0.8259564638137817 -0.5055953860282898 -0.8525645136833191 0.13231416046619415 0.6497827768325806 0.5348473787307739 -0.18938404321670532 0.8234512209892273 10.370196342468262 0.0 0.0 0.0 1.0
-0.6880438923835754 0.47744613885879517 0.5464803576469421 0.8771063685417175 -0.48441895842552185 -0.8629046678543091 0.1439923346042633 0.7860932350158691 0.5403090715408325 -0.16565240919589996 0.8250002264976501 10.297165870666504 0.0 0.0 0.0 1.0
-0.6835961937904358 0.47894930839538574 0.5507302284240723 0.9002255797386169 -0.48514723777770996 -0.8619214296340942 0.1473894566297531 0.6730640530586243 0.5452782511711121 -0.16643036901950836 0.8215671181678772 10.21414852142334 0.0 0.0 0.0 1.0
-0.6733955144882202 0.48787838220596313 0.5554396510124207 0.9191645979881287 -0.4959293603897095 -0.8553053736686707 0.15002241730690002 0.5244856476783752 0.5482631921768188 -0.17443439364433289 0.8179120421409607 10.14297103881836 0.0 0.0 0.0 1.0
-0.6840085983276367 0.48805317282676697 0.5421589016914368 0.7183535099029541 -0.5007002353668213 -0.8546109199523926 0.13762067258358002 0.5378256440162659 0.530501127243042 -0.17732539772987366 0.828929603099823 10.141244888305664 0.0 0.0 0.0 1.0
-0.6859603524208069 0.4956156015396118 0.5327509641647339 0.8282143473625183 -0.49613016843795776 -0.8541539907455444 0.15580713748931885 0.68720942735672 0.5322718024253845 -0.1574362963438034 0.8318055868148804 9.970998764038086 0.0 0.0 0.0 1.0
-0.7016342878341675 0.48775923252105713 0.5194230675697327 0.8622912764549255 -0.4881034195423126 -0.8600890040397644 0.1483304649591446 0.4949343502521515 0.5190995931625366 -0.14945842325687408 0.8415448665618896 9.836333274841309 0.0 0.0 0.0 1.0
-0.7476704120635986 0.45464152097702026 0.4840351939201355 0.7059978246688843 -0.4601858854293823 -0.8802202343940735 0.11593644320964813 0.47282248735427856 0.4787670969963074 -0.13606391847133636 0.867334246635437 9.875692367553711 0.0 0.0 0.0 1.0
-0.7811362147331238 0.4371325671672821 0.44580408930778503 0.752251386642456 -0.4345185160636902 -0.8933418989181519 0.11460341513156891 0.5511086583137512 0.4483523666858673 -0.10418925434350967 0.8877639174461365 9.77452278137207 0.0 0.0 0.0 1.0
-0.8071950674057007 0.41565293073654175 0.41912850737571716 0.8544124960899353 -0.4079064428806305 -0.9060142040252686 0.11291854083538055 0.5345089435577393 0.4266712963581085 -0.07981793582439423 0.9008777141571045 9.824284553527832 0.0 0.0 0.0 1.0
-0.8420311808586121 0.3836418092250824 0.37921297550201416 0.7650395035743713 -0.3784940242767334 -0.9210797548294067 0.09140228480100632 0.5780211091041565 0.38435113430023193 -0.06656627357006073 0.9207839965820312 9.971250534057617 0.0 0.0 0.0 1.0
-0.8548226356506348 0.3702816069126129 0.36355167627334595 0.7526434063911438 -0.36189183592796326 -0.9274946451187134 0.09374428540468216 0.6919695734977722 0.37190401554107666 -0.05143164470791817 0.9268453121185303 9.939115524291992 0.0 0.0 0.0 1.0
-0.8581827282905579 0.36436915397644043 0.36160412430763245 0.8118155598640442 -0.3519037961959839 -0.930420994758606 0.10237427800893784 0.7622370719909668 0.3737460970878601 -0.03939403221011162 0.9266940951347351 9.771130561828613 0.0 0.0 0.0 1.0
-0.8546484708786011 0.3665332794189453 0.3677354156970978 0.7841052412986755 -0.3509991765022278 -0.9297753572463989 0.11098385602235794 0.8271163105964661 0.3825905919075012 -0.034222643822431564 0.9232839345932007 9.754927635192871 0.0 0.0 0.0 1.0
-0.851235032081604 0.36700427532196045 0.3751090168952942 0.7624090909957886 -0.3594649136066437 -0.9285385608673096 0.09274229407310486 0.6679160594940186 0.3823400139808655 -0.05589304491877556 0.9223297238349915 9.800168991088867 0.0 0.0 0.0 1.0
-0.8645628094673157 0.3749440014362335 0.3345864713191986 0.5882303714752197 -0.3610908091068268 -0.9265685677528381 0.10528106987476349 0.983121395111084 0.34949183464050293 -0.029794009402394295 0.9364655613899231 9.712362289428711 0.0 0.0 0.0 1.0
-0.8880424499511719 0.33910873532295227 0.31046077609062195 0.6072495579719543 -0.32761484384536743 -0.940498411655426 0.09017349034547806 0.897270917892456 0.3225664794445038 -0.02163366787135601 0.9462995529174805 9.70018196105957 0.0 0.0 0.0 1.0
-0.9047189354896545 0.3165474534034729 0.2850988507270813 0.7116016745567322 -0.30914103984832764 -0.9482954144477844 0.07188638299703598 0.8582466244697571 0.2931133806705475 -0.023098785430192947 0.9557986259460449 9.847308158874512 0.0 0.0 0.0 1.0
-0.9292680621147156 0.27244263887405396 0.24947111308574677 0.6690188050270081 -0.266369491815567 -0.9620957374572754 0.058472659438848495 0.8187662959098816 0.2559455633163452 -0.012114720419049263 0.9666152596473694 10.072047233581543 0.0 0.0 0.0 1.0
-0.9426343441009521 0.2455843687057495 0.22611673176288605 0.58968186378479 -0.24153010547161102 -0.9693084955215454 0.045872051268815994 0.7435488104820251 0.2304423302412033 -0.01137342769652605 0.973019540309906 10.32460880279541 0.0 0.0 0.0 1.0
-0.9564735889434814 0.21730898320674896 0.1947692632675171 0.4300236701965332 -0.2145337462425232 -0.9760714173316956 0.035494428128004074 0.8135785460472107 0.1978219747543335 -0.007835096679627895 0.9802066683769226 10.566981315612793 0.0 0.0 0.0 1.0
-0.9637311100959778 0.19822528958320618 0.1786871701478958 0.39308637380599976 -0.19237621128559113 -0.9800636768341064 0.049664780497550964 0.9842183589935303 0.18496961891651154 0.013488330878317356 0.9826516509056091 10.595993041992188 0.0 0.0 0.0 1.0
-0.9650141596794128 0.1876494139432907 0.18312665820121765 0.4914569854736328 -0.17840011417865753 -0.9817494750022888 0.06588922441005707 1.0331095457077026 0.1921485811471939 0.030914219096302986 0.9808788299560547 10.51424789428711 0.0 0.0 0.0 1.0
-0.9664435982704163 0.18638883531093597 0.17676514387130737 0.3255557417869568 -0.17580655217170715 -0.981647789478302 0.07388942688703537 1.026627779006958 0.18729327619075775 0.040333498269319534 0.9814756512641907 10.540701866149902 0.0 0.0 0.0 1.0
-0.9640699625015259 0.17988313734531403 0.19547688961029053 0.6201290488243103 -0.16968536376953125 -0.9831591248512268 0.06786061078310013 0.9026950597763062 0.20439185202121735 0.03225281089544296 0.9783576726913452 10.467508316040039 0.0 0.0 0.0 1.0
-0.9634738564491272 0.19092437624931335 0.18779246509075165 0.6523634791374207 -0.17880885303020477 -0.9806563258171082 0.07962801307439804 1.0603716373443604 0.19936279952526093 0.043140556663274765 0.9789756536483765 10.480374336242676 0.0 0.0 0.0 1.0
-0.9757999181747437 0.15684175491333008 0.15236522257328033 0.6734700202941895 -0.14832019805908203 -0.9867451190948486 0.06584179401397705 1.0017476081848145 0.1606723815202713 0.041649580001831055 0.9861286282539368 10.360736846923828 0.0 0.0 0.0 1.0
-0.9856324195861816 0.12460922449827194 0.11402317136526108 0.5192651152610779 -0.12054459005594254 -0.9918232560157776 0.04190079867839813 1.0425961017608643 0.1183120533823967 0.02755390666425228 0.9925941228866577 10.56250286102295 0.0 0.0 0.0 1.0
-0.9941975474357605 0.08365047723054886 0.06763047724962234 0.46318039298057556 -0.08109541237354279 -0.995915949344635 0.03968602791428566 1.0762401819229126 0.07067402452230453 0.03397122770547867 0.9969208240509033 10.503169059753418 0.0 0.0 0.0 1.0
-0.9982905387878418 0.05160854756832123 0.027431810274720192 0.3667835295200348 -0.05102444440126419 -0.9984641671180725 0.02158300392329693 0.9920973777770996 0.028503546491265297 0.020146416500210762 0.9993906617164612 10.679973602294922 0.0 0.0 0.0 1.0
-0.9997690320014954 0.016115952283143997 0.014216430485248566 0.5750070810317993 -0.015913693234324455 -0.9997721314430237 0.014227310195565224 1.1384187936782837 0.014442477375268936 0.013997788541018963 0.9997977018356323 10.72208023071289 0.0 0.0 0.0 1.0
-0.9999920129776001 -0.003642995608970523 -0.001630484010092914 0.6926664710044861 0.0036059548147022724 -0.9997476935386658 0.022171499207615852 1.257749319076538 -0.0017108432948589325 0.022165443748235703 0.9997528791427612 10.557428359985352 0.0 0.0 0.0 1.0
-0.9989905953407288 -0.03704502806067467 -0.025406094267964363 0.7155777215957642 0.03642675280570984 -0.9990388751029968 0.024381477385759354 1.244638204574585 -0.02628488838672638 0.023431405425071716 0.9993798732757568 10.458791732788086 0.0 0.0 0.0 1.0
-0.9954982399940491 -0.07305819541215897 -0.06037961319088936 0.5871680974960327 0.07270999252796173 -0.9973214864730835 0.007946950383484364 0.9506429433822632 -0.06079847365617752 0.003520974423736334 0.9981438517570496 10.612861633300781 0.0 0.0 0.0 1.0
-0.9883832931518555 -0.10885224491357803 -0.10606414824724197 0.5068970918655396 0.10715758055448532 -0.9940081834793091 0.021564802154898643 0.8853757977485657 -0.10777600854635239 0.009948712773621082 0.9941254258155823 10.60534381866455 0.0 0.0 0.0 1.0
-0.9828506112098694 -0.1374305635690689 -0.1229531541466713 0.7046843767166138 0.1366308629512787 -0.9905091524124146 0.014952868223190308 0.7758805751800537 -0.12384120374917984 -0.0021027596667408943 0.9922997951507568 10.701396942138672 0.0 0.0 0.0 1.0
-0.9778103232383728 -0.16193841397762299 -0.13290192186832428 0.7876244783401489 0.1595812439918518 -0.9867798686027527 0.028271790593862534 0.925671398639679 -0.13572323322296143 0.006435793358832598 0.9907258749008179 10.909945487976074 0.0 0.0 0.0 1.0
-0.9615073204040527 -0.2064170390367508 -0.1813715100288391 0.605342447757721 0.2025671899318695 -0.9784630537033081 0.03970631957054138 0.9791178703308105 -0.18566137552261353 0.0014379998901858926 0.9826127290725708 11.001537322998047 0.0 0.0 0.0 1.0
-0.9332922697067261 -0.26587721705436707 -0.24140189588069916 0.3490749001502991 0.2579350471496582 -0.9640047550201416 0.06453187018632889 1.100421667098999 -0.24987012147903442 -0.0020389100536704063 0.9682772159576416 11.047667503356934 0.0 0.0 0.0 1.0
-0.9147220849990845 -0.29199138283729553 -0.2793287932872772 0.26460617780685425 0.28856486082077026 -0.9559201002120972 0.05428655445575714 0.9809625148773193 -0.2828672230243683 -0.030947363004088402 0.9586597084999084 11.311633110046387 0.0 0.0 0.0 1.0
-0.8972271084785461 -0.31545278429985046 -0.3089870810508728 0.17441436648368835 0.3085789680480957 -0.9484504461288452 0.07225518673658371 1.1165672540664673 -0.3158520460128784 -0.03051760233938694 0.9483175277709961 11.343816757202148 0.0 0.0 0.0 1.0
-0.8838051557540894 -0.33923280239105225 -0.322194904088974 0.21239838004112244 0.3314390778541565 -0.9400295615196228 0.08057640492916107 1.1449187994003296 -0.33020690083503723 -0.035574138164520264 0.9432379603385925 11.317719459533691 0.0 0.0 0.0 1.0
-0.8705243468284607 -0.3705664873123169 -0.32383307814598083 0.42926889657974243 0.3654143810272217 -0.9274840354919434 0.07902957499027252 1.1124593019485474 -0.32963573932647705 -0.049536094069480896 0.9428077340126038 11.267192840576172 0.0 0.0 0.0 1.0
-0.8434181809425354 -0.4136676788330078 -0.342818945646286 0.2590579092502594 0.40485185384750366 -0.908829391002655 0.10061852633953094 1.2275103330612183 -0.35318657755851746 -0.05392739549279213 0.933997392654419 11.177988052368164 0.0 0.0 0.0 1.0
-0.8152468204498291 -0.4533649682998657 -0.3603232502937317 0.03484393656253815 0.436550110578537 -0.8899401426315308 0.13202477991580963 1.3971045017242432 -0.3805215358734131 -0.04966636374592781 0.9234374165534973 11.08203411102295 0.0 0.0 0.0 1.0
-0.787667453289032 -0.49294963479042053 -0.3695681691169739 0.0033869973849505186 0.46432584524154663 -0.8692341446876526 0.1698044389486313 1.446365237236023 -0.40494629740715027 -0.037850622087717056 0.913556694984436 10.732999801635742 0.0 0.0 0.0 1.0
-0.7660738229751587 -0.5074910521507263 -0.39444097876548767 0.09515290707349777 0.4889511466026306 -0.858454167842865 0.1548650562763214 1.223456859588623 -0.4172021448612213 -0.0742243081331253 0.905777633190155 10.804961204528809 0.0 0.0 0.0 1.0
-0.7570948600769043 -0.5030093789100647 -0.4168799817562103 0.14831453561782837 0.4889804422855377 -0.859473466873169 0.14900840818881989 1.297635555267334 -0.43324989080429077 -0.09103264659643173 0.8966646790504456 10.786652565002441 0.0 0.0 0.0 1.0
-0.7287969589233398 -0.5135162472724915 -0.4529416263103485 -0.03726157546043396 0.5006407499313354 -0.8508996963500977 0.15914933383464813 1.2573871612548828 -0.46713364124298096 -0.1107734814286232 0.8772202730178833 10.691612243652344 0.0 0.0 0.0 1.0
-0.7120380997657776 -0.5073278546333313 -0.485407292842865 0.030200907960534096 0.4938602149486542 -0.8532803058624268 0.16737613081932068 1.1081117391586304 -0.4991030693054199 -0.1205451637506485 0.8581171035766602 10.620628356933594 0.0 0.0 0.0 1.0
-0.6862124800682068 -0.5184108018875122 -0.5102574825286865 0.025686366483569145 0.5094292163848877 -0.8432283401489258 0.17160356044769287 1.1026439666748047 -0.5192247033119202 -0.1421835720539093 0.8427274227142334 10.636154174804688 0.0 0.0 0.0 1.0
-0.6556510925292969 -0.5471919775009155 -0.5202909111976624 -0.014220006763935089 0.5308246612548828 -0.8240835070610046 0.1977664679288864 1.240275502204895 -0.5369793772697449 -0.14651744067668915 0.8307742476463318 10.563044548034668 0.0 0.0 0.0 1.0
-0.6226416826248169 -0.5831425786018372 -0.5217874050140381 0.010374330915510654 0.5615972876548767 -0.7973583936691284 0.2209707498550415 1.365273356437683 -0.5449090003967285 -0.155448779463768 0.8239598870277405 10.461469650268555 0.0 0.0 0.0 1.0
-0.576482355594635 -0.6183243989944458 -0.5341750979423523 -0.1314583271741867 0.5927903652191162 -0.7664132118225098 0.24740730226039886 1.3615171909332275 -0.5623767971992493 -0.1740279197692871 0.8083604574203491 10.308979988098145 0.0 0.0 0.0 1.0
-0.5274250507354736 -0.636097252368927 -0.5632079243659973 -0.3064182996749878 0.6156337261199951 -0.742984414100647 0.2626200318336487 1.2402863502502441 -0.5855065584182739 -0.20821741223335266 0.7834714651107788 10.446348190307617 0.0 0.0 0.0 1.0
-0.4861063063144684 -0.6592176556587219 -0.5737009048461914 -0.4709819555282593 0.6404897570610046 -0.715373158454895 0.2793101668357849 1.3328443765640259 -0.5945364236831665 -0.23167511820793152 0.7699695229530334 10.636231422424316 0.0 0.0 0.0 1.0
-0.4622189998626709 -0.6804488301277161 -0.5686326026916504 -0.5479727983474731 0.6468060612678528 -0.6973689794540405 0.3087368607521057 1.5719808340072632 -0.6066263318061829 -0.22509095072746277 0.7624555826187134 10.59772777557373 0.0 0.0 0.0 1.0
-0.48254090547561646 -0.6967797875404358 -0.5307091474533081 0.1357419639825821 0.6702873706817627 -0.6838003993034363 0.2883259654045105 1.4869427680969238 -0.5637987852096558 -0.21659857034683228 0.7970043420791626 9.85856819152832 0.0 0.0 0.0 1.0
-0.49831268191337585 -0.6756012439727783 -0.5433667898178101 0.2507716119289398 0.6702471375465393 -0.6977322101593018 0.2528607249259949 1.2599116563796997 -0.5499575138092041 -0.2381863296031952 0.8005086183547974 10.482266426086426 0.0 0.0 0.0 1.0
-0.445463091135025 -0.6985808610916138 -0.5599530339241028 -0.01824193075299263 0.6847700476646423 -0.6687608361244202 0.28956669569015503 1.3568755388259888 -0.5767604112625122 -0.2544478178024292 0.7762755751609802 10.334915161132812 0.0 0.0 0.0 1.0
-0.4277046024799347 -0.7007523775100708 -0.5709770917892456 0.02510974556207657 0.6874215602874756 -0.6623315811157227 0.29794028401374817 1.334828495979309 -0.5869585275650024 -0.2650715410709381 0.7649946212768555 10.381062507629395 0.0 0.0 0.0 1.0
-0.39933454990386963 -0.7061339616775513 -0.584727942943573 -0.042617958039045334 0.6914061307907104 -0.6507937908172607 0.3137275278568268 1.227469563484192 -0.6020709872245789 -0.27900227904319763 0.7481098175048828 10.403528213500977 0.0 0.0 0.0 1.0
-0.3640735149383545 -0.7118297815322876 -0.6006236672401428 -0.013709811493754387 0.6938163042068481 -0.6375035047531128 0.33497491478919983 1.1300944089889526 -0.6213448643684387 -0.29476702213287354 0.7259772419929504 10.500860214233398 0.0 0.0 0.0 1.0
-0.30891409516334534 -0.7350908517837524 -0.60350102186203 -0.2341960370540619 0.7105086445808411 -0.6001846790313721 0.3673633337020874 1.3355703353881836 -0.6322575211524963 -0.31530898809432983 0.7076939344406128 10.514741897583008 0.0 0.0 0.0 1.0
-0.22593151032924652 -0.7648522853851318 -0.6032876372337341 -0.6370157599449158 0.7208423018455505 -0.5478275418281555 0.42458376288414 1.5163886547088623 -0.6552414298057556 -0.33894839882850647 0.6751093864440918 10.320464134216309 0.0 0.0 0.0 1.0
-0.16349542140960693 -0.7662230730056763 -0.6214269399642944 -0.7368765473365784 0.7288241982460022 -0.5183416604995728 0.44736698269844055 1.36445152759552 -0.6648943424224854 -0.3797685503959656 0.6431884169578552 10.475767135620117 0.0 0.0 0.0 1.0
-0.12864699959754944 -0.7466288805007935 -0.6526830792427063 -0.5729557871818542 0.727719783782959 -0.5181883573532104 0.4493381679058075 1.0802245140075684 -0.6737016439437866 -0.4171643853187561 0.6100000143051147 10.803000450134277 0.0 0.0 0.0 1.0
-0.09626588970422745 -0.7545304298400879 -0.6491661667823792 -0.35669851303100586 0.7395477294921875 -0.4907296299934387 0.460709810256958 1.2939590215682983 -0.666184663772583 -0.435738742351532 0.6052517890930176 11.182866096496582 0.0 0.0 0.0 1.0
-0.0912453755736351 -0.7642247080802917 -0.6384629011154175 -0.17772148549556732 0.7421210408210754 -0.47969943284988403 0.46812903881073 1.422734260559082 -0.6640260815620422 -0.4311021566390991 0.6109175682067871 11.032501220703125 0.0 0.0 0.0 1.0
-0.10131759941577911 -0.7664390802383423 -0.6342759132385254 0.09625305235385895 0.7446613311767578 -0.481202095746994 0.46251922845840454 1.344338059425354 -0.6597077250480652 -0.4254593849182129 0.6194917559623718 10.755685806274414 0.0 0.0 0.0 1.0
-0.06220786273479462 -0.7784776091575623 -0.6245821118354797 0.0166433434933424 0.7462142705917358 -0.4518544375896454 0.4888678789138794 1.4019967317581177 -0.6627928614616394 -0.4356606900691986 0.6090199947357178 10.503156661987305 0.0 0.0 0.0 1.0
-0.04355870932340622 -0.7909128665924072 -0.6103764772415161 0.04032820090651512 0.7462561726570129 -0.4319606423377991 0.5064698457717896 1.4820609092712402 -0.6642321348190308 -0.4334360659122467 0.6090392470359802 10.291067123413086 0.0 0.0 0.0 1.0
-0.021395502611994743 -0.7958022952079773 -0.6051784157752991 0.23738327622413635 0.757093071937561 -0.40823280811309814 0.510054886341095 1.384475827217102 -0.6529565453529358 -0.44726353883743286 0.6112307906150818 10.213878631591797 0.0 0.0 0.0 1.0
-0.002887778216972947 -0.7897158861160278 -0.6134659647941589 0.29371359944343567 0.7530614137649536 -0.40534693002700806 0.5182589888572693 1.1893274784088135 -0.6579439043998718 -0.4604809284210205 0.5958751440048218 10.054655075073242 0.0 0.0 0.0 1.0
0.06060084328055382 -0.7676717042922974 -0.6379715800285339 0.18118448555469513 0.7447952628135681 -0.3907407522201538 0.5409266352653503 1.0989503860473633 -0.6645355820655823 -0.507938802242279 0.5480790138244629 10.242422103881836 0.0 0.0 0.0 1.0
0.12368283420801163 -0.7613776326179504 -0.636401355266571 0.05792829766869545 0.728858470916748 -0.3655080497264862 0.5789380073547363 1.3223350048065186 -0.6734002828598022 -0.5354511737823486 0.5097294449806213 10.350099563598633 0.0 0.0 0.0 1.0
0.17419829964637756 -0.7449939250946045 -0.6439247131347656 -0.020317498594522476 0.717047393321991 -0.35222071409225464 0.6014845371246338 1.3087395429611206 -0.6749058961868286 -0.5665020942687988 0.47283968329429626 10.3629150390625 0.0 0.0 0.0 1.0
0.2148362249135971 -0.7151528000831604 -0.665132999420166 -0.020757632330060005 0.7086998224258423 -0.35444650053977966 0.610010027885437 1.096146821975708 -0.6720044016838074 -0.6024318933486938 0.4306807219982147 10.605398178100586 0.0 0.0 0.0 1.0
0.27910280227661133 -0.697702944278717 -0.6597819924354553 -0.22097338736057281 0.6920615434646606 -0.3301687240600586 0.6419029831886292 1.2158761024475098 -0.6656969785690308 -0.6357666254043579 0.39070233702659607 10.867598533630371 0.0 0.0 0.0 1.0
0.3083980083465576 -0.6849092841148376 -0.6601438522338867 -0.06867354363203049 0.6994519829750061 -0.3070682883262634 0.6453495025634766 1.2888529300689697 -0.6447151303291321 -0.6607634425163269 0.3843618929386139 10.870331764221191 0.0 0.0 0.0 1.0
0.355011522769928 -0.6793416142463684 -0.6422318816184998 -0.1651325523853302 0.6872190833091736 -0.27610230445861816 0.6719356179237366 1.4769262075424194 -0.6337954998016357 -0.6798989176750183 0.36883699893951416 10.753756523132324 0.0 0.0 0.0 1.0
0.4010751247406006 -0.682563304901123 -0.6109387278556824 -0.2556442320346832 0.6715635657310486 -0.23449532687664032 0.7028615474700928 1.7061089277267456 -0.6230097413063049 -0.6921844482421875 0.364334374666214 10.533690452575684 0.0 0.0 0.0 1.0
0.4475966691970825 -0.673727810382843 -0.5880034565925598 -0.024937741458415985 0.6624170541763306 -0.19191507995128632 0.7241355180740356 1.6772664785385132 -0.6007170081138611 -0.713624119758606 0.36038824915885925 10.27362060546875 0.0 0.0 0.0 1.0
0.4811495840549469 -0.6384986042976379 -0.6006784439086914 0.018282901495695114 0.6628129482269287 -0.1834837943315506 0.725956380367279 1.371308445930481 -0.5737369060516357 -0.7474310994148254 0.33492201566696167 10.331055641174316 0.0 0.0 0.0 1.0
0.5100497603416443 -0.6289966702461243 -0.5866961479187012 -0.0688953697681427 0.6400447487831116 -0.17813138663768768 0.7474034428596497 1.2667200565338135 -0.5746232867240906 -0.7567247748374939 0.31173014640808105 10.347822189331055 0.0 0.0 0.0 1.0
0.5614270567893982 -0.6024284362792969 -0.5673444271087646 -0.2564975917339325 0.6070030331611633 -0.16618148982524872 0.7771300077438354 1.11276113986969 -0.5624473094940186 -0.7806815505027771 0.2723771035671234 10.412766456604004 0.0 0.0 0.0 1.0
0.6197457909584045 -0.5682967305183411 -0.5412522554397583 -0.403044730424881 0.5765281915664673 -0.13825079798698425 0.8052961826324463 1.0737477540969849 -0.5324757099151611 -0.8111261129379272 0.24195873737335205 10.505453109741211 0.0 0.0 0.0 1.0
0.6744215488433838 -0.5376840233802795 -0.5060152411460876 -0.6229648590087891 0.5325243473052979 -0.12049887329339981 0.8377934098243713 1.0451128482818604 -0.5114424228668213 -0.8344913721084595 0.20506282150745392 10.739508628845215 0.0 0.0 0.0 1.0
0.6996098160743713 -0.5148656368255615 -0.4954386353492737 -0.4987064003944397 0.518842339515686 -0.110677070915699 0.8476751446723938 0.9700533747673035 -0.491272509098053 -0.8500964641571045 0.1897033303976059 10.878181457519531 0.0 0.0 0.0 1.0
0.7277277708053589 -0.4922120273113251 -0.4776396155357361 -0.5137023329734802 0.49693718552589417 -0.10159067064523697 0.8618194460868835 0.9854884743690491 -0.4727216362953186 -0.8645268082618713 0.1706681102514267 11.049939155578613 0.0 0.0 0.0 1.0
0.7511438727378845 -0.47446179389953613 -0.4589868485927582 -0.4064446985721588 0.47891339659690857 -0.08687038719654083 0.8735533952713013 1.0824146270751953 -0.4543400704860687 -0.8759791851043701 0.1619739532470703 11.047469139099121 0.0 0.0 0.0 1.0
0.7660720348358154 -0.45673421025276184 -0.45224714279174805 -0.1886303722858429 0.47298404574394226 -0.07584881782531738 0.8778001070022583 1.1410624980926514 -0.4352237582206726 -0.8863638043403625 0.15792234241962433 11.057002067565918 0.0 0.0 0.0 1.0
0.789951503276825 -0.43462637066841125 -0.4325234293937683 -0.11286706477403641 0.4584629535675049 -0.049751028418540955 0.8873198628425598 1.1491503715515137 -0.4071711003780365 -0.8992356657981873 0.15995918214321136 10.778495788574219 0.0 0.0 0.0 1.0
0.8227385878562927 -0.39630231261253357 -0.40748709440231323 -0.3325883746147156 0.42252117395401 -0.053158678114414215 0.9047927856445312 0.8846296072006226 -0.38023295998573303 -0.9165798425674438 0.12371043115854263 10.787163734436035 0.0 0.0 0.0 1.0
0.8594419956207275 -0.35331058502197266 -0.36950114369392395 -0.5388275384902954 0.3838149309158325 -0.03151779994368553 0.922872006893158 0.7745399475097656 -0.3377062976360321 -0.9349750280380249 0.10851815342903137 10.709224700927734 0.0 0.0 0.0 1.0
0.8865007758140564 -0.32564082741737366 -0.3287467360496521 -0.6721544861793518 0.346340537071228 -0.0041947937570512295 0.9380995035171509 0.9704926609992981 -0.3068625032901764 -0.9454842209815979 0.10906392335891724 10.799823760986328 0.0 0.0 0.0 1.0
0.9048979878425598 -0.30368319153785706 -0.2982215881347656 -0.7023817300796509 0.3196926712989807 0.02238115482032299 0.9472569227218628 1.129354476928711 -0.28099146485328674 -0.9525101780891418 0.11733794957399368 10.733080863952637 0.0 0.0 0.0 1.0
0.9204766154289246 -0.277544766664505 -0.2751212418079376 -0.634771466255188 0.294217973947525 0.028811046853661537 0.955303966999054 0.9779828190803528 -0.2572130858898163 -0.9602805972099304 0.10817855596542358 10.571943283081055 0.0 0.0 0.0 1.0
0.9526976943016052 -0.208290696144104 -0.22131894528865814 -0.8508448600769043 0.23264747858047485 0.03124295175075531 0.9720591902732849 0.858293890953064 -0.19555622339248657 -0.9775678515434265 0.07822339236736298 10.762332916259766 0.0 0.0 0.0 1.0
0.9668110013008118 -0.16878314316272736 -0.19180390238761902 -0.789832592010498 0.20078761875629425 0.03771216422319412 0.9789086580276489 0.9005417823791504 -0.15798993408679962 -0.984931468963623 0.07035009562969208 10.856593132019043 0.0 0.0 0.0 1.0
0.9754914045333862 -0.13930031657218933 -0.17032897472381592 -0.6390531063079834 0.1782756745815277 0.046620212495326996 0.9828755259513855 1.0234909057617188 -0.12897410988807678 -0.9891521334648132 0.07031147181987762 10.961410522460938 0.0 0.0 0.0 1.0
0.9841772317886353 -0.1098061352968216 -0.139060378074646 -0.7285163402557373 0.14533953368663788 0.05137864127755165 0.9880468845367432 1.0572712421417236 -0.101348876953125 -0.9926242232322693 0.06652486324310303 10.992960929870605 0.0 0.0 0.0 1.0
0.993445873260498 -0.06416412442922592 -0.09459510445594788 -0.8449262976646423 0.09738154709339142 0.04178007319569588 0.9943698048591614 0.8782556056976318 -0.059850674122571945 -0.9970644116401672 0.047754645347595215 11.22849178314209 0.0 0.0 0.0 1.0
0.9943322539329529 -0.031367260962724686 -0.10158450156450272 -0.5542464852333069 0.10258249938488007 0.032037049531936646 0.9942084550857544 0.7349956631660461 -0.027931129559874535 -0.9989943504333496 0.03507320582866669 11.182711601257324 0.0 0.0 0.0 1.0
0.9961504340171814 0.01330495998263359 -0.08664485812187195 -0.5738300681114197 0.08606418967247009 0.0393252931535244 0.9955132007598877 0.7724555134773254 0.01665259711444378 -0.9991378784179688 0.03802882507443428 11.004151344299316 0.0 0.0 0.0 1.0
0.9969918727874756 0.05396191403269768 -0.05563535541296005 -0.6674944758415222 0.05241074040532112 0.05943665653467178 0.9968552589416504 0.8028374314308167 0.05709899589419365 -0.9967724680900574 0.05642968416213989 10.726358413696289 0.0 0.0 0.0 1.0
0.9946041703224182 0.10370279103517532 -0.0028855414129793644 -0.9146740436553955 -0.0049118478782474995 0.07485579699277878 0.9971822500228882 0.8734797239303589 0.10362657904624939 -0.9917874336242676 0.07496125996112823 10.602776527404785 0.0 0.0 0.0 1.0
0.9900339245796204 0.1385502815246582 0.02523149736225605 -0.9092377424240112 -0.036900490522384644 0.08231018483638763 0.9959233999252319 0.8714709281921387 0.13590864837169647 -0.9869289994239807 0.08660244941711426 10.516593933105469 0.0 0.0 0.0 1.0
0.9851956963539124 0.16381224989891052 0.0505463108420372 -0.8095711469650269 -0.06369516998529434 0.0760331004858017 0.9950687885284424 0.9013165831565857 0.1591612696647644 -0.9835570454597473 0.08534153550863266 10.638461112976074 0.0 0.0 0.0 1.0
0.9833784103393555 0.17238353192806244 0.05701557546854019 -0.6542838215827942 -0.07419320195913315 0.094902403652668 0.9927179217338562 1.1272119283676147 0.16571730375289917 -0.9804475903511047 0.10611466318368912 10.461407661437988 0.0 0.0 0.0 1.0
0.9728595018386841 0.20426015555858612 0.10872966796159744 -0.720554530620575 -0.13112907111644745 0.09949871152639389 0.9863595366477966 1.1076163053512573 0.19065549969673157 -0.9738469123840332 0.12358271330595016 10.268534660339355 0.0 0.0 0.0 1.0
0.9534482955932617 0.25220316648483276 0.16531771421432495 -0.8833157420158386 -0.19075292348861694 0.07980913668870926 0.9783883690834045 1.058483362197876 0.2335587739944458 -0.9643775820732117 0.12420237809419632 10.349696159362793 0.0 0.0 0.0 1.0
0.9346128702163696 0.29962316155433655 0.19163690507411957 -0.6944045424461365 -0.2179977148771286 0.056848492473363876 0.9742921590805054 1.0078409910202026 0.2810262143611908 -0.9523624181747437 0.11844849586486816 10.543967247009277 0.0 0.0 0.0 1.0
0.9210445284843445 0.3199204206466675 0.2220989316701889 -0.6914358139038086 -0.24961096048355103 0.04716617241501808 0.9671968221664429 1.0839972496032715 0.2989504635334015 -0.946269690990448 0.123297780752182 10.603963851928711 0.0 0.0 0.0 1.0
0.9166306853294373 0.32761144638061523 0.22903914749622345 -0.4724869728088379 -0.25845134258270264 0.04861685261130333 0.9648001194000244 1.1966789960861206 0.30494439601898193 -0.9435608983039856 0.12923531234264374 10.592033386230469 0.0 0.0 0.0 1.0
0.9125215411186218 0.336784690618515 0.23212169110774994 -0.364265501499176 -0.2663470506668091 0.05856558308005333 0.9620963335037231 1.2474395036697388 0.3104249835014343 -0.9397585391998291 0.14314396679401398 10.404850006103516 0.0 0.0 0.0 1.0
0.9098169803619385 0.3466201424598694 0.22822703421115875 -0.13019393384456635 -0.26502376794815063 0.062066324055194855 0.9622422456741333 1.0742297172546387 0.31936731934547424 -0.9359499216079712 0.14833156764507294 10.10473918914795 0.0 0.0 0.0 1.0
0.8969734311103821 0.3768536448478699 0.23112764954566956 -0.01568792387843132 -0.2685311436653137 0.04913460090756416 0.9620170593261719 0.8519853353500366 0.3511832654476166 -0.9249687194824219 0.14526936411857605 9.791559219360352 0.0 0.0 0.0 1.0
0.8610863089561462 0.429448664188385 0.2722209393978119 -0.3943803310394287 -0.3301674723625183 0.06510477513074875 0.9416744709014893 0.9166309237480164 0.38667798042297363 -0.900741457939148 0.1978508085012436 9.613335609436035 0.0 0.0 0.0 1.0
0.8378989696502686 0.46559953689575195 0.2848549783229828 -0.40012726187705994 -0.34146037697792053 0.03998631238937378 0.9390451908111572 0.7552133798599243 0.4258287250995636 -0.8840917348861694 0.19248829782009125 9.61860466003418 0.0 0.0 0.0 1.0
0.8187554478645325 0.49146515130996704 0.2968190014362335 -0.4693479835987091 -0.356311559677124 0.029570791870355606 0.9338991641998291 0.7925952076911926 0.45020171999931335 -0.8703950643539429 0.19932596385478973 9.602582931518555 0.0 0.0 0.0 1.0
0.8027262091636658 0.508145272731781 0.3121201992034912 -0.44160810112953186 -0.36507290601730347 0.0048810276202857494 0.9309661388397217 0.575958251953125 0.4715425670146942 -0.8612575531005859 0.1894281953573227 9.319747924804688 0.0 0.0 0.0 1.0
0.7544910311698914 0.5453230738639832 0.36519309878349304 -0.6752915382385254 -0.4146634340286255 -0.03522248938679695 0.9092929363250732 0.5567839741706848 0.5087214112281799 -0.8374856114387512 0.19955049455165863 9.399599075317383 0.0 0.0 0.0 1.0
0.7179430723190308 0.5750542283058167 0.39226314425468445 -0.7422884106636047 -0.4504287838935852 -0.04586142674088478 0.8916336894035339 0.864872932434082 0.5307274460792542 -0.8168288469314575 0.2260950803756714 9.342527389526367 0.0 0.0 0.0 1.0
0.665635883808136 0.6108543276786804 0.4287025034427643 -0.9641957879066467 -0.5001790523529053 -0.06115822121500969 0.8637595772743225 1.0020523071289062 0.5538499355316162 -0.7893773913383484 0.2648274302482605 9.18102741241455 0.0 0.0 0.0 1.0
0.6222484111785889 0.6360116004943848 0.4563947319984436 -1.0229308605194092 -0.5268711447715759 -0.09094009548425674 0.8450660705566406 0.9936263561248779 0.5789763927459717 -0.766302227973938 0.27850884199142456 8.968893051147461 0.0 0.0 0.0 1.0
0.5692781805992126 0.6384926438331604 0.5179280638694763 -1.189659595489502 -0.5638161301612854 -0.15530063211917877 0.8111677765846252 0.6289725303649902 0.598359227180481 -0.7537962794303894 0.2715831696987152 9.23343563079834 0.0 0.0 0.0 1.0
0.5305981636047363 0.6441171169281006 0.5509798526763916 -1.259202003479004 -0.5827770233154297 -0.19479326903820038 0.7889401316642761 0.417020320892334 0.6154969930648804 -0.7397085428237915 0.27201971411705017 9.480002403259277 0.0 0.0 0.0 1.0
0.5191432237625122 0.6497774124145508 0.5552293062210083 -1.0980188846588135 -0.5782310962677002 -0.2113727480173111 0.7880167365074158 0.43697866797447205 0.6293958425521851 -0.7301443815231323 0.2659887671470642 9.62211799621582 0.0 0.0 0.0 1.0
0.4992876946926117 0.6632806658744812 0.5574679970741272 -1.006252408027649 -0.5808237791061401 -0.2212049961090088 0.7833977341651917 0.5392882227897644 0.6429272890090942 -0.7149315476417542 0.2748042643070221 9.684311866760254 0.0 0.0 0.0 1.0
0.45781409740448 0.6679655909538269 0.5867096781730652 -0.9400271773338318 -0.595051109790802 -0.2600933611392975 0.7604377865791321 0.3217999041080475 0.6605455279350281 -0.697261393070221 0.278399258852005 9.593428611755371 0.0 0.0 0.0 1.0
0.37074458599090576 0.67854905128479 0.6341290473937988 -1.378926157951355 -0.6200950741767883 -0.3274470865726471 0.7129239439964294 0.25040021538734436 0.6913975477218628 -0.6575329899787903 0.2993656396865845 9.610525131225586 0.0 0.0 0.0 1.0
0.29891517758369446 0.6928753852844238 0.6561809182167053 -1.6310091018676758 -0.6566712260246277 -0.34957775473594666 0.6682651042938232 0.2907401919364929 0.6924107074737549 -0.630649745464325 0.3504972457885742 9.336962699890137 0.0 0.0 0.0 1.0
0.24720269441604614 0.688891589641571 0.6814097166061401 -1.592079758644104 -0.6642214059829712 -0.39153239130973816 0.6367985010147095 0.17396476864814758 0.705479085445404 -0.6100252270698547 0.36078864336013794 9.448185920715332 0.0 0.0 0.0 1.0
0.21487924456596375 0.6884800791740417 0.6926919221878052 -1.7463468313217163 -0.6765347719192505 -0.40659379959106445 0.6139886975288391 0.274533212184906 0.704363226890564 -0.600563645362854 0.3784121572971344 9.556522369384766 0.0 0.0 0.0 1.0
0.19130973517894745 0.6888605952262878 0.6991935968399048 -1.8329919576644897 -0.6919650435447693 -0.41055867075920105 0.5938231945037842 0.3789878189563751 0.6961213946342468 -0.5974216461181641 0.3981235921382904 9.62239933013916 0.0 0.0 0.0 1.0
0.13665618002414703 0.6941613554954529 0.706728458404541 -2.015843391418457 -0.7058809995651245 -0.4323049485683441 0.5611100196838379 0.47939333319664 0.6950231194496155 -0.5755453109741211 0.4309181571006775 9.676983833312988 0.0 0.0 0.0 1.0
0.08853752166032791 0.7015578746795654 0.7070909738540649 -2.131596803665161 -0.7182536125183105 -0.4468705356121063 0.5333089828491211 0.6593359708786011 0.6901252269744873 -0.555088460445404 0.4643316864967346 9.715256690979004 0.0 0.0 0.0 1.0
0.03299231827259064 0.6943938732147217 0.7188383936882019 -2.1246769428253174 -0.7228013277053833 -0.4801546037197113 0.4970008432865143 0.6720470786094666 0.6902679204940796 -0.5359745621681213 0.48606738448143005 9.864439010620117 0.0 0.0 0.0 1.0
-0.0030230283737182617 0.6874868273735046 0.7261905670166016 -2.021298885345459 -0.7169110774993896 -0.5077642202377319 0.4777175486087799 0.6519723534584045 0.6971580982208252 -0.5191698670387268 0.4944019019603729 9.930702209472656 0.0 0.0 0.0 1.0
-0.029058273881673813 0.666598916053772 0.7448499798774719 -2.016139030456543 -0.7157446146011353 -0.5340395569801331 0.4500126242637634 0.4560123682022095 0.6977573037147522 -0.520045816898346 0.49263283610343933 10.065154075622559 0.0 0.0 0.0 1.0
-0.05894404649734497 0.6505120396614075 0.7572051882743835 -2.0292763710021973 -0.7166679501533508 -0.5556066036224365 0.4215310215950012 0.42069751024246216 0.6949191689491272 -0.5178179144859314 0.4989508390426636 10.349234580993652 0.0 0.0 0.0 1.0
-0.0821220725774765 0.6453927755355835 0.759423553943634 -1.970633625984192 -0.7078646421432495 -0.574169397354126 0.4114087224006653 0.471728652715683 0.701557993888855 -0.5037833452224731 0.5040026903152466 10.458178520202637 0.0 0.0 0.0 1.0
-0.10544300079345703 0.6398388147354126 0.7612411379814148 -1.813030481338501 -0.7008342146873474 -0.5908989906311035 0.3995870053768158 0.41661205887794495 0.7054879069328308 -0.49137017130851746 0.5107271075248718 10.469197273254395 0.0 0.0 0.0 1.0
-0.1388690173625946 0.6293591856956482 0.7646059989929199 -1.7429800033569336 -0.6895903944969177 -0.615592360496521 0.38145917654037476 0.2471885085105896 0.7107604742050171 -0.474292129278183 0.5194867849349976 10.463517189025879 0.0 0.0 0.0 1.0
-0.17324002087116241 0.6461607217788696 0.7432793378829956 -1.8970651626586914 -0.6974185705184937 -0.6133619546890259 0.37066757678985596 0.6220055222511292 0.6954100728034973 -0.4541623890399933 0.5569033622741699 10.579537391662598 0.0 0.0 0.0 1.0
-0.20943862199783325 0.6717602014541626 0.7105446457862854 -1.6446689367294312 -0.7010848522186279 -0.6097084283828735 0.3697777986526489 0.7827282547950745 0.681627094745636 -0.4207063317298889 0.5986574292182922 10.316943168640137 0.0 0.0 0.0 1.0
-0.21355195343494415 0.665238082408905 0.7154396176338196 -1.369410514831543 -0.6848250031471252 -0.6242117881774902 0.3759978115558624 0.6771895289421082 0.6967138648033142 -0.409655898809433 0.5888733267784119 10.3526611328125 0.0 0.0 0.0 1.0
-0.2089621126651764 0.6683528423309326 0.7138902544975281 -1.107385516166687 -0.687685489654541 -0.6194491386413574 0.3786441683769226 0.6907588243484497 0.6952866315841675 -0.41180968284606934 0.589057981967926 10.36237621307373 0.0 0.0 0.0 1.0
-0.24149128794670105 0.6685082912445068 0.7034050226211548 -1.0831503868103027 -0.6834626793861389 -0.6317437887191772 0.3657574951648712 0.7386025190353394 0.6888836622238159 -0.3924238383769989 0.6094610691070557 10.299760818481445 0.0 0.0 0.0 1.0
-0.2949589788913727 0.662360429763794 0.6886783838272095 -1.0615161657333374 -0.6701573133468628 -0.657155454158783 0.3450157046318054 0.7506842613220215 0.6810935139656067 -0.35975736379623413 0.6377195715904236 10.2833251953125 0.0 0.0 0.0 1.0
-0.3482530117034912 0.6412436366081238 0.6837590932846069 -1.2409809827804565 -0.6614142656326294 -0.6849765777587891 0.3055131137371063 0.5708590149879456 0.6642673015594482 -0.3458521366119385 0.6626728177070618 10.38027286529541 0.0 0.0 0.0 1.0
-0.40802809596061707 0.6164856553077698 0.6733932495117188 -1.4036952257156372 -0.6490672826766968 -0.7145886421203613 0.26091137528419495 0.4185272753238678 0.6420472860336304 -0.33061835169792175 0.6917129158973694 10.399238586425781 0.0 0.0 0.0 1.0
