-0.7447031736373901 -0.3790726363658905 -0.5492914319038391 0.1908678114414215 0.38009294867515564 -0.9174152612686157 0.11780738830566406 0.3306709825992584 -0.5485858917236328 -0.12105026096105576 0.8272849321365356 11.075201034545898 0.0 0.0 0.0 1.0
-0.7452602386474609 -0.379653662443161 -0.5481334328651428 0.17764775454998016 0.3803403973579407 -0.9172621965408325 0.11820001900196075 0.331514447927475 -0.5476571321487427 -0.120387502014637 0.8279966711997986 11.066195487976074 0.0 0.0 0.0 1.0
-0.7454826235771179 -0.3811259865760803 -0.5468077063560486 0.15925586223602295 0.38104766607284546 -0.9167982339859009 0.1195141151547432 0.3350508213043213 -0.5468622446060181 -0.11926410347223282 0.8286843299865723 11.071067810058594 0.0 0.0 0.0 1.0
-0.7459386587142944 -0.3829779326915741 -0.544888436794281 0.12368159741163254 0.38248229026794434 -0.9161007404327393 0.12027792632579803 0.3316703140735626 -0.5452364683151245 -0.11869022250175476 0.8298372030258179 11.032955169677734 0.0 0.0 0.0 1.0
-0.7468209862709045 -0.3849611282348633 -0.5422760844230652 0.07515458017587662 0.3842872381210327 -0.9153107404708862 0.12053872644901276 0.3235381543636322 -0.5427538156509399 -0.11836893111467361 0.8315089344978333 10.97512149810791 0.0 0.0 0.0 1.0
-0.7509903311729431 -0.38686445355415344 -0.5351163148880005 -0.02769133821129799 0.3849562704563141 -0.9149412512779236 0.12120699882507324 0.3149853050708771 -0.5364906787872314 -0.1149710863828659 0.8360379338264465 10.887674331665039 0.0 0.0 0.0 1.0
-0.7576707005500793 -0.38755306601524353 -0.5251073837280273 -0.07042860984802246 0.384974867105484 -0.9151039719581604 0.11991296708583832 0.312585711479187 -0.5270004868507385 -0.11129859834909439 0.8425456285476685 10.833990097045898 0.0 0.0 0.0 1.0
-0.7667091488838196 -0.38629433512687683 -0.5127706527709961 -0.09544757008552551 0.3836041986942291 -0.9161105155944824 0.11657346040010452 0.2892729640007019 -0.5147862434387207 -0.1073230430483818 0.8505744338035583 10.785482406616211 0.0 0.0 0.0 1.0
-0.7854630351066589 -0.37872427701950073 -0.4895055592060089 -0.14165231585502625 0.37529486417770386 -0.9203697443008423 0.10987842082977295 0.23661673069000244 -0.4921397566795349 -0.09740348905324936 0.8650497198104858 10.686287879943848 0.0 0.0 0.0 1.0
-0.8015094995498657 -0.368782639503479 -0.47072485089302063 -0.18038980662822723 0.3647116720676422 -0.9253036379814148 0.10391638427972794 0.20485734939575195 -0.4738859534263611 -0.08838888257741928 0.8761389851570129 10.651979446411133 0.0 0.0 0.0 1.0
-0.8322400450706482 -0.34494391083717346 -0.4340393841266632 -0.1490413397550583 0.3396420478820801 -0.9359838962554932 0.09261422604322433 0.15824607014656067 -0.43820059299468994 -0.07034075260162354 0.8961207866668701 10.73890209197998 0.0 0.0 0.0 1.0
-0.8499072194099426 -0.3299534022808075 -0.41083866357803345 -0.17390792071819305 0.3225230872631073 -0.9423128366470337 0.08958414196968079 0.16348642110824585 -0.4166971743106842 -0.056366752833127975 0.9072961211204529 10.788787841796875 0.0 0.0 0.0 1.0
-0.8707432746887207 -0.3102438449859619 -0.38151660561561584 -0.3127078711986542 0.29809659719467163 -0.9500694274902344 0.09223082661628723 0.23385579884052277 -0.391081303358078 -0.03341943770647049 0.9197492003440857 10.87547492980957 0.0 0.0 0.0 1.0
-0.8828537464141846 -0.2971336543560028 -0.3637043535709381 -0.4244230091571808 0.28231194615364075 -0.9546441435813904 0.09462840855121613 0.27813100814819336 -0.3753255009651184 -0.01913503184914589 0.9266955256462097 10.89639949798584 0.0 0.0 0.0 1.0
-0.8936231732368469 -0.2836834788322449 -0.34779492020606995 -0.5549538731575012 0.26621827483177185 -0.9589054584503174 0.09812337160110474 0.32673922181129456 -0.36133843660354614 -0.004904055967926979 0.932421863079071 10.92895221710205 0.0 0.0 0.0 1.0
-0.9110038876533508 -0.26025649905204773 -0.31990379095077515 -0.6775746941566467 0.23928076028823853 -0.9653686881065369 0.1039617657661438 0.4251025319099426 -0.3358817994594574 0.01816275157034397 0.9417290091514587 11.014009475708008 0.0 0.0 0.0 1.0
-0.9237210750579834 -0.23992110788822174 -0.298625648021698 -0.6920193433761597 0.21677516400814056 -0.9701305031776428 0.1088821291923523 0.5167443156242371 -0.31582894921302795 0.03584209084510803 0.9481388926506042 11.050142288208008 0.0 0.0 0.0 1.0
-0.9425429701805115 -0.2028415948152542 -0.2654581665992737 -0.6225646734237671 0.17776836454868317 -0.9772640466690063 0.11555670946836472 0.6227048635482788 -0.28286242485046387 0.06172709912061691 0.9571722149848938 11.043811798095703 0.0 0.0 0.0 1.0
-0.9540660381317139 -0.17630067467689514 -0.24223144352436066 -0.5492462515830994 0.1500549465417862 -0.980999767780304 0.12297569960355759 0.7090164422988892 -0.25930967926979065 0.08097890764474869 0.9623933434486389 11.01904296875 0.0 0.0 0.0 1.0
-0.9677324891090393 -0.13644258677959442 -0.2118423730134964 -0.5237872004508972 0.1092873066663742 -0.9847947359085083 0.13503940403461456 0.8123711943626404 -0.22704638540744781 0.10753034055233002 0.9679293036460876 10.968485832214355 0.0 0.0 0.0 1.0
-0.974309504032135 -0.11084465682506561 -0.19604705274105072 -0.5611132383346558 0.0836486741900444 -0.986332356929779 0.14195558428764343 0.8553728461265564 -0.2091025710105896 0.12190959602594376 0.9702649712562561 10.917891502380371 0.0 0.0 0.0 1.0
-0.9790095090866089 -0.08728799223899841 -0.18417693674564362 -0.6652967929840088 0.060041412711143494 -0.9870654940605164 0.1486496925354004 0.8786210417747498 -0.19477003812789917 0.13447122275829315 0.9715874195098877 10.842013359069824 0.0 0.0 0.0 1.0
-0.9841254353523254 -0.05426621437072754 -0.1689741462469101 -0.8869485855102539 0.028142843395471573 -0.9877761006355286 0.15331800282001495 0.8485264182090759 -0.17522861063480377 0.14612874388694763 0.9736227989196777 10.678482055664062 0.0 0.0 0.0 1.0
-0.9874638319015503 -0.031132236123085022 -0.15474475920200348 -1.0163042545318604 0.0070043024607002735 -0.9880334138870239 0.15408079326152802 0.8020341992378235 -0.1576898694038391 0.15106533467769623 0.975865364074707 10.585550308227539 0.0 0.0 0.0 1.0
-0.9923057556152344 0.009889613837003708 -0.12341589480638504 -1.0623151063919067 -0.02908201329410076 -0.9875340461730957 0.1546957790851593 0.7230206727981567 -0.1203475072979927 0.15709470212459564 0.9802232980728149 10.3471040725708 0.0 0.0 0.0 1.0
-0.9941418766975403 0.040852803736925125 -0.10006459802389145 -1.0321205854415894 -0.056008514016866684 -0.9865322709083557 0.1536787450313568 0.7097151875495911 -0.09243874251842499 0.15838295221328735 0.9830411672592163 10.282024383544922 0.0 0.0 0.0 1.0
-0.9943495392799377 0.08855874091386795 -0.058535318821668625 -0.9134072661399841 -0.09663332998752594 -0.9833690524101257 0.15377680957317352 0.7253692150115967 -0.04394353926181793 0.15856435894966125 0.9863702654838562 10.180839538574219 0.0 0.0 0.0 1.0
-0.9928586483001709 0.1161012277007103 -0.027426408603787422 -0.792959451675415 -0.1189410462975502 -0.9811224341392517 0.15248537063598633 0.7098186016082764 -0.00920492596924305 0.15465855598449707 0.987925112247467 10.122089385986328 0.0 0.0 0.0 1.0
-0.9901002049446106 0.1402876079082489 0.004576811101287603 -0.650574266910553 -0.13800905644893646 -0.9789291620254517 0.1505032777786255 0.6741681098937988 0.025594117119908333 0.14838168025016785 0.9885989427566528 10.110998153686523 0.0 0.0 0.0 1.0
-0.9838469624519348 0.17081719636917114 0.05354072153568268 -0.43853190541267395 -0.16123150289058685 -0.975517213344574 0.1495680809020996 0.6106524467468262 0.07777868956327438 0.13851965963840485 0.9873007535934448 10.107769966125488 0.0 0.0 0.0 1.0
-0.977845311164856 0.18921607732772827 0.08953089267015457 -0.2955075800418854 -0.17456696927547455 -0.9731436967849731 0.15005913376808167 0.5856131315231323 0.11552002280950546 0.13110549747943878 0.984614908695221 10.116800308227539 0.0 0.0 0.0 1.0
-0.9654545187950134 0.21351031959056854 0.1493682563304901 -0.08345256000757217 -0.19082678854465485 -0.9696807265281677 0.15265798568725586 0.6003466844558716 0.177433580160141 0.11888089030981064 0.9769261479377747 10.146430969238281 0.0 0.0 0.0 1.0
-0.9546737670898438 0.2284480184316635 0.19081278145313263 0.031351007521152496 -0.20037591457366943 -0.9672909379005432 0.15555602312088013 0.6132307648658752 0.22010795772075653 0.11027096956968307 0.9692227840423584 10.096100807189941 0.0 0.0 0.0 1.0
-0.9344517588615417 0.25644227862358093 0.24705713987350464 0.10535804182291031 -0.22098980844020844 -0.9616692662239075 0.16234436631202698 0.6450030207633972 0.27921921014785767 0.09710586816072464 0.9553046822547913 10.082110404968262 0.0 0.0 0.0 1.0
-0.9192938208580017 0.2745698392391205 0.28197571635246277 0.07885774970054626 -0.2343025803565979 -0.9574598670005798 0.1684424728155136 0.6685584187507629 0.3162296414375305 0.0887804850935936 0.9445193409919739 10.108844757080078 0.0 0.0 0.0 1.0
-0.8949919939041138 0.30430227518081665 0.3261739909648895 -0.038954589515924454 -0.2592674791812897 -0.9498623609542847 0.17476244270801544 0.6918382048606873 0.3630009889602661 0.0718446746468544 0.9290148615837097 10.162200927734375 0.0 0.0 0.0 1.0
-0.8786040544509888 0.32347044348716736 0.3513144254684448 -0.13929754495620728 -0.27634066343307495 -0.9443551898002625 0.17840707302093506 0.6924195885658264 0.389475017786026 0.0596667118370533 0.9191023111343384 10.233649253845215 0.0 0.0 0.0 1.0
-0.8614522218704224 0.3425626754760742 0.3749012053012848 -0.22207680344581604 -0.293047696352005 -0.9382376074790955 0.18393807113170624 0.703927755355835 0.414756715297699 0.04858992248773575 0.9086340665817261 10.251911163330078 0.0 0.0 0.0 1.0
-0.832085371017456 0.3704077899456024 0.41283413767814636 -0.26407939195632935 -0.3168472647666931 -0.92835533618927 0.19433002173900604 0.7440587878227234 0.45523813366889954 0.03089379519224167 0.8898335695266724 10.38461685180664 0.0 0.0 0.0 1.0
-0.8121264576911926 0.38634973764419556 0.43724650144577026 -0.27151209115982056 -0.33032530546188354 -0.922156035900116 0.20127958059310913 0.7677116990089417 0.4809738099575043 0.019030872732400894 0.8765283823013306 10.459890365600586 0.0 0.0 0.0 1.0
-0.7816377878189087 0.4077400863170624 0.47200679779052734 -0.25106823444366455 -0.34829655289649963 -0.913097083568573 0.2119981199502945 0.7947688102722168 0.5174281597137451 0.0013073862064629793 0.8557256460189819 10.534768104553223 0.0 0.0 0.0 1.0
-0.7617913484573364 0.4203796684741974 0.49290451407432556 -0.24089454114437103 -0.3591020107269287 -0.9072895050048828 0.21879543364048004 0.7985221147537231 0.5391842722892761 -0.010326541028916836 0.8421245217323303 10.551765441894531 0.0 0.0 0.0 1.0
-0.7340656518936157 0.4367971420288086 0.5199576020240784 -0.30316978693008423 -0.37182363867759705 -0.8992359638214111 0.23048174381256104 0.8013111352920532 0.568238377571106 -0.024143800139427185 0.8225097060203552 10.519429206848145 0.0 0.0 0.0 1.0
-0.7174881100654602 0.4451152980327606 0.5358014106750488 -0.39002370834350586 -0.3781684339046478 -0.8948808908462524 0.23701655864715576 0.8127769827842712 0.5849781632423401 -0.0325666181743145 0.8103949427604675 10.511707305908203 0.0 0.0 0.0 1.0
-0.701807975769043 0.4532930850982666 0.5495370626449585 -0.5155534148216248 -0.38429397344589233 -0.8904575705528259 0.24372819066047668 0.833747386932373 0.5998197197914124 -0.04013339430093765 0.7991280555725098 10.523794174194336 0.0 0.0 0.0 1.0
-0.6804322004318237 0.4642521142959595 0.5669938325881958 -0.7587230801582336 -0.3930368423461914 -0.8842244744300842 0.25232750177383423 0.8500384092330933 0.618493378162384 -0.051157716661691666 0.7841229438781738 10.488515853881836 0.0 0.0 0.0 1.0
-0.6655824184417725 0.4714779853820801 0.578540027141571 -0.9262614846229553 -0.3990456759929657 -0.8798914551734924 0.2579798400402069 0.8500158786773682 0.6306842565536499 -0.05915706232190132 0.7737814784049988 10.447990417480469 0.0 0.0 0.0 1.0
-0.6406469345092773 0.4858279824256897 0.5945945382118225 -1.185704231262207 -0.41134628653526306 -0.8710363507270813 0.26849570870399475 0.8506430983543396 0.6483561396598816 -0.07257329672574997 0.7578703165054321 10.401203155517578 0.0 0.0 0.0 1.0
-0.620949923992157 0.5001107454299927 0.6035813093185425 -1.342768669128418 -0.4221685528755188 -0.8621730804443359 0.2800559103488922 0.8734546303749084 0.6604505181312561 -0.08091238141059875 0.7464973330497742 10.370404243469238 0.0 0.0 0.0 1.0
-0.5879021883010864 0.5238341093063354 0.6164160966873169 -1.5873395204544067 -0.4418233633041382 -0.8462456464767456 0.29775896668434143 0.8805447220802307 0.677615761756897 -0.09729389101266861 0.7289518713951111 10.369175910949707 0.0 0.0 0.0 1.0
-0.5613721013069153 0.5386191010475159 0.6282919645309448 -1.6588506698608398 -0.45517200231552124 -0.8350136280059814 0.30914515256881714 0.8810452818870544 0.6911438703536987 -0.11243544518947601 0.7139176726341248 10.399320602416992 0.0 0.0 0.0 1.0
-0.531454861164093 0.5556401610374451 0.6393901109695435 -1.6720765829086304 -0.4704786539077759 -0.8213014602661133 0.3226666748523712 0.9016870260238647 0.7044185996055603 -0.1293366402387619 0.6979014873504639 10.398520469665527 0.0 0.0 0.0 1.0
-0.4813445210456848 0.5783917903900146 0.6586124897003174 -1.6349236965179443 -0.49078139662742615 -0.8004016876220703 0.3442249000072479 0.9549940824508667 0.7262513637542725 -0.15754400193691254 0.6691328883171082 10.49474811553955 0.0 0.0 0.0 1.0
-0.4441688060760498 0.5921359062194824 0.6723757386207581 -1.5327916145324707 -0.5026938319206238 -0.7859158515930176 0.360048770904541 1.004422903060913 0.7416285872459412 -0.17807671427726746 0.6467424035072327 10.55693531036377 0.0 0.0 0.0 1.0
-0.381518691778183 0.61126309633255 0.6933980584144592 -1.316185712814331 -0.519528329372406 -0.7622441053390503 0.3861013650894165 1.099583387374878 0.764548122882843 -0.21293503046035767 0.6083788871765137 10.671051025390625 0.0 0.0 0.0 1.0
-0.33594465255737305 0.6230102181434631 0.7063989043235779 -1.1422721147537231 -0.5307475924491882 -0.7447932362556458 0.40446266531944275 1.1876029968261719 0.7781055569648743 -0.23904244601726532 0.5808704495429993 10.74860954284668 0.0 0.0 0.0 1.0
-0.26423731446266174 0.6380143761634827 0.7232677936553955 -0.8736923933029175 -0.5462531447410583 -0.7170456051826477 0.4329585134983063 1.3428452014923096 0.7948497533798218 -0.2806834876537323 0.5379875302314758 10.921404838562012 0.0 0.0 0.0 1.0
-0.2176351696252823 0.647584080696106 0.7302532196044922 -0.7454753518104553 -0.5561220049858093 -0.6971336007118225 0.4524744153022766 1.457321047782898 0.8020992875099182 -0.3076355457305908 0.5118564963340759 11.060576438903809 0.0 0.0 0.0 1.0
-0.17236267030239105 0.6525011658668518 0.7379249930381775 -0.6330611109733582 -0.5643405914306641 -0.6794165968894958 0.4689486026763916 1.5274499654769897 0.8073480129241943 -0.3356117904186249 0.48533895611763 11.338601112365723 0.0 0.0 0.0 1.0
-0.11036702245473862 0.6591190695762634 0.743895947933197 -0.4882448613643646 -0.5726354122161865 -0.6539234519004822 0.4944419264793396 1.6206096410751343 0.8123471140861511 -0.3714110851287842 0.4496065080165863 11.581082344055176 0.0 0.0 0.0 1.0
-0.07275500893592834 0.6600893139839172 0.7476555705070496 -0.3775894343852997 -0.5734955668449402 -0.6410006880760193 0.5101186037063599 1.659397006034851 0.8159715533256531 -0.39166346192359924 0.42519429326057434 11.77593994140625 0.0 0.0 0.0 1.0
-0.016849162057042122 0.660997211933136 0.7501991391181946 -0.16539952158927917 -0.5682789087295532 -0.6236675977706909 0.5367474555969238 1.7414054870605469 0.8226634860038757 -0.41727861762046814 0.38613906502723694 12.044635772705078 0.0 0.0 0.0 1.0
0.018956273794174194 0.6597829461097717 0.7512170672416687 -0.047078318893909454 -0.5651281476020813 -0.612744927406311 0.5524253845214844 1.7989611625671387 0.8247853517532349 -0.4350058436393738 0.3612465560436249 12.181564331054688 0.0 0.0 0.0 1.0
0.06807449460029602 0.6562278866767883 0.7514857649803162 0.17537379264831543 -0.5579541921615601 -0.599387526512146 0.5739527344703674 1.880767583847046 0.8270749449729919 -0.45836615562438965 0.3253420889377594 12.35708236694336 0.0 0.0 0.0 1.0
0.09221457690000534 0.6540917754173279 0.7507731914520264 0.2559546232223511 -0.5544423460960388 -0.5925592184066772 0.5843519568443298 1.9185407161712646 0.8270974159240723 -0.4701462388038635 0.30801358819007874 12.45102310180664 0.0 0.0 0.0 1.0
0.11447453498840332 0.6513283848762512 0.7501112222671509 0.3167523741722107 -0.5483241081237793 -0.5882123112678528 0.5944299101829529 1.9443620443344116 0.8283937573432922 -0.4793511927127838 0.28980374336242676 12.565303802490234 0.0 0.0 0.0 1.0
0.14328454434871674 0.6483959555625916 0.7476979494094849 0.3597775399684906 -0.5384673476219177 -0.5828085541725159 0.6085943579673767 1.9604415893554688 0.8303748965263367 -0.48981308937072754 0.26563259959220886 12.662471771240234 0.0 0.0 0.0 1.0
0.16041643917560577 0.6466718912124634 0.7457090616226196 0.34797999262809753 -0.5318782925605774 -0.5797927379608154 0.6172081232070923 1.9678795337677002 0.8314878344535828 -0.49563679099082947 0.2509424388408661 12.699331283569336 0.0 0.0 0.0 1.0
0.18688949942588806 0.6430302262306213 0.7426872849464417 0.27038338780403137 -0.5225391983985901 -0.5751181244850159 0.6294378042221069 1.9534549713134766 0.8318804502487183 -0.5057185292243958 0.22852499783039093 12.758026123046875 0.0 0.0 0.0 1.0
0.20264491438865662 0.6409736275672913 0.7403295636177063 0.17371520400047302 -0.5178888440132141 -0.5714868903160095 0.6365483999252319 1.9373117685317993 0.8310993909835815 -0.5124017000198364 0.2161441594362259 12.731302261352539 0.0 0.0 0.0 1.0
0.22203287482261658 0.6372575759887695 0.7379730343818665 -0.06625540554523468 -0.5160127878189087 -0.5653892755508423 0.6434794068336487 1.8812215328216553 0.8273041844367981 -0.5236771106719971 0.20329807698726654 12.662517547607422 0.0 0.0 0.0 1.0
0.23624937236309052 0.6345009803771973 0.7359312176704407 -0.22969357669353485 -0.5151917934417725 -0.560360848903656 0.6485161185264587 1.8247144222259521 0.8238711357116699 -0.5323572158813477 0.1945047825574875 12.591920852661133 0.0 0.0 0.0 1.0
0.2642834782600403 0.628873348236084 0.7312130928039551 -0.3945743441581726 -0.5120561122894287 -0.5509886145591736 0.65894615650177 1.6922584772109985 0.8172837495803833 -0.5485706925392151 0.1764012575149536 12.51984977722168 0.0 0.0 0.0 1.0
0.2889622449874878 0.6255428194999695 0.7247047424316406 -0.4191494584083557 -0.5054312944412231 -0.5432136058807373 0.6704164147377014 1.5646922588348389 0.8130436539649963 -0.5600135326385498 0.15920069813728333 12.414070129394531 0.0 0.0 0.0 1.0
0.31558915972709656 0.620774507522583 0.7176645994186401 -0.41765663027763367 -0.4971309304237366 -0.5360463261604309 0.6822867393493652 1.4348604679107666 0.8082476854324341 -0.5720955729484558 0.1394357979297638 12.269039154052734 0.0 0.0 0.0 1.0
0.3634360134601593 0.6084010601043701 0.7055227756500244 -0.2723659873008728 -0.4824775755405426 -0.524917721748352 0.7011966705322266 1.2510781288146973 0.7969502210617065 -0.5952390432357788 0.10276585072278976 12.17298412322998 0.0 0.0 0.0 1.0
0.39724838733673096 0.5992593765258789 0.6950409412384033 -0.12759223580360413 -0.4729258716106415 -0.5153760313987732 0.7146528363227844 1.1621507406234741 0.7864698767662048 -0.6125975251197815 0.07867299765348434 12.063345909118652 0.0 0.0 0.0 1.0
0.45005062222480774 0.5815404653549194 0.6776910424232483 0.06179492548108101 -0.46313968300819397 -0.49684786796569824 0.733923614025116 1.0629043579101562 0.7635155916213989 -0.6441683769226074 0.04572778567671776 11.952042579650879 0.0 0.0 0.0 1.0
0.4848004877567291 0.5697118639945984 0.6636240482330322 0.17324964702129364 -0.45442938804626465 -0.48422476649284363 0.7476766109466553 1.0122661590576172 0.7473034262657166 -0.6640442609786987 0.024141421541571617 11.97365951538086 0.0 0.0 0.0 1.0
0.5357531309127808 0.5492482781410217 0.6413227915763855 0.40027084946632385 -0.43962550163269043 -0.46701255440711975 0.7672213912010193 0.9778264164924622 0.72090083360672 -0.692983090877533 -0.008739875629544258 11.97852611541748 0.0 0.0 0.0 1.0
0.566997230052948 0.5345156192779541 0.6267432570457458 0.4957467317581177 -0.4312676787376404 -0.4556193947792053 0.7787292003631592 0.9605277180671692 0.7017993330955505 -0.7118314504623413 -0.027815625071525574 11.972871780395508 0.0 0.0 0.0 1.0
0.5972821712493896 0.5193095803260803 0.6112050414085388 0.5871994495391846 -0.4205816090106964 -0.44608190655708313 0.7900139689445496 0.9284476041793823 0.6829093098640442 -0.7289228439331055 -0.04802471771836281 11.89847469329834 0.0 0.0 0.0 1.0
0.6403637528419495 0.4971136152744293 0.5855017304420471 0.679269552230835 -0.40231457352638245 -0.43226781487464905 0.8070238828659058 0.9107303023338318 0.6542761325836182 -0.7523447275161743 -0.07681258022785187 11.828033447265625 0.0 0.0 0.0 1.0
0.6666013598442078 0.4818110764026642 0.568771243095398 0.6635305285453796 -0.3915843069553375 -0.42291519045829773 0.8171930313110352 0.9156621098518372 0.6342746615409851 -0.7674638628959656 -0.09324618428945541 11.779362678527832 0.0 0.0 0.0 1.0
0.7058840990066528 0.45678457617759705 0.5413644313812256 0.6136671304702759 -0.37289315462112427 -0.41016313433647156 0.8322961330413818 0.9308010339736938 0.6022278070449829 -0.7893757224082947 -0.11919579654932022 11.80758285522461 0.0 0.0 0.0 1.0
0.7298020720481873 0.44037187099456787 0.5229355096817017 0.5213903188705444 -0.36102283000946045 -0.40131255984306335 0.8417901992797852 0.9348171353340149 0.5805613398551941 -0.8031318783760071 -0.1338944286108017 11.905075073242188 0.0 0.0 0.0 1.0
0.7624861001968384 0.41483262181282043 0.49651670455932617 0.3814859092235565 -0.3445298969745636 -0.38923180103302 0.854282021522522 0.9485599994659424 0.5476441383361816 -0.8224430084228516 -0.15386158227920532 12.062054634094238 0.0 0.0 0.0 1.0
0.7849943041801453 0.39696335792541504 0.47560909390449524 0.34132054448127747 -0.33012473583221436 -0.38159504532814026 0.8633671998977661 0.9825270175933838 0.5242152214050293 -0.8347486257553101 -0.16850252449512482 12.222623825073242 0.0 0.0 0.0 1.0
0.8082250952720642 0.3787558078765869 0.450905978679657 0.36084359884262085 -0.3118561804294586 -0.3742229640483856 0.8733286261558533 1.0379198789596558 0.49951764941215515 -0.8464639782905579 -0.18433904647827148 12.360066413879395 0.0 0.0 0.0 1.0
0.8426148891448975 0.3519798517227173 0.4075663387775421 0.5002794861793518 -0.27855250239372253 -0.3628423810005188 0.8892434239387512 1.1215635538101196 0.4608781039714813 -0.8628184199333191 -0.20769153535366058 12.467923164367676 0.0 0.0 0.0 1.0
0.8647706508636475 0.33126530051231384 0.37740558385849 0.665147602558136 -0.2546367645263672 -0.3584965467453003 0.8981315493583679 1.176094889640808 0.4328184127807617 -0.8727791905403137 -0.22566498816013336 12.584428787231445 0.0 0.0 0.0 1.0
0.8943549394607544 0.3019803464412689 0.3300562798976898 0.9467149376869202 -0.2171165943145752 -0.35207003355026245 0.9104433655738831 1.2513439655303955 0.3911389112472534 -0.8859201669692993 -0.24931062757968903 12.639941215515137 0.0 0.0 0.0 1.0
0.9104636311531067 0.28642475605010986 0.29835695028305054 1.1091293096542358 -0.1915174424648285 -0.3474087119102478 0.9179478287696838 1.2825660705566406 0.366574764251709 -0.892898678779602 -0.2614476680755615 12.610316276550293 0.0 0.0 0.0 1.0
0.9290270209312439 0.2616759240627289 0.2615998089313507 1.1659088134765625 -0.16428571939468384 -0.34177762269973755 0.9253098368644714 1.2847973108291626 0.3315402567386627 -0.902614951133728 -0.2745310366153717 12.647895812988281 0.0 0.0 0.0 1.0
0.9378705620765686 0.24790701270103455 0.242777481675148 1.1242330074310303 -0.150771826505661 -0.3390137553215027 0.9286212921142578 1.2751551866531372 0.31251662969589233 -0.9075306057929993 -0.28057360649108887 12.677919387817383 0.0 0.0 0.0 1.0
0.9439364671707153 0.23636925220489502 0.23046381771564484 0.9836488962173462 -0.14294415712356567 -0.33662697672843933 0.93072509765625 1.2674541473388672 0.2975751459598541 -0.9114888310432434 -0.28396686911582947 12.717050552368164 0.0 0.0 0.0 1.0
0.9522908926010132 0.21999478340148926 0.21152850985527039 0.7267715930938721 -0.13076548278331757 -0.33213159441947937 0.9341247081756592 1.2935770750045776 0.27575787901878357 -0.9172191023826599 -0.287518173456192 12.745752334594727 0.0 0.0 0.0 1.0
0.9577749371528625 0.20892855525016785 0.19752484560012817 0.5796794295310974 -0.12111669778823853 -0.3298909366130829 0.9362172484397888 1.3063814640045166 0.2607641816139221 -0.9206089377403259 -0.29065650701522827 12.736054420471191 0.0 0.0 0.0 1.0
0.9639124870300293 0.19456493854522705 0.18170644342899323 0.25134652853012085 -0.11165517568588257 -0.32414916157722473 0.9393936395645142 1.3293386697769165 0.2416730672121048 -0.9257817268371582 -0.2907272279262543 12.723833084106445 0.0 0.0 0.0 1.0
0.9673883318901062 0.1840314269065857 0.1740468144416809 -0.008715164847671986 -0.10858666896820068 -0.31947702169418335 0.9413518905639648 1.3394973278045654 0.22884228825569153 -0.9295519590377808 -0.28907498717308044 12.722825050354004 0.0 0.0 0.0 1.0
0.9728710651397705 0.16784149408340454 0.15922030806541443 -0.3771667182445526 -0.10190983861684799 -0.30694419145584106 0.946255624294281 1.4052931070327759 0.2076926976442337 -0.9368107914924622 -0.28151240944862366 12.73112678527832 0.0 0.0 0.0 1.0
0.9773533344268799 0.15514494478702545 0.14391157031059265 -0.557138204574585 -0.09322477877140045 -0.29484862089157104 0.9509854912757874 1.5124077796936035 0.18997272849082947 -0.9428649544715881 -0.27370792627334595 12.735122680664062 0.0 0.0 0.0 1.0
0.9825511574745178 0.14113040268421173 0.12114235013723373 -0.6240368485450745 -0.07705314457416534 -0.28393715620040894 0.9557418823242188 1.6209595203399658 0.16928105056285858 -0.9483996629714966 -0.2681082487106323 12.666177749633789 0.0 0.0 0.0 1.0
0.9892792105674744 0.11655697226524353 0.08798380941152573 -0.6906301379203796 -0.053908899426460266 -0.26845529675483704 0.9617825150489807 1.7811824083328247 0.13572217524051666 -0.9562145471572876 -0.2592937648296356 12.605313301086426 0.0 0.0 0.0 1.0
0.9929289221763611 0.09834089130163193 0.06649239361286163 -0.7069533467292786 -0.038682181388139725 -0.26152002811431885 0.9644225835800171 1.8716884851455688 0.11223126947879791 -0.9601751565933228 -0.25586676597595215 12.578734397888184 0.0 0.0 0.0 1.0
0.9970113039016724 0.07052312046289444 0.03154347091913223 -0.6564688682556152 -0.012447427026927471 -0.2563253939151764 0.9665104150772095 1.9412580728530884 0.0762467235326767 -0.9640144109725952 -0.25468146800994873 12.592642784118652 0.0 0.0 0.0 1.0
0.9986206889152527 0.05167262256145477 0.009312212467193604 -0.5975154042243958 0.004165974445641041 -0.25477805733680725 0.96699059009552 1.948143482208252 0.05233948677778244 -0.9656179547309875 -0.25464189052581787 12.591180801391602 0.0 0.0 0.0 1.0
0.9994886517524719 0.022027213126420975 -0.02317861095070839 -0.5652599334716797 0.028037283569574356 -0.2551935911178589 0.9664834141731262 1.96693754196167 0.015373902395367622 -0.9666390419006348 -0.2556806802749634 12.590280532836914 0.0 0.0 0.0 1.0
0.9990078806877136 0.0009157402091659606 -0.04452373832464218 -0.5537006258964539 0.043270260095596313 -0.2563689947128296 0.9656099677085876 1.9861855506896973 -0.010530257597565651 -0.9665785431861877 -0.25615426898002625 12.609548568725586 0.0 0.0 0.0 1.0
0.9961602687835693 -0.03479747846722603 -0.08033572137355804 -0.5144721269607544 0.0687122568488121 -0.25787994265556335 0.9637305736541748 2.0547783374786377 -0.05425236374139786 -0.9655501246452332 -0.2544987201690674 12.636499404907227 0.0 0.0 0.0 1.0
0.9924161434173584 -0.061488304287195206 -0.10643931478261948 -0.4694051444530487 0.08700719475746155 -0.2602916657924652 0.9616017937660217 2.1055519580841064 -0.08683253079652786 -0.9635701775550842 -0.2529677152633667 12.629801750183105 0.0 0.0 0.0 1.0
0.9898808598518372 -0.07531582564115524 -0.12026375532150269 -0.43288499116897583 0.0966632068157196 -0.26256588101387024 0.9600601196289062 2.1139519214630127 -0.10388487577438354 -0.9619702100753784 -0.2526286542415619 12.689139366149902 0.0 0.0 0.0 1.0
0.9751976728439331 -0.13106830418109894 -0.1783551424741745 -0.31391820311546326 0.1374284327030182 -0.27310335636138916 0.9521176218986511 2.187340497970581 -0.17350183427333832 -0.9530139565467834 -0.24831725656986237 12.83823013305664 0.0 0.0 0.0 1.0
0.964873731136322 -0.15992633998394012 -0.20842811465263367 -0.1975390911102295 0.15803790092468262 -0.28042900562286377 0.9467753767967224 2.20890212059021 -0.2098636031150818 -0.9464582204818726 -0.245304137468338 12.948933601379395 0.0 0.0 0.0 1.0
0.9526312351226807 -0.18781772255897522 -0.23920340836048126 -0.0378551110625267 0.17905625700950623 -0.2893877327442169 0.9403156638145447 2.205156087875366 -0.2458304911851883 -0.9386049509048462 -0.24204984307289124 13.067887306213379 0.0 0.0 0.0 1.0
0.9311076402664185 -0.22863268852233887 -0.2841930389404297 0.22341109812259674 0.20952321588993073 -0.3025083839893341 0.9298326373100281 2.1998960971832275 -0.2985609173774719 -0.925319254398346 -0.23376400768756866 13.204840660095215 0.0 0.0 0.0 1.0
0.9146873354911804 -0.25483831763267517 -0.31369495391845703 0.39541834592819214 0.22923414409160614 -0.3121209740638733 0.9219719171524048 2.1977837085723877 -0.33286455273628235 -0.915225625038147 -0.22707544267177582 13.291916847229004 0.0 0.0 0.0 1.0
0.8895460367202759 -0.2908303439617157 -0.35231462121009827 0.6266270875930786 0.25367629528045654 -0.326923131942749 0.9103678464889526 2.1739444732666016 -0.379942387342453 -0.8991879224777222 -0.2170364111661911 13.469399452209473 0.0 0.0 0.0 1.0
0.872488260269165 -0.3125952482223511 -0.37556424736976624 0.7598053812980652 0.2677353322505951 -0.33712515234947205 0.9025876522064209 2.1582469940185547 -0.40875673294067383 -0.8880488872528076 -0.21044492721557617 13.547365188598633 0.0 0.0 0.0 1.0
0.8464349508285522 -0.34058910608291626 -0.4093250334262848 0.939988911151886 0.2897522747516632 -0.35033589601516724 0.8906785845756531 2.1383204460144043 -0.4467566907405853 -0.8725043535232544 -0.1978500783443451 13.631269454956055 0.0 0.0 0.0 1.0
0.8299902081489563 -0.3575764000415802 -0.4280834197998047 0.9974861741065979 0.30135414004325867 -0.35835251212120056 0.8836114406585693 2.140097141265869 -0.46936336159706116 -0.8623934984207153 -0.18967193365097046 13.675430297851562 0.0 0.0 0.0 1.0
0.814903736114502 -0.372491717338562 -0.4440515339374542 0.9671386480331421 0.3107722997665405 -0.3658864498138428 0.8772386908531189 2.158079147338867 -0.48923659324645996 -0.8528640270233154 -0.18240214884281158 13.7069091796875 0.0 0.0 0.0 1.0
0.7961685657501221 -0.3914574682712555 -0.461385577917099 0.7767300605773926 0.3188043534755707 -0.37670838832855225 0.8697439432144165 2.2125906944274902 -0.5142756104469299 -0.8395545482635498 -0.17512503266334534 13.811403274536133 0.0 0.0 0.0 1.0
0.7856374979019165 -0.40304407477378845 -0.46939241886138916 0.5577568411827087 0.3218097686767578 -0.3817647397518158 0.8664261102676392 2.276331901550293 -0.5284053683280945 -0.8317518830299377 -0.17022515833377838 13.837067604064941 0.0 0.0 0.0 1.0
0.7674967646598816 -0.42149823904037476 -0.48299890756607056 0.21937739849090576 0.3289788067340851 -0.38769444823265076 0.8610841631889343 2.338618040084839 -0.5502014756202698 -0.8197757005691528 -0.1588902622461319 13.808679580688477 0.0 0.0 0.0 1.0
0.7539784908294678 -0.4346063435077667 -0.4925786554813385 0.008443333208560944 0.33573344349861145 -0.3895725607872009 0.8576224446296692 2.387521266937256 -0.5646232962608337 -0.812004029750824 -0.1478174477815628 13.841211318969727 0.0 0.0 0.0 1.0
0.7324714660644531 -0.45940232276916504 -0.5024291276931763 -0.21341505646705627 0.34701570868492126 -0.3829922080039978 0.8560940623283386 2.5248708724975586 -0.585718035697937 -0.8014153242111206 -0.12111105769872665 13.326560974121094 0.0 0.0 0.0 1.0
0.7115764617919922 -0.4778069853782654 -0.5151305198669434 -0.22107425332069397 0.36204516887664795 -0.3789880573749542 0.8516404032707214 2.6758785247802734 -0.6021480560302734 -0.7925077676773071 -0.09669127315282822 13.27833366394043 0.0 0.0 0.0 1.0
0.6885205507278442 -0.49635836482048035 -0.5287417769432068 -0.1770435869693756 0.37643706798553467 -0.3785623610019684 0.8455682396888733 2.823028087615967 -0.6198666095733643 -0.7812290787696838 -0.07380028069019318 13.208250045776367 0.0 0.0 0.0 1.0
0.6508998870849609 -0.5224698781967163 -0.5507763624191284 -0.0661342665553093 0.40056663751602173 -0.37992873787879944 0.8337868452072144 3.0125019550323486 -0.6448842883110046 -0.7633343935012817 -0.03801155090332031 13.063629150390625 0.0 0.0 0.0 1.0
0.6247642040252686 -0.5369367599487305 -0.5668938755989075 0.04289179667830467 0.41501086950302124 -0.3866330087184906 0.8235781192779541 3.057814836502075 -0.6613892316818237 -0.749809205532074 -0.018719865009188652 13.015295028686523 0.0 0.0 0.0 1.0
0.5828494429588318 -0.5578405857086182 -0.5908471941947937 0.2119535356760025 0.4347665309906006 -0.40020546317100525 0.8067302107810974 3.078512191772461 -0.6864871382713318 -0.7270828485488892 0.009270885027945042 12.943509101867676 0.0 0.0 0.0 1.0
0.553593635559082 -0.57212233543396 -0.60515296459198 0.2998961806297302 0.4453386962413788 -0.41065463423728943 0.7956357598304749 3.088836669921875 -0.7037098407745361 -0.7099568843841553 0.02745242789387703 12.905449867248535 0.0 0.0 0.0 1.0
0.5089262127876282 -0.5931432247161865 -0.6238390803337097 0.3583507537841797 0.45486268401145935 -0.4299694299697876 0.7798886299133301 3.089853286743164 -0.7308173775672913 -0.6806668639183044 0.05097600445151329 12.866104125976562 0.0 0.0 0.0 1.0
0.4771883189678192 -0.6075516939163208 -0.6349584460258484 0.35826483368873596 0.45859065651893616 -0.4441952407360077 0.7696656584739685 3.11102032661438 -0.7496572136878967 -0.6584614515304565 0.06665275245904922 12.87696647644043 0.0 0.0 0.0 1.0
0.44353148341178894 -0.620461642742157 -0.646766722202301 0.37135425209999084 0.4615064263343811 -0.46049928665161133 0.7582560181617737 3.1241865158081055 -0.7683044075965881 -0.6347974538803101 0.08210109919309616 12.915233612060547 0.0 0.0 0.0 1.0
0.3896096348762512 -0.6377927660942078 -0.6643980145454407 0.3701392114162445 0.46580979228019714 -0.48586535453796387 0.7395647764205933 3.1436612606048584 -0.7944970726966858 -0.597624659538269 0.10779229551553726 13.060019493103027 0.0 0.0 0.0 1.0
0.35290947556495667 -0.6473084688186646 -0.6756083369255066 0.3825451731681824 0.469607412815094 -0.501995325088501 0.7262709736824036 3.1519968509674072 -0.8092736005783081 -0.5735785961151123 0.12682193517684937 13.162386894226074 0.0 0.0 0.0 1.0
0.3016890287399292 -0.6578372716903687 -0.6900969743728638 0.36758115887641907 0.47629842162132263 -0.5230337381362915 0.7068066000938416 3.1644065380096436 -0.8259077072143555 -0.5419278740882874 0.1555333137512207 13.340810775756836 0.0 0.0 0.0 1.0
0.2707170844078064 -0.6621330976486206 -0.6987789273262024 0.37674838304519653 0.4821576178073883 -0.5350111722946167 0.6937485933303833 3.179807186126709 -0.833208441734314 -0.5247311592102051 0.17441585659980774 13.432058334350586 0.0 0.0 0.0 1.0
0.22809836268424988 -0.6665284037590027 -0.7097260355949402 0.38944125175476074 0.4914553761482239 -0.5504469275474548 0.6748924255371094 3.2190511226654053 -0.8405014872550964 -0.5027405023574829 0.20201292634010315 13.511930465698242 0.0 0.0 0.0 1.0
0.20031781494617462 -0.6683478951454163 -0.716368556022644 0.38150158524513245 0.4973299205303192 -0.5606120824813843 0.6621004343032837 3.218101978302002 -0.8441182971000671 -0.4889020323753357 0.22008879482746124 13.51326847076416 0.0 0.0 0.0 1.0
0.17375671863555908 -0.670672595500946 -0.7211150527000427 0.3738170266151428 0.5022357702255249 -0.5695191621780396 0.6506974697113037 3.2068166732788086 -0.8470937609672546 -0.4752328097820282 0.2378779649734497 13.435361862182617 0.0 0.0 0.0 1.0
0.13476134836673737 -0.6718096733093262 -0.7283619046211243 0.29043111205101013 0.5080273151397705 -0.5842587351799011 0.6328902244567871 3.163717031478882 -0.8507335782051086 -0.4553168714046478 0.2625621557235718 13.350241661071777 0.0 0.0 0.0 1.0
0.11066148430109024 -0.6712391972541809 -0.7329338192939758 0.16931599378585815 0.5102691054344177 -0.5944708585739136 0.6214739084243774 3.1216766834259033 -0.85286545753479 -0.4427667260169983 0.2767275869846344 13.270944595336914 0.0 0.0 0.0 1.0
0.07302846014499664 -0.670022189617157 -0.7387402057647705 -0.034434929490089417 0.5130488872528076 -0.6099545955657959 0.6039339900016785 3.0512285232543945 -0.8552471399307251 -0.42311421036720276 0.2992101311683655 13.10749340057373 0.0 0.0 0.0 1.0
0.04667738080024719 -0.6685861349105835 -0.7421683073043823 -0.17356447875499725 0.5144823789596558 -0.6207630634307861 0.5915750861167908 2.9665236473083496 -0.8562296032905579 -0.40944570302963257 0.3150002062320709 13.00424575805664 0.0 0.0 0.0 1.0
0.0014065455179661512 -0.6652511358261108 -0.7466183304786682 -0.3491600751876831 0.5173713564872742 -0.6384431719779968 0.5698396563529968 2.788114309310913 -0.855759859085083 -0.38708043098449707 0.34328389167785645 12.935497283935547 0.0 0.0 0.0 1.0
-0.03069826029241085 -0.6625015139579773 -0.7484312653541565 -0.4458436071872711 0.5180948376655579 -0.6508883833885193 0.5549072623252869 2.662677526473999 -0.8547720909118652 -0.370723694562912 0.3632197678089142 12.923890113830566 0.0 0.0 0.0 1.0
-0.08196363598108292 -0.6571328639984131 -0.749305248260498 -0.534771203994751 0.5188770294189453 -0.6700402498245239 0.5308603048324585 2.482877254486084 -0.8509104251861572 -0.3452860414981842 0.39589008688926697 12.819841384887695 0.0 0.0 0.0 1.0
-0.11457236111164093 -0.6524226665496826 -0.7491447329521179 -0.5822470188140869 0.5166166424751282 -0.6832475066184998 0.5160233378410339 2.3934249877929688 -0.848516583442688 -0.32789862155914307 0.41533368825912476 12.746312141418457 0.0 0.0 0.0 1.0
-0.1495411992073059 -0.6468959450721741 -0.7477720379829407 -0.5777046084403992 0.5152275562286377 -0.6964662671089172 0.49947500228881836 2.33870792388916 -0.8439063429832458 -0.31058070063591003 0.43744903802871704 12.714760780334473 0.0 0.0 0.0 1.0
-0.20235171914100647 -0.6377054452896118 -0.7432264685630798 -0.5456691980361938 0.5147844552993774 -0.71487957239151 0.4732273519039154 2.311934232711792 -0.8330971002578735 -0.28684303164482117 0.4729379713535309 12.676323890686035 0.0 0.0 0.0 1.0
-0.23705720901489258 -0.630120038986206 -0.7394272089004517 -0.481211394071579 0.5142163634300232 -0.727145254611969 0.4547981321811676 2.3320441246032715 -0.8242483735084534 -0.27241238951683044 0.496393084526062 12.678942680358887 0.0 0.0 0.0 1.0
-0.2927107512950897 -0.6184768080711365 -0.7292509078979492 -0.3358412981033325 0.5112299919128418 -0.7457237243652344 0.4272470474243164 2.418638229370117 -0.8080620765686035 -0.24775512516498566 0.5344652533531189 12.658905029296875 0.0 0.0 0.0 1.0
-0.33195677399635315 -0.6087729930877686 -0.7205554842948914 -0.2274021953344345 0.5071434378623962 -0.7592604160308838 0.4078346788883209 2.51556134223938 -0.795367956161499 -0.23004150390625 0.5607768893241882 12.667614936828613 0.0 0.0 0.0 1.0
-0.3921133279800415 -0.5875577330589294 -0.7078298330307007 -0.07199516892433167 0.4916571080684662 -0.7841877341270447 0.37858009338378906 2.6273398399353027 -0.7775090932846069 -0.19956326484680176 0.5963674187660217 12.817526817321777 0.0 0.0 0.0 1.0
-0.4324178695678711 -0.570968508720398 -0.697860836982727 0.024748412892222404 0.47841691970825195 -0.8013193607330322 0.3591720163822174 2.6607885360717773 -0.7642853260040283 -0.17855602502822876 0.619665801525116 12.962783813476562 0.0 0.0 0.0 1.0
-0.4901023805141449 -0.5388253927230835 -0.6851764917373657 0.15702734887599945 0.45382818579673767 -0.8288472890853882 0.32718825340270996 2.619774580001831 -0.744204044342041 -0.15059667825698853 0.6507542133331299 13.247608184814453 0.0 0.0 0.0 1.0
