-0.7862455248832703 -0.5097793340682983 -0.34920334815979004 2.8923909664154053 0.4948481321334839 -0.8579130172729492 0.1382409632205963 1.7653498649597168 -0.37005850672721863 -0.06411128491163254 0.92679363489151 10.697392463684082 0.0 0.0 0.0 1.0
-0.7854593992233276 -0.5104544162750244 -0.34998542070388794 2.8877177238464355 0.4951324760913849 -0.8575419783592224 0.1395191252231598 1.7751011848449707 -0.3713453412055969 -0.0637025386095047 0.926306962966919 10.69775676727295 0.0 0.0 0.0 1.0
-0.7842752933502197 -0.5126626491546631 -0.3494127094745636 2.897042989730835 0.4973931312561035 -0.8561891913414001 0.13978618383407593 1.792392373085022 -0.3708265423774719 -0.06416463106870651 0.9264829158782959 10.724225997924805 0.0 0.0 0.0 1.0
-0.7853417992591858 -0.5124037861824036 -0.34739115834236145 2.9191389083862305 0.4972476661205292 -0.8563915491104126 0.1390620321035385 1.7650377750396729 -0.36875876784324646 -0.06352822482585907 0.9273516535758972 10.709383010864258 0.0 0.0 0.0 1.0
-0.7902912497520447 -0.5067709684371948 -0.3444167971611023 3.0099236965179443 0.4941847026348114 -0.859478771686554 0.13068191707134247 1.7030284404754639 -0.36224472522735596 -0.06692874431610107 0.9296770095825195 10.76304817199707 0.0 0.0 0.0 1.0
-0.8633089661598206 -0.4276408851146698 -0.2679941952228546 2.9632885456085205 0.42812737822532654 -0.9017404913902283 0.05975840613245964 1.0815188884735107 -0.26721635460853577 -0.06314567476511002 0.9615654349327087 10.63949966430664 0.0 0.0 0.0 1.0
-0.8810384273529053 -0.392173707485199 -0.264520525932312 2.785649299621582 0.39715585112571716 -0.9170153141021729 0.03674470633268356 0.8930558562278748 -0.25697967410087585 -0.07268237322568893 0.9636797904968262 10.869914054870605 0.0 0.0 0.0 1.0
-0.8971251249313354 -0.3766684830188751 -0.23084042966365814 2.782768487930298 0.38153862953186035 -0.9240160584449768 0.0249516312032938 0.9194579124450684 -0.22269876301288605 -0.0656898021697998 0.972671627998352 10.773378372192383 0.0 0.0 0.0 1.0
-0.917452335357666 -0.3282562792301178 -0.2247866839170456 2.5537362098693848 0.33191943168640137 -0.9430413246154785 0.02241680957376957 0.9063200354576111 -0.21934159100055695 -0.05404471606016159 0.9741501212120056 10.909551620483398 0.0 0.0 0.0 1.0
-0.9363848567008972 -0.294495552778244 -0.1909339427947998 2.770221471786499 0.2982831597328186 -0.954432487487793 0.009261226281523705 0.7254052758216858 -0.18496094644069672 -0.04828030988574028 0.9815592169761658 10.637472152709961 0.0 0.0 0.0 1.0
-0.9828313589096069 -0.14503520727157593 -0.11404973268508911 1.6182889938354492 0.1476982682943344 -0.9889155030250549 -0.01521203201264143 1.3794658184051514 -0.11057926714420319 -0.03179581090807915 0.9933585524559021 9.842473983764648 0.0 0.0 0.0 1.0
-0.9889097213745117 -0.0998455062508583 -0.10994768887758255 1.4616856575012207 0.10321693867444992 -0.9943345785140991 -0.02539742924273014 1.0896835327148438 -0.10678897053003311 -0.036464229226112366 0.9936128258705139 9.79944133758545 0.0 0.0 0.0 1.0
-0.9985653162002563 -0.023311223834753036 -0.04820668697357178 1.7312562465667725 0.02464556135237217 -0.9993241429328918 -0.027272848412394524 0.9886417984962463 -0.04753834381699562 -0.028421802446246147 0.9984650015830994 9.635303497314453 0.0 0.0 0.0 1.0
-0.9984160661697388 0.0513446219265461 -0.023002704605460167 1.6454564332962036 -0.05112092196941376 -0.9986402988433838 -0.010210082866251469 1.0218238830566406 -0.023495661094784737 -0.00901799090206623 0.9996832609176636 9.482728004455566 0.0 0.0 0.0 1.0
-0.9953158497810364 0.09361736476421356 0.02412681095302105 1.7307595014572144 -0.09388836473226547 -0.9955288767814636 -0.010353153571486473 0.8848288655281067 0.023049702867865562 -0.012569884769618511 0.9996553063392639 9.432610511779785 0.0 0.0 0.0 1.0
-0.9351880550384521 0.34601083397865295 0.07549688965082169 1.1996089220046997 -0.3457346260547638 -0.9381762146949768 0.017116539180278778 -0.11854712665081024 0.07675188779830933 -0.010094704106450081 0.9969991445541382 9.741494178771973 0.0 0.0 0.0 1.0
-0.9090927243232727 0.4043038487434387 0.10044339299201965 1.1567457914352417 -0.4047098755836487 -0.914283037185669 0.017217116430401802 -0.17154234647750854 0.09879463911056519 -0.024998480454087257 0.9947937726974487 9.845620155334473 0.0 0.0 0.0 1.0
-0.878386378288269 0.45750635862350464 0.13829435408115387 1.0856783390045166 -0.45895570516586304 -0.8881582021713257 0.023121776059269905 -0.0708409994840622 0.1334056407213211 -0.04316113516688347 0.9901212453842163 10.119988441467285 0.0 0.0 0.0 1.0
-0.846997082233429 0.5124433040618896 0.141413614153862 0.828192412853241 -0.5119180083274841 -0.8579632043838501 0.042884498834609985 0.16565825045108795 0.14330355823040009 -0.03606913611292839 0.9890213012695312 10.017696380615234 0.0 0.0 0.0 1.0
-0.8231448531150818 0.5469474792480469 0.15258118510246277 0.6528056263923645 -0.5447616577148438 -0.8364726305007935 0.05956708639860153 0.20936161279678345 0.16021005809307098 -0.03408804535865784 0.9864941835403442 9.849186897277832 0.0 0.0 0.0 1.0
-0.7389333844184875 0.6514063477516174 0.17218372225761414 0.3808475732803345 -0.6449333429336548 -0.7577860355377197 0.09910247474908829 0.3433006703853607 0.19503439962863922 -0.03781689703464508 0.9800670742988586 10.477033615112305 0.0 0.0 0.0 1.0
-0.7591578960418701 0.6241211891174316 0.18480266630649567 0.23713500797748566 -0.6206203699111938 -0.7796449661254883 0.08357088267803192 -0.03850587457418442 0.19623883068561554 -0.05124880373477936 0.9792159795761108 10.227132797241211 0.0 0.0 0.0 1.0
-0.7637245059013367 0.6188289523124695 0.18378131091594696 0.08287526667118073 -0.6192021369934082 -0.7827416658401489 0.062483616173267365 -0.07225803285837173 0.18251995742321014 -0.06607751548290253 0.9809792041778564 10.92566204071045 0.0 0.0 0.0 1.0
-0.759574294090271 0.6204564571380615 0.19514255225658417 0.12804602086544037 -0.6212514638900757 -0.7809275388717651 0.0647980347275734 -0.05151699483394623 0.19259653985500336 -0.07201367616653442 0.9786320328712463 11.145779609680176 0.0 0.0 0.0 1.0
-0.7527986168861389 0.6245352029800415 0.20796632766723633 0.1457802951335907 -0.6257129311561584 -0.777037501335144 0.06852766126394272 -0.012696443125605583 0.2043955773115158 -0.07853969931602478 0.9757325053215027 11.285483360290527 0.0 0.0 0.0 1.0
-0.5936154723167419 0.7484841346740723 0.2956216335296631 0.42811259627342224 -0.7581037282943726 -0.6433579921722412 0.10662677139043808 -0.2819114327430725 0.2699989676475525 -0.16081655025482178 0.9493358731269836 12.496271133422852 0.0 0.0 0.0 1.0
-0.5815024971961975 0.7592758536338806 0.29215583205223083 0.41826295852661133 -0.7703024744987488 -0.6293870806694031 0.10249881446361542 -0.07161644101142883 0.2617039680480957 -0.16544502973556519 0.9508622288703918 12.532875061035156 0.0 0.0 0.0 1.0
-0.5535090565681458 0.7756379842758179 0.3033372759819031 0.6656134724617004 -0.7814096212387085 -0.6096664071083069 0.13306352496147156 -0.059785060584545135 0.28814366459846497 -0.1633787900209427 0.9435468316078186 12.112260818481445 0.0 0.0 0.0 1.0
-0.5400567650794983 0.7793886065483093 0.3176352083683014 0.6007291674613953 -0.786283552646637 -0.601830244064331 0.13985183835029602 -0.1300961971282959 0.3001613914966583 -0.1742234081029892 0.9378429055213928 11.993998527526855 0.0 0.0 0.0 1.0
-0.5205890536308289 0.7879388332366943 0.3288455605506897 0.516113817691803 -0.7938400506973267 -0.5884795784950256 0.1533288210630417 -0.09428541362285614 0.31433266401290894 -0.18122948706150055 0.9318534731864929 12.226844787597656 0.0 0.0 0.0 1.0
-0.2809162735939026 0.873299777507782 0.3980371654033661 0.4185274541378021 -0.9008933305740356 -0.382929265499115 0.20434384047985077 -0.3033335506916046 0.3308735191822052 -0.3011855185031891 0.8943209648132324 13.514789581298828 0.0 0.0 0.0 1.0
-0.23863860964775085 0.8883190155029297 0.3923530876636505 0.6633145809173584 -0.9064515233039856 -0.34871920943260193 0.23820273578166962 -0.0022903899662196636 0.3484210669994354 -0.29880470037460327 0.8884360194206238 13.52263069152832 0.0 0.0 0.0 1.0
-0.237929567694664 0.8978664875030518 0.3704392611980438 0.5835092663764954 -0.9076768159866333 -0.34128955006599426 0.24422168731689453 0.10915261507034302 0.3457055389881134 -0.2781315743923187 0.8961755037307739 12.940271377563477 0.0 0.0 0.0 1.0
-0.24020545184612274 0.8995383381843567 0.3648728132247925 0.4291669428348541 -0.9091530442237854 -0.3402068018913269 0.2402084618806839 0.03373755142092705 0.34020891785621643 -0.2740258276462555 0.8995375037193298 12.738786697387695 0.0 0.0 0.0 1.0
-0.2242562472820282 0.898444414138794 0.37750065326690674 0.7325639128684998 -0.9069119095802307 -0.33417895436286926 0.2565838396549225 -0.1445835828781128 0.3566790819168091 -0.2848193049430847 0.889751672744751 12.957725524902344 0.0 0.0 0.0 1.0
-0.050774697214365005 0.9079797863960266 0.4159262180328369 0.306445837020874 -0.9123548865318298 -0.21157287061214447 0.35049328207969666 -0.4772195816040039 0.40623950958251953 -0.3616761267185211 0.8391423225402832 13.738787651062012 0.0 0.0 0.0 1.0
-0.017775582149624825 0.9046283960342407 0.42583033442497253 0.2896362245082855 -0.9144450426101685 -0.18693512678146362 0.35895055532455444 -0.4945220649242401 0.40431949496269226 -0.383017897605896 0.8305558562278748 14.026163101196289 0.0 0.0 0.0 1.0
0.039154745638370514 0.9039687514305115 0.4258020222187042 0.473871648311615 -0.9118366241455078 -0.14196103811264038 0.3852285146713257 -0.4052821397781372 0.40868183970451355 -0.40334540605545044 0.8187134265899658 14.079482078552246 0.0 0.0 0.0 1.0
0.0837569385766983 0.9029319286346436 0.4215432405471802 0.15850593149662018 -0.9212782382965088 -0.09105824679136276 0.3780936896800995 -0.3256712555885315 0.37977784872055054 -0.42002660036087036 0.8242247700691223 14.020981788635254 0.0 0.0 0.0 1.0
0.10724835097789764 0.8949863314628601 0.4330095648765564 0.32363608479499817 -0.9231809973716736 -0.07204007357358932 0.3775540590286255 -0.3685194253921509 0.3690997362136841 -0.44023826718330383 0.8185082077980042 14.455303192138672 0.0 0.0 0.0 1.0
0.36785030364990234 0.831994891166687 0.4152958393096924 0.5302724242210388 -0.8498965501785278 0.1195991113781929 0.5131977200508118 -0.18822930753231049 0.3773088753223419 -0.5417384505271912 0.7511041760444641 13.983513832092285 0.0 0.0 0.0 1.0
0.4152843654155731 0.8093710541725159 0.41527995467185974 0.49266767501831055 -0.8309791684150696 0.15176475048065186 0.5352019667625427 -0.20616233348846436 0.370152086019516 -0.5673499703407288 0.7355960011482239 14.011239051818848 0.0 0.0 0.0 1.0
0.4575386643409729 0.7897241115570068 0.4086492955684662 0.510131299495697 -0.8109695911407471 0.18213118612766266 0.5560184717178345 -0.004484047181904316 0.3646734058856964 -0.5858020782470703 0.723774254322052 14.063769340515137 0.0 0.0 0.0 1.0
0.49890586733818054 0.7662208676338196 0.404967337846756 0.5127767324447632 -0.7882645130157471 0.20699043571949005 0.5794773697853088 0.11471690982580185 0.3601832985877991 -0.6083260178565979 0.7072534561157227 14.27310848236084 0.0 0.0 0.0 1.0
0.5344243049621582 0.7430516481399536 0.4028211236000061 0.38559624552726746 -0.777763843536377 0.2457660287618637 0.578517496585846 0.38714656233787537 0.3308686316013336 -0.6224735379219055 0.7092620730400085 14.41986083984375 0.0 0.0 0.0 1.0
0.768563449382782 0.5664394497871399 0.2974165976047516 1.2165086269378662 -0.5843859314918518 0.4323486089706421 0.6867079138755798 -0.08271107077598572 0.2603908181190491 -0.7015846967697144 0.6633065342903137 12.731351852416992 0.0 0.0 0.0 1.0
0.8182306289672852 0.4964245855808258 0.2899332046508789 0.9402733445167542 -0.5334507822990417 0.4676165282726288 0.7048155665397644 -0.1538296341896057 0.21431024372577667 -0.7313668131828308 0.647436261177063 12.63514232635498 0.0 0.0 0.0 1.0
0.8704842329025269 0.42331284284591675 0.25112444162368774 1.0326602458953857 -0.4566482901573181 0.5042098760604858 0.7329698204994202 -0.04653388634324074 0.18365611135959625 -0.752714216709137 0.6322118043899536 12.548334121704102 0.0 0.0 0.0 1.0
0.899764895439148 0.36505037546157837 0.23908446729183197 0.7990803718566895 -0.41217923164367676 0.5310608148574829 0.7403261065483093 0.16491083800792694 0.14328792691230774 -0.7646650671958923 0.6282960176467896 12.596368789672852 0.0 0.0 0.0 1.0
0.9135512113571167 0.33344385027885437 0.2328934669494629 0.6744276285171509 -0.3884369134902954 0.5455143451690674 0.7426512241363525 0.33573105931282043 0.12058577686548233 -0.7689144015312195 0.6278771758079529 12.3046236038208 0.0 0.0 0.0 1.0
0.9636102914810181 0.20817826688289642 0.16768121719360352 -0.23293495178222656 -0.2614423632621765 0.6032499074935913 0.7534835338592529 0.5055333971977234 0.05570521950721741 -0.7699034810066223 0.6357244253158569 10.397073745727539 0.0 0.0 0.0 1.0
0.9745710492134094 0.16707806289196014 0.14931891858577728 -0.5563339591026306 -0.22080102562904358 0.6024770140647888 0.7669865489006042 0.4098787307739258 0.038185399025678635 -0.7804526686668396 0.6240476965904236 10.094483375549316 0.0 0.0 0.0 1.0
0.9786778688430786 0.15130244195461273 0.13891436159610748 -0.9122340679168701 -0.20253878831863403 0.5983540415763855 0.7752099633216858 0.3953581750392914 0.034171197563409805 -0.7868163585662842 0.6162404417991638 9.91008472442627 0.0 0.0 0.0 1.0
0.9833530783653259 0.12551841139793396 0.1313844621181488 -1.1392019987106323 -0.18075962364673615 0.6020803451538086 0.7777050733566284 0.4687019884586334 0.01851229928433895 -0.7885076999664307 0.6147462129592896 9.783567428588867 0.0 0.0 0.0 1.0
0.9880724549293518 0.09390320628881454 0.12204525619745255 -1.1926288604736328 -0.15395982563495636 0.6180467009544373 0.7709180116653442 0.5924158096313477 -0.0030379928648471832 -0.7805129289627075 0.6251322627067566 9.562418937683105 0.0 0.0 0.0 1.0
0.9989737272262573 0.026803581044077873 0.03651073947548866 -1.0728124380111694 -0.045208148658275604 0.6394163966178894 0.7675303816795349 0.6406964063644409 -0.002773003652691841 -0.7683932781219482 0.639971911907196 9.595183372497559 0.0 0.0 0.0 1.0
0.9997459650039673 -0.021146437153220177 0.0077960132621228695 -1.1280708312988281 0.0072740353643894196 0.6301460266113281 0.7764425873756409 0.6245274543762207 -0.02133162133395672 -0.7761886119842529 0.6301398277282715 9.725606918334961 0.0 0.0 0.0 1.0
0.9965397715568542 -0.07971038669347763 -0.023552604019641876 -1.1761939525604248 0.06779265403747559 0.6155401468276978 0.785184383392334 0.6503965258598328 -0.04808977618813515 -0.7840641140937805 0.6188140511512756 9.860577583312988 0.0 0.0 0.0 1.0
0.9895980954170227 -0.13516998291015625 -0.049241144210100174 -1.1615853309631348 0.12194529920816422 0.6065889596939087 0.7856075167655945 0.8352915048599243 -0.07632141560316086 -0.7834404110908508 0.616762638092041 10.181044578552246 0.0 0.0 0.0 1.0
0.9756613969802856 -0.19247904419898987 -0.10505525767803192 -0.8726969957351685 0.2015066146850586 0.5980263948440552 0.77573162317276 0.9126100540161133 -0.08648625761270523 -0.7780207395553589 0.6222570538520813 10.3311185836792 0.0 0.0 0.0 1.0
0.9461090564727783 -0.3062116801738739 -0.10541395097970963 -2.090088129043579 0.2764153480529785 0.5939579010009766 0.7555187344551086 1.8348487615585327 -0.16873721778392792 -0.7439411282539368 0.646590530872345 11.052902221679688 0.0 0.0 0.0 1.0
0.9337577223777771 -0.3380686044692993 -0.11749953031539917 -2.0607457160949707 0.3081232011318207 0.5922963619232178 0.7444764375686646 1.8082425594329834 -0.18208956718444824 -0.731364905834198 0.6572280526161194 10.643329620361328 0.0 0.0 0.0 1.0
0.9132824540138245 -0.37694865465164185 -0.154353067278862 -1.9241818189620972 0.3593086898326874 0.5670414566993713 0.7411891222000122 1.72112238407135 -0.19186565279960632 -0.7323753833770752 0.6533099412918091 10.818618774414062 0.0 0.0 0.0 1.0
0.8938928842544556 -0.40681877732276917 -0.1882922500371933 -1.6355042457580566 0.40535417199134827 0.5541735291481018 0.727034866809845 1.7217280864715576 -0.19142486155033112 -0.7262163758277893 0.6602774858474731 10.944182395935059 0.0 0.0 0.0 1.0
0.8607860803604126 -0.45488274097442627 -0.22831781208515167 -1.5000864267349243 0.467957466840744 0.5309157371520996 0.7065014839172363 1.6981209516525269 -0.20015782117843628 -0.7149896621704102 0.6698706150054932 10.964160919189453 0.0 0.0 0.0 1.0
0.7622503638267517 -0.5951992273330688 -0.25438612699508667 -1.3117945194244385 0.5857490301132202 0.46704134345054626 0.6623975038528442 1.3496334552764893 -0.27544963359832764 -0.6539191603660583 0.7046397924423218 11.57870101928711 0.0 0.0 0.0 1.0
0.7372605204582214 -0.6219789981842041 -0.263797402381897 -1.5273852348327637 0.6048316359519958 0.43364983797073364 0.6679270267486572 1.1625665426254272 -0.3010408580303192 -0.651989221572876 0.6959055066108704 12.069502830505371 0.0 0.0 0.0 1.0
0.72945237159729 -0.6284036040306091 -0.2702001631259918 -1.622625470161438 0.614582896232605 0.42867085337638855 0.6622153520584106 1.1857554912567139 -0.3003115653991699 -0.6491149663925171 0.6989011168479919 12.447113990783691 0.0 0.0 0.0 1.0
0.7145417928695679 -0.6446832418441772 -0.2716863751411438 -1.4994726181030273 0.6320620179176331 0.4284335970878601 0.6457106471061707 1.4934850931167603 -0.299879252910614 -0.6331098675727844 0.7136135697364807 12.8392333984375 0.0 0.0 0.0 1.0
0.6799668073654175 -0.6765909790992737 -0.2826123535633087 -1.1118830442428589 0.6690190434455872 0.41472935676574707 0.6167763471603394 1.6535099744796753 -0.30009767413139343 -0.6084604859352112 0.7346544861793518 12.67290210723877 0.0 0.0 0.0 1.0
0.5067411065101624 -0.7923359870910645 -0.3397309482097626 -0.6542606949806213 0.7747080326080322 0.24564090371131897 0.5826560258865356 1.2380435466766357 -0.3782075345516205 -0.558448076248169 0.738305389881134 12.669269561767578 0.0 0.0 0.0 1.0
0.4945223033428192 -0.7961832284927368 -0.3486257493495941 -0.7121484279632568 0.7800849676132202 0.22968709468841553 0.5819891095161438 1.1261860132217407 -0.3832951486110687 -0.5597642660140991 0.734675943851471 12.305859565734863 0.0 0.0 0.0 1.0
0.45434749126434326 -0.7972250580787659 -0.39749282598495483 -0.6602359414100647 0.8055999875068665 0.17725291848182678 0.565322995185852 1.0866334438323975 -0.38023290038108826 -0.5770732760429382 0.7227789163589478 12.913694381713867 0.0 0.0 0.0 1.0
0.43252870440483093 -0.7955873608589172 -0.42421650886535645 -0.6100348234176636 0.8226896524429321 0.15573278069496155 0.5467440485954285 1.4502010345458984 -0.368918240070343 -0.5854810476303101 0.7218803763389587 13.376505851745605 0.0 0.0 0.0 1.0
0.38597792387008667 -0.8140319585800171 -0.43401962518692017 -0.32256588339805603 0.8564974665641785 0.14145128428936005 0.49639055132865906 1.8840500116348267 -0.34268513321876526 -0.5633324980735779 0.7518134117126465 12.982405662536621 0.0 0.0 0.0 1.0
0.3210025131702423 -0.8269016146659851 -0.46172621846199036 -0.34501346945762634 0.8627004027366638 0.05414058268070221 0.5028089284896851 1.3958361148834229 -0.3907754123210907 -0.5597342848777771 0.730747640132904 13.285008430480957 0.0 0.0 0.0 1.0
0.32549384236335754 -0.8275160193443298 -0.45746150612831116 -0.42604193091392517 0.8600342869758606 0.05805085599422455 0.5069231986999512 1.4977471828460693 -0.3929310142993927 -0.558432936668396 0.7305873036384583 13.435376167297363 0.0 0.0 0.0 1.0
0.3234902024269104 -0.8327687382698059 -0.44927752017974854 -0.3280753493309021 0.8641088604927063 0.0665135607123375 0.49889057874679565 1.5930501222610474 -0.3855774402618408 -0.5496109127998352 0.7411193251609802 13.420735359191895 0.0 0.0 0.0 1.0
0.32436975836753845 -0.8359313607215881 -0.44272229075431824 -0.42058148980140686 0.8603004217147827 0.0661146491765976 0.5054819583892822 1.5431581735610962 -0.3932777941226959 -0.544837236404419 0.7405977249145508 13.412708282470703 0.0 0.0 0.0 1.0
0.29396843910217285 -0.8415415287017822 -0.45320022106170654 -0.20507696270942688 0.8701052069664001 0.03936849161982536 0.4912911653518677 1.5161982774734497 -0.3956000804901123 -0.5387560129165649 0.7438027858734131 13.681943893432617 0.0 0.0 0.0 1.0
-0.04944787174463272 -0.8717702627182007 -0.48741307854652405 -0.1966060996055603 0.8957802057266235 -0.25454598665237427 0.3643956184387207 2.1373562812805176 -0.4417383074760437 -0.41859641671180725 0.7935013175010681 14.26452922821045 0.0 0.0 0.0 1.0
-0.08116120845079422 -0.8557896018028259 -0.5109178423881531 0.06102309003472328 0.902410089969635 -0.2807305157184601 0.32687363028526306 1.5985082387924194 -0.42316529154777527 -0.4345279335975647 0.7950575947761536 14.491883277893066 0.0 0.0 0.0 1.0
-0.10303575545549393 -0.8302248120307922 -0.5478233695030212 0.3207617998123169 0.9057358503341675 -0.305952787399292 0.2933179438114166 1.1003233194351196 -0.4111279249191284 -0.4659610092639923 0.7834884524345398 15.312190055847168 0.0 0.0 0.0 1.0
-0.10475575178861618 -0.8291930556297302 -0.5490583777427673 0.29821357131004333 0.911139965057373 -0.3012830913066864 0.28116264939308167 1.2633342742919922 -0.398560106754303 -0.47081562876701355 0.7870721220970154 15.895512580871582 0.0 0.0 0.0 1.0
-0.11167922616004944 -0.8429828882217407 -0.5262201428413391 -0.03788451477885246 0.9022477865219116 -0.3079552948474884 0.3018483817577362 1.7144087553024292 -0.41650527715682983 -0.4410707652568817 0.7949716448783875 15.734825134277344 0.0 0.0 0.0 1.0
-0.4355418384075165 -0.7857305407524109 -0.439238965511322 0.8697291016578674 0.8115211725234985 -0.5538864731788635 0.186126708984375 1.7254524230957031 -0.38953396677970886 -0.2753857374191284 0.8788776993751526 14.397612571716309 0.0 0.0 0.0 1.0
-0.4779173731803894 -0.7588799595832825 -0.4423756003379822 0.4608513116836548 0.7768468260765076 -0.6002170443534851 0.1903904527425766 1.497267484664917 -0.4100048840045929 -0.2526671886444092 0.8763876557350159 14.522068977355957 0.0 0.0 0.0 1.0
-0.5348374843597412 -0.7326180934906006 -0.4209745526313782 0.7844434380531311 0.7534377574920654 -0.6390223503112793 0.154861181974411 1.4562008380889893 -0.38246625661849976 -0.23435255885124207 0.8937552571296692 14.339529037475586 0.0 0.0 0.0 1.0
-0.5853722095489502 -0.701852560043335 -0.405884712934494 1.0120203495025635 0.7221242189407349 -0.6789426207542419 0.13256512582302094 1.4748049974441528 -0.368613600730896 -0.21549925208091736 0.9042588472366333 14.223933219909668 0.0 0.0 0.0 1.0
-0.6360347270965576 -0.6718270778656006 -0.3796158730983734 1.2922040224075317 0.6893543004989624 -0.7157573103904724 0.1117231547832489 1.5382966995239258 -0.3467714786529541 -0.1906300187110901 0.9183734059333801 13.96036148071289 0.0 0.0 0.0 1.0
-0.882037341594696 -0.4034366011619568 -0.24341116845607758 1.5495457649230957 0.41240155696868896 -0.910873532295227 0.015308032743632793 1.1661511659622192 -0.22789260745048523 -0.0868808850646019 0.9698023796081543 12.545838356018066 0.0 0.0 0.0 1.0
-0.8893336057662964 -0.38887256383895874 -0.24054905772209167 1.4168027639389038 0.39657774567604065 -0.9178326725959778 0.01758488453924656 0.9571638703346252 -0.22762206196784973 -0.07975757122039795 0.9704777002334595 12.260397911071777 0.0 0.0 0.0 1.0
-0.9065608978271484 -0.3551279604434967 -0.2281041145324707 1.5532734394073486 0.3657380938529968 -0.9307065606117249 -0.004576486069709063 0.8123437762260437 -0.2106727510690689 -0.08757522702217102 0.9736260175704956 12.399298667907715 0.0 0.0 0.0 1.0
-0.9171268939971924 -0.3321743607521057 -0.2203143835067749 1.4654468297958374 0.3423735797405243 -0.9395236968994141 -0.008689154870808125 0.7756106853485107 -0.20410427451133728 -0.08339888602495193 0.9753901958465576 12.236888885498047 0.0 0.0 0.0 1.0
-0.9443272352218628 -0.2798525393009186 -0.17299884557724 1.6266121864318848 0.2870367169380188 -0.9577599763870239 -0.0174858421087265 0.6743723750114441 -0.16079790890216827 -0.066169373691082 0.9847667813301086 11.948928833007812 0.0 0.0 0.0 1.0
-0.9840322732925415 -0.15043647587299347 -0.09512826055288315 0.9389917850494385 0.15143340826034546 -0.9884619116783142 -0.003307403763756156 0.8270123600959778 -0.09353311359882355 -0.017660189419984818 0.9954595565795898 11.24264907836914 0.0 0.0 0.0 1.0
-0.991470456123352 -0.11252317577600479 -0.06576403230428696 0.9657468795776367 0.11401919275522232 -0.9932882785797119 -0.019443893805146217 0.5361624956130981 -0.06313475221395493 -0.026776408776640892 0.9976457357406616 11.031152725219727 0.0 0.0 0.0 1.0
-0.9969887137413025 -0.06765969097614288 -0.03788989037275314 0.901309609413147 0.06911549717187881 -0.996864378452301 -0.03852834179997444 0.46439364552497864 -0.03516426682472229 -0.04103109985589981 0.9985389113426208 11.286835670471191 0.0 0.0 0.0 1.0
-0.9978014230728149 -0.06275713443756104 -0.02130323089659214 0.8023980855941772 0.06320513784885406 -0.9977785348892212 -0.021051323041319847 0.67508465051651 -0.01993478648364544 -0.022351514548063278 0.9995514154434204 11.151573181152344 0.0 0.0 0.0 1.0
-0.9996362924575806 -0.026799185201525688 0.0030105162877589464 0.7365596294403076 0.026701005175709724 -0.9992246031761169 -0.02893562614917755 0.616794764995575 0.0037836332339793444 -0.028844719752669334 0.99957674741745 11.167832374572754 0.0 0.0 0.0 1.0
-0.9992346167564392 -0.0027080471627414227 0.03902360796928406 0.37973666191101074 0.0024454675149172544 -0.9999740719795227 -0.006774896755814552 0.8416885137557983 0.0390409454703331 -0.0066742803901433945 0.999215304851532 10.98121166229248 0.0 0.0 0.0 1.0
-0.9995229244232178 0.0038443475496023893 0.030644936487078667 0.29795295000076294 -0.004084923304617405 -0.9999613165855408 -0.007791687734425068 0.8014844655990601 0.030613796785473824 -0.007913152687251568 0.9994999766349792 11.134857177734375 0.0 0.0 0.0 1.0