-0.9970539808273315 -0.0035816067829728127 -0.07661942392587662 -0.48239991068840027 0.0022298803087323904 -0.999840497970581 0.01772037148475647 1.8476043939590454 -0.07667066901922226 0.017497316002845764 0.9969029426574707 14.841096878051758 0.0 0.0 0.0 1.0
-0.9974378347396851 -0.0033864814322441816 -0.07145838439464569 -0.46240976452827454 0.002180273411795497 -0.9998539686203003 0.016951119527220726 1.8309507369995117 -0.0715053528547287 0.016751889139413834 0.9972995519638062 14.836559295654297 0.0 0.0 0.0 1.0
-0.9978134036064148 -0.003031255677342415 -0.06602408736944199 -0.43554580211639404 0.002012292854487896 -0.9998779296875 0.015494235791265965 1.8047703504562378 -0.06606299430131912 0.015327497385442257 0.9976977109909058 14.845462799072266 0.0 0.0 0.0 1.0
-0.9985465407371521 -0.002546386094763875 -0.05383644625544548 -0.36292099952697754 0.0018949819495901465 -0.9999244213104248 0.012147273868322372 1.7422820329666138 -0.05386330932378769 0.012027598917484283 0.9984758496284485 14.870535850524902 0.0 0.0 0.0 1.0
-0.9992203712463379 -0.001944911782629788 -0.03943199664354324 -0.2514042258262634 0.0016006927471607924 -0.9999603629112244 0.008759126998484135 1.6841366291046143 -0.039447467774152756 0.00868918001651764 0.9991838932037354 14.89084529876709 0.0 0.0 0.0 1.0
-0.9972074031829834 0.005420316942036152 0.07448481023311615 0.538414716720581 -0.0065872520208358765 -0.9998592734336853 -0.015430022962391376 1.3592870235443115 0.07439069449901581 -0.015877583995461464 0.9971027374267578 14.92165470123291 0.0 0.0 0.0 1.0
-0.9959433674812317 0.009103162214159966 0.08952063322067261 0.593488872051239 -0.010747654363512993 -0.9997819066047668 -0.01790511980652809 1.3259153366088867 0.08933811634778976 -0.018794622272253036 0.9958240389823914 14.875226974487305 0.0 0.0 0.0 1.0
-0.9935510158538818 0.01747261919081211 0.11203186959028244 0.6575719714164734 -0.01985352486371994 -0.9995993971824646 -0.020171670243144035 1.2802773714065552 0.11163453757762909 -0.022265810519456863 0.9934998750686646 14.761177062988281 0.0 0.0 0.0 1.0
-0.9916372895240784 0.02462342567741871 0.1266854852437973 0.6804476380348206 -0.027476148679852486 -0.9994056224822998 -0.020819928497076035 1.2605998516082764 0.12609753012657166 -0.024126647040247917 0.99172443151474 14.656248092651367 0.0 0.0 0.0 1.0
-0.9893961548805237 0.03230220451951027 0.14160463213920593 0.6937540173530579 -0.03563351556658745 -0.9991431832313538 -0.021052533760666847 1.2421371936798096 0.1408032476902008 -0.025875166058540344 0.9896994233131409 14.532122611999512 0.0 0.0 0.0 1.0
-0.964004397392273 0.09273269772529602 0.24919095635414124 0.5559239387512207 -0.09851208329200745 -0.9950773119926453 -0.010794473811984062 0.8628385066986084 0.2469632625579834 -0.034954242408275604 0.9683942198753357 13.666853904724121 0.0 0.0 0.0 1.0
-0.9551786184310913 0.10470491647720337 0.276894748210907 0.5029370188713074 -0.11124070733785629 -0.9937616586685181 -0.007956146262586117 0.8019201159477234 0.2743343412876129 -0.03840150684118271 0.9608673453330994 13.552489280700684 0.0 0.0 0.0 1.0
-0.9485280513763428 0.11198209971189499 0.2962338328361511 0.46980559825897217 -0.11893155425786972 -0.9928873181343079 -0.0054832082241773605 0.7883152365684509 0.2935127913951874 -0.04043252766132355 0.9550997018814087 13.477811813354492 0.0 0.0 0.0 1.0
-0.9415820837020874 0.11889175325632095 0.3150998055934906 0.4202801585197449 -0.12616495788097382 -0.9920055866241455 -0.0027083035092800856 0.7919456958770752 0.3122587502002716 -0.042304642498493195 0.9490546584129333 13.404786109924316 0.0 0.0 0.0 1.0
-0.9302210807800293 0.1291579306125641 0.34352147579193115 0.3364129662513733 -0.13679058849811554 -0.9905979037284851 0.0020321838092058897 0.8323579430580139 0.3405541181564331 -0.045100122690200806 0.939142644405365 13.311864852905273 0.0 0.0 0.0 1.0
-0.8530089259147644 0.20157994329929352 0.4813951849937439 0.03961460292339325 -0.21149997413158417 -0.9767777323722839 0.03424929827451706 0.856816291809082 0.4771200716495514 -0.0726001113653183 0.8758342862129211 13.089506149291992 0.0 0.0 0.0 1.0
-0.8383561372756958 0.21378429234027863 0.501453161239624 0.018905559554696083 -0.22384048998355865 -0.9737665057182312 0.04091694951057434 0.8976600766181946 0.49704572558403015 -0.07794255763292313 0.864216685295105 12.992554664611816 0.0 0.0 0.0 1.0
-0.8230427503585815 0.22596141695976257 0.5210970044136047 -0.01722491718828678 -0.23620711266994476 -0.9705277681350708 0.04777092859148979 0.9590334892272949 0.5165334939956665 -0.0837692990899086 0.8521595001220703 12.889643669128418 0.0 0.0 0.0 1.0
-0.8066803812980652 0.23828056454658508 0.5408226251602173 -0.054442256689071655 -0.24846123158931732 -0.9670521020889282 0.05547276511788368 1.0198463201522827 0.5362217426300049 -0.08962466567754745 0.8393054604530334 12.780012130737305 0.0 0.0 0.0 1.0
-0.780612051486969 0.25607433915138245 0.5701497793197632 -0.1062760055065155 -0.26663628220558167 -0.9614813327789307 0.06677404046058655 1.0404871702194214 0.5652874708175659 -0.09989798814058304 0.8188226222991943 12.683838844299316 0.0 0.0 0.0 1.0
-0.6286681294441223 0.325283408164978 0.7063760161399841 -0.20917634665966034 -0.3334308862686157 -0.9333391189575195 0.1330486238002777 1.2063390016555786 0.7025668621063232 -0.15188413858413696 0.6952201128005981 12.629344940185547 0.0 0.0 0.0 1.0
-0.602802038192749 0.33458155393600464 0.7243514060974121 -0.21848224103450775 -0.34084874391555786 -0.9288109540939331 0.14536963403224945 1.3130433559417725 0.7214235067367554 -0.1592651605606079 0.673930823802948 12.642030715942383 0.0 0.0 0.0 1.0
-0.5769635438919067 0.34393930435180664 0.7408230900764465 -0.22718356549739838 -0.34900373220443726 -0.9238580465316772 0.15710723400115967 1.3710463047027588 0.7384507656097412 -0.16790488362312317 0.653068482875824 12.669206619262695 0.0 0.0 0.0 1.0
-0.534758448600769 0.3571847081184387 0.7658018469810486 -0.1905107945203781 -0.3604879677295685 -0.9160942435264587 0.17555566132068634 1.3356342315673828 0.7642524242401123 -0.18218247592449188 0.618649959564209 12.741287231445312 0.0 0.0 0.0 1.0
-0.5050981044769287 0.36642301082611084 0.7814154624938965 -0.14975254237651825 -0.3685227334499359 -0.9102778434753418 0.1886405050754547 1.3091970682144165 0.7804273962974548 -0.19268739223480225 0.5948148369789124 12.753369331359863 0.0 0.0 0.0 1.0
-0.27628111839294434 0.40383365750312805 0.8721164464950562 -0.024231217801570892 -0.42574459314346313 -0.8649688959121704 0.2656507194042206 1.053159236907959 0.8616323471069336 -0.2979045808315277 0.41090455651283264 12.394149780273438 0.0 0.0 0.0 1.0
-0.242605060338974 0.4048233926296234 0.8816239833831787 -0.00814672838896513 -0.43181636929512024 -0.8588446974754333 0.27553650736808777 0.8637383580207825 0.8687217235565186 -0.31385311484336853 0.3831694424152374 12.412096977233887 0.0 0.0 0.0 1.0
-0.19164395332336426 0.4068157970905304 0.8931816816329956 0.08519085496664047 -0.43869972229003906 -0.8495842218399048 0.2928297221660614 0.589304506778717 0.8779608011245728 -0.335719496011734 0.34128764271736145 12.454423904418945 0.0 0.0 0.0 1.0
-0.15713492035865784 0.4074346125125885 0.899614155292511 0.1493951827287674 -0.44164419174194336 -0.843758225440979 0.3049958348274231 0.4197390079498291 0.8833227157592773 -0.3493838906288147 0.31252503395080566 12.5036039352417 0.0 0.0 0.0 1.0
-0.12363353371620178 0.4097038209438324 0.9038017392158508 0.208478644490242 -0.442878782749176 -0.8378303647041321 0.3192156255245209 0.29403671622276306 0.888016402721405 -0.3608088493347168 0.28503304719924927 12.507675170898438 0.0 0.0 0.0 1.0
0.1030922532081604 0.430056631565094 0.896896481513977 0.21444106101989746 -0.4269695281982422 -0.7952672839164734 0.43040332198143005 0.47634589672088623 0.8983702063560486 -0.4273187220096588 0.10163518786430359 12.494791984558105 0.0 0.0 0.0 1.0
0.13295771181583405 0.43183088302612305 0.8921011090278625 0.21071332693099976 -0.42428794503211975 -0.7886475324630737 0.444988489151001 0.44729211926460266 0.8957130908966064 -0.4376724064350128 0.07836385816335678 12.557826042175293 0.0 0.0 0.0 1.0
0.17876410484313965 0.43398919701576233 0.8830044269561768 0.23323890566825867 -0.4214656949043274 -0.7771729230880737 0.46729958057403564 0.4136020839214325 0.8890500664710999 -0.45569247007369995 0.04398094490170479 12.57431411743164 0.0 0.0 0.0 1.0
0.20937930047512054 0.4344446361064911 0.876024067401886 0.2434615045785904 -0.4199866056442261 -0.7690830230712891 0.4817909896373749 0.4153468906879425 0.8830467462539673 -0.46879544854164124 0.02143087238073349 12.543971061706543 0.0 0.0 0.0 1.0
0.24064476788043976 0.43336039781570435 0.8684980273246765 0.2591392397880554 -0.4181908369064331 -0.7611892819404602 0.4956887662410736 0.44479814171791077 0.8759032487869263 -0.48248282074928284 -0.0019488713005557656 12.477731704711914 0.0 0.0 0.0 1.0
0.46111389994621277 0.3961407542228699 0.7940065860748291 0.1777292937040329 -0.3967670500278473 -0.7083321213722229 0.5838163495063782 0.10693036019802094 0.7936937808990479 -0.584241509437561 -0.16944620013237 11.755789756774902 0.0 0.0 0.0 1.0
0.507430911064148 0.38088393211364746 0.7729432582855225 0.18937397003173828 -0.3874547779560089 -0.7003604769706726 0.5994781255722046 -0.04062613099813461 0.7696704864501953 -0.6036742925643921 -0.2078092396259308 11.701750755310059 0.0 0.0 0.0 1.0
0.5380681157112122 0.3715592324733734 0.7565886974334717 0.22090713679790497 -0.37891218066215515 -0.6951709985733032 0.6108705997467041 -0.10219412297010422 0.7529330849647522 -0.6153706312179565 -0.23326103389263153 11.648316383361816 0.0 0.0 0.0 1.0
0.5691787600517273 0.36194732785224915 0.7382612228393555 0.25493714213371277 -0.36848801374435425 -0.6903814673423767 0.6225672960281372 -0.13732954859733582 0.7350184321403503 -0.6263924837112427 -0.2595772445201874 11.59361743927002 0.0 0.0 0.0 1.0
0.6144331097602844 0.3470965623855591 0.7085167169570923 0.25062867999076843 -0.35192710161209106 -0.6831634640693665 0.6398710608482361 -0.1516771763563156 0.706129789352417 -0.6425042152404785 -0.2976055443286896 11.505219459533691 0.0 0.0 0.0 1.0
0.7822137475013733 0.2765445113182068 0.5582694411277771 0.27316877245903015 -0.279356986284256 -0.6452603936195374 0.7110546231269836 -0.36155083775520325 0.5568674206733704 -0.7121531963348389 -0.4274769127368927 11.4732084274292 0.0 0.0 0.0 1.0
0.8145142793655396 0.2584676742553711 0.5193851590156555 0.2999609708786011 -0.26177486777305603 -0.6352058053016663 0.72662752866745 -0.28802359104156494 0.5177261829376221 -0.7278104424476624 -0.44972383975982666 11.404572486877441 0.0 0.0 0.0 1.0
0.8342415690422058 0.24688267707824707 0.4930415451526642 0.285526841878891 -0.24969811737537384 -0.6280801892280579 0.7369980812072754 -0.21270154416561127 0.4916216731071472 -0.7379459738731384 -0.46232444047927856 11.314183235168457 0.0 0.0 0.0 1.0
0.8522210121154785 0.23480835556983948 0.4675300717353821 0.23917363584041595 -0.2381584197282791 -0.6215605139732361 0.7462862133979797 -0.14207600057125092 0.4658324718475342 -0.7473469972610474 -0.4737853705883026 11.221586227416992 0.0 0.0 0.0 1.0
0.8767121434211731 0.21659962832927704 0.42948850989341736 0.13861893117427826 -0.22048722207546234 -0.6125933527946472 0.7590222358703613 -0.10008172690868378 0.4275057315826416 -0.7601407766342163 -0.4893105924129486 11.12341022491455 0.0 0.0 0.0 1.0
0.9606516361236572 0.11495783925056458 0.2528500556945801 -0.3734554052352905 -0.1398828774690628 -0.5862235426902771 0.7979816198348999 -0.24473272264003754 0.2399609088897705 -0.8019517660140991 -0.5470759868621826 11.225539207458496 0.0 0.0 0.0 1.0
0.9694423675537109 0.09799748659133911 0.2248954474925995 -0.42676281929016113 -0.12732408940792084 -0.5826086401939392 0.8027176856994629 -0.16896966099739075 0.20969034731388092 -0.806823194026947 -0.5523281097412109 11.236861228942871 0.0 0.0 0.0 1.0
0.9771735072135925 0.08051291108131409 0.19659501314163208 -0.4810543358325958 -0.11473531275987625 -0.5788239240646362 0.8073405027389526 -0.09121193736791611 0.1787952333688736 -0.8114681243896484 -0.5563737750053406 11.258638381958008 0.0 0.0 0.0 1.0
0.9868643879890442 0.05217355117201805 0.15289390087127686 -0.5435921549797058 -0.09578726440668106 -0.573136031627655 0.8138426542282104 -0.005070127081125975 0.13009007275104523 -0.8177976608276367 -0.5606099963188171 11.316365242004395 0.0 0.0 0.0 1.0
0.9918714761734009 0.031741704791784286 0.1232212707400322 -0.5512050986289978 -0.08342348039150238 -0.569002628326416 0.8180932402610779 0.02163653075695038 0.09608090668916702 -0.8217228651046753 -0.5617294907569885 11.348673820495605 0.0 0.0 0.0 1.0
0.9881393313407898 -0.1164230927824974 -0.10013164579868317 -0.40681713819503784 0.017544075846672058 -0.5622071027755737 0.826810359954834 0.1583372801542282 -0.15255454182624817 -0.8187605738639832 -0.5534964203834534 11.29840087890625 0.0 0.0 0.0 1.0
0.98213130235672 -0.13470542430877686 -0.13142529129981995 -0.44811949133872986 0.03264513611793518 -0.5658116936683655 0.8238880038261414 0.08039481192827225 -0.1853441447019577 -0.8134565353393555 -0.5513039231300354 11.279295921325684 0.0 0.0 0.0 1.0
0.975168764591217 -0.15180851519107819 -0.16124536097049713 -0.4880828261375427 0.04682478308677673 -0.5702961683273315 0.8201034665107727 -0.03734699636697769 -0.21645629405975342 -0.8072896003723145 -0.549026608467102 11.305439949035645 0.0 0.0 0.0 1.0
0.9625515937805176 -0.1746966540813446 -0.20730531215667725 -0.5012529492378235 0.06999379396438599 -0.5786145925521851 0.8125921487808228 -0.22162660956382751 -0.26190701127052307 -0.796671986579895 -0.5447187423706055 11.3902006149292 0.0 0.0 0.0 1.0
0.9528632164001465 -0.18878649175167084 -0.23751065135002136 -0.49986010789871216 0.08525251597166061 -0.5846891403198242 0.8067655563354492 -0.3200184106826782 -0.29117631912231445 -0.7889856100082397 -0.5410342812538147 11.42110824584961 0.0 0.0 0.0 1.0
0.8564016819000244 -0.27182507514953613 -0.4389616549015045 -0.4417188763618469 0.19430282711982727 -0.6180111169815063 0.7617799043655396 -0.23829105496406555 -0.4783540666103363 -0.7376810908317566 -0.4764493703842163 11.717845916748047 0.0 0.0 0.0 1.0
0.839289128780365 -0.28431567549705505 -0.46342024207115173 -0.46379947662353516 0.20786602795124054 -0.6198078989982605 0.7567231059074402 -0.230333611369133 -0.5023797750473022 -0.7314388155937195 -0.46109849214553833 11.795086860656738 0.0 0.0 0.0 1.0
0.8123461604118347 -0.3014768064022064 -0.4992048144340515 -0.46998029947280884 0.2268892377614975 -0.6251845359802246 0.7467700839042664 -0.24136917293071747 -0.5372290015220642 -0.7199000120162964 -0.43946442008018494 11.971994400024414 0.0 0.0 0.0 1.0
0.7936660647392273 -0.313008189201355 -0.5216512680053711 -0.45744165778160095 0.23905834555625916 -0.6280341744422913 0.7405566573143005 -0.23181380331516266 -0.5594151020050049 -0.7124598026275635 -0.423622190952301 12.051209449768066 0.0 0.0 0.0 1.0
0.7748920321464539 -0.3245106041431427 -0.5424345135688782 -0.45038026571273804 0.2499617040157318 -0.6308859586715698 0.7345080375671387 -0.1892528235912323 -0.5805699229240417 -0.7047522664070129 -0.4077532887458801 12.124731063842773 0.0 0.0 0.0 1.0
0.6323714852333069 -0.3936876654624939 -0.6671704053878784 -0.6669520735740662 0.32510098814964294 -0.6468565464019775 0.6898448467254639 0.35302743315696716 -0.7031469941139221 -0.6531359553337097 -0.2810654044151306 12.27225112915039 0.0 0.0 0.0 1.0
0.5983113646507263 -0.4052157402038574 -0.6912479400634766 -0.6738964915275574 0.3425425887107849 -0.6505370736122131 0.6778392791748047 0.3755660951137543 -0.724353551864624 -0.6423407793045044 -0.25042009353637695 12.40980339050293 0.0 0.0 0.0 1.0
0.5748533010482788 -0.4122833013534546 -0.7067999243736267 -0.6496438980102539 0.3548027276992798 -0.6527687907218933 0.6693339347839355 0.41678088903427124 -0.7373321652412415 -0.6355434060096741 -0.22896704077720642 12.496078491210938 0.0 0.0 0.0 1.0
0.5515263080596924 -0.4195830821990967 -0.7209499478340149 -0.6359823942184448 0.3662494719028473 -0.6547164916992188 0.6612167954444885 0.5013118982315063 -0.7494531869888306 -0.6287260055541992 -0.20742128789424896 12.567830085754395 0.0 0.0 0.0 1.0
0.516508936882019 -0.43062201142311096 -0.7401237487792969 -0.6324304938316345 0.38184723258018494 -0.6578130722045898 0.6492107510566711 0.6904643774032593 -0.7664275765419006 -0.6179373860359192 -0.17533451318740845 12.67751693725586 0.0 0.0 0.0 1.0
0.3699984848499298 -0.47512415051460266 -0.7983471155166626 -0.8214597702026367 0.41705575585365295 -0.6829320788383484 0.5997235178947449 1.0669269561767578 -0.8301599621772766 -0.5548520684242249 -0.05453057959675789 13.327188491821289 0.0 0.0 0.0 1.0
0.3371356725692749 -0.4832347631454468 -0.8079750537872314 -0.904016375541687 0.4182630777359009 -0.6919910311698914 0.5883913636207581 1.1515692472457886 -0.8434426784515381 -0.5363138318061829 -0.031175600364804268 13.319851875305176 0.0 0.0 0.0 1.0
0.3148384094238281 -0.4874154329299927 -0.8144341707229614 -0.9865207672119141 0.41918209195137024 -0.6984498500823975 0.5800467133522034 1.2140549421310425 -0.8515651226043701 -0.5240172147750854 -0.015583029948174953 13.259817123413086 0.0 0.0 0.0 1.0
0.2921658158302307 -0.4904190003871918 -0.8210532069206238 -1.0836023092269897 0.41998040676116943 -0.7055103182792664 0.5708516836166382 1.259087085723877 -0.8592180013656616 -0.5116096138954163 -0.00015963146870490164 13.203615188598633 0.0 0.0 0.0 1.0
0.2558865547180176 -0.49264809489250183 -0.831757128238678 -1.1861968040466309 0.4214692711830139 -0.7174689769744873 0.5546187162399292 1.2421497106552124 -0.8699917793273926 -0.492479532957077 0.02404537983238697 13.167786598205566 0.0 0.0 0.0 1.0
0.05684968829154968 -0.4841468036174774 -0.8731380105018616 -1.2746477127075195 0.4461469352245331 -0.7700543999671936 0.45603635907173157 0.9227340221405029 -0.8931522965431213 -0.4154733717441559 0.1722232699394226 13.447187423706055 0.0 0.0 0.0 1.0
0.026786360889673233 -0.48297417163848877 -0.875224769115448 -1.26327383518219 0.4487461447715759 -0.7765530347824097 0.44225817918777466 0.9851182103157043 -0.893257737159729 -0.40460023283958435 0.19593176245689392 13.510525703430176 0.0 0.0 0.0 1.0
-0.0016155954217538238 -0.4815504848957062 -0.8764168620109558 -1.2767629623413086 0.449859619140625 -0.7830780148506165 0.4294358491897583 1.0376664400100708 -0.8930978178977966 -0.39357075095176697 0.2178952544927597 13.593722343444824 0.0 0.0 0.0 1.0
-0.0456431619822979 -0.48037421703338623 -0.8758751749992371 -1.2750385999679565 0.4508398473262787 -0.7923232913017273 0.4110562205314636 1.058732509613037 -0.8914371132850647 -0.3761175274848938 0.25273597240448 13.753891944885254 0.0 0.0 0.0 1.0
-0.07475300133228302 -0.4771239757537842 -0.8756510019302368 -1.2508680820465088 0.44923076033592224 -0.8000704050064087 0.3975915312767029 1.0159549713134766 -0.890282928943634 -0.3636482357978821 0.2741464376449585 13.904336929321289 0.0 0.0 0.0 1.0
-0.26412448287010193 -0.4570387601852417 -0.8493254780769348 -1.1752488613128662 0.42393311858177185 -0.8459843993186951 0.32340550422668457 1.6070808172225952 -0.8663249611854553 -0.2746378779411316 0.4171990752220154 13.822050094604492 0.0 0.0 0.0 1.0
-0.29003769159317017 -0.45302614569664 -0.8429979085922241 -1.2158417701721191 0.4193847179412842 -0.8519435524940491 0.31354209780693054 1.7134989500045776 -0.8602293729782104 -0.26260143518447876 0.4370879828929901 13.754185676574707 0.0 0.0 0.0 1.0
-0.3140993118286133 -0.450346976518631 -0.8357806205749512 -1.2870292663574219 0.41654476523399353 -0.856447696685791 0.3049390912055969 1.7718594074249268 -0.8531307578086853 -0.25235888361930847 0.45659929513931274 13.744738578796387 0.0 0.0 0.0 1.0
-0.3452867865562439 -0.44238635897636414 -0.8276903629302979 -1.419965386390686 0.4125392436981201 -0.8637017607688904 0.289535254240036 1.7334065437316895 -0.8429640531539917 -0.24148204922676086 0.48072654008865356 13.947986602783203 0.0 0.0 0.0 1.0
-0.36845266819000244 -0.43940073251724243 -0.8192494511604309 -1.437518835067749 0.4122975766658783 -0.8670762181282043 0.27962395548820496 1.6987375020980835 -0.8332186341285706 -0.23474636673927307 0.5006403923034668 14.026766777038574 0.0 0.0 0.0 1.0
-0.549972653388977 -0.40344521403312683 -0.7312742471694946 -1.1007041931152344 0.3913278579711914 -0.8980044722557068 0.20112290978431702 1.9132989645004272 -0.7378296256065369 -0.17555588483810425 0.6517572999000549 14.646994590759277 0.0 0.0 0.0 1.0
-0.5733643174171448 -0.39630141854286194 -0.7170763611793518 -1.0565648078918457 0.38345274329185486 -0.903256356716156 0.19259269535541534 1.916064739227295 -0.7240285873413086 -0.1645391285419464 0.6698578000068665 14.72813606262207 0.0 0.0 0.0 1.0
-0.6058955192565918 -0.38418659567832947 -0.6966285109519958 -1.0128825902938843 0.3687126338481903 -0.9115472435951233 0.18202368915081024 1.930037260055542 -0.7049408555030823 -0.1465683877468109 0.6939568519592285 14.798299789428711 0.0 0.0 0.0 1.0
-0.6269757151603699 -0.37530404329299927 -0.6826773285865784 -0.9721190929412842 0.35744139552116394 -0.9172093272209167 0.17596207559108734 1.9674478769302368 -0.6921972632408142 -0.1336931735277176 0.7092171907424927 14.805346488952637 0.0 0.0 0.0 1.0
-0.647426962852478 -0.3660849332809448 -0.6684460639953613 -0.9454198479652405 0.3456015884876251 -0.9227398633956909 0.17061863839626312 2.028062343597412 -0.6792627573013306 -0.1205529123544693 0.7239261865615845 14.7722749710083 0.0 0.0 0.0 1.0
-0.7790937423706055 -0.2983953654766083 -0.5513375401496887 -0.7010904550552368 0.27450111508369446 -0.953041672706604 0.1279090940952301 2.0305821895599365 -0.5636151432991028 -0.051689598709344864 0.8244186639785767 14.337163925170898 0.0 0.0 0.0 1.0
-0.796177327632904 -0.2888276278972626 -0.5316768288612366 -0.6559567451477051 0.2658601403236389 -0.9563371539115906 0.12139853835105896 2.0021955966949463 -0.5435255765914917 -0.044696908444166183 0.8382017016410828 14.314390182495117 0.0 0.0 0.0 1.0
-0.8207313418388367 -0.2755007743835449 -0.5004991292953491 -0.5708808302879333 0.25430044531822205 -0.9606438279151917 0.11177995055913925 1.9894479513168335 -0.5115968585014343 -0.035535842180252075 0.8584904670715332 14.282172203063965 0.0 0.0 0.0 1.0
-0.836532473564148 -0.26691296696662903 -0.4785090386867523 -0.5037113428115845 0.24675537645816803 -0.963270366191864 0.10593415796756744 2.0140316486358643 -0.48920875787734985 -0.029457315802574158 0.8716691136360168 14.250524520874023 0.0 0.0 0.0 1.0
-0.8512002825737 -0.2582888901233673 -0.4568861126899719 -0.4588138163089752 0.23881474137306213 -0.9657918214797974 0.10106261819601059 2.0665760040283203 -0.4673602283000946 -0.023086611181497574 0.883765459060669 14.216492652893066 0.0 0.0 0.0 1.0
-0.9321715235710144 -0.17975525557994843 -0.3142361044883728 -0.2598467767238617 0.16119012236595154 -0.983314037322998 0.08432835340499878 2.292482614517212 -0.32415124773979187 0.027956727892160416 0.9455921053886414 14.173884391784668 0.0 0.0 0.0 1.0
-0.9433599710464478 -0.16058777272701263 -0.2903161942958832 -0.27035871148109436 0.14183790981769562 -0.9862631559371948 0.08465798199176788 2.3663618564605713 -0.29992321133613586 0.038685109466314316 0.9531786441802979 14.076491355895996 0.0 0.0 0.0 1.0
-0.9493955373764038 -0.14823733270168304 -0.27690041065216064 -0.32745540142059326 0.12954048812389374 -0.9879462718963623 0.0847429558634758 2.425539970397949 -0.2861248254776001 0.044584762305021286 0.9571545124053955 13.995884895324707 0.0 0.0 0.0 1.0
-0.9544928669929504 -0.1366836577653885 -0.2650679051876068 -0.418102890253067 0.11811237782239914 -0.9893678426742554 0.0848575159907341 2.4842560291290283 -0.273848295211792 0.04968808963894844 0.960488498210907 13.905207633972168 0.0 0.0 0.0 1.0
-0.9605429172515869 -0.11990510672330856 -0.25095823407173157 -0.6095386743545532 0.10178343951702118 -0.9912510514259338 0.08403270691633224 2.520176887512207 -0.25883856415748596 0.05517362803220749 0.9643435478210449 13.797775268554688 0.0 0.0 0.0 1.0
-0.9748333096504211 -0.07990586757659912 -0.2081226110458374 -1.3803396224975586 0.06654098629951477 -0.9952930808067322 0.07045549899339676 2.275705099105835 -0.21277280151844025 0.05483368784189224 0.9755619168281555 13.899171829223633 0.0 0.0 0.0 1.0
-0.9760614037513733 -0.07923110574483871 -0.2025502473115921 -1.4073340892791748 0.0667584240436554 -0.9954699873924255 0.06769616156816483 2.269400119781494 -0.20699633657932281 0.052553676068782806 0.9769291877746582 13.963194847106934 0.0 0.0 0.0 1.0
-0.9771806001663208 -0.079678975045681 -0.1968994289636612 -1.4110239744186401 0.0681593120098114 -0.9955797791481018 0.06461583822965622 2.2579028606414795 -0.20117761194705963 0.04972080886363983 0.9782921075820923 14.038111686706543 0.0 0.0 0.0 1.0
-0.9785307049751282 -0.08107158541679382 -0.18948639929294586 -1.394565463066101 0.07081280648708344 -0.9956648349761963 0.06030841916799545 2.239590883255005 -0.19355423748493195 0.04559557884931564 0.9800294637680054 14.141657829284668 0.0 0.0 0.0 1.0
-0.9792662262916565 -0.08233056962490082 -0.18509270250797272 -1.3798174858093262 0.07284757494926453 -0.9956856369972229 0.057474952191114426 2.2263879776000977 -0.1890260875225067 0.042799726128578186 0.9810389280319214 14.198939323425293 0.0 0.0 0.0 1.0
-0.9815083146095276 -0.09404823184013367 -0.16672229766845703 -1.2353310585021973 0.08787134289741516 -0.9951568245887756 0.04406300187110901 2.112307548522949 -0.17005887627601624 0.02859809249639511 0.9850188493728638 14.460894584655762 0.0 0.0 0.0 1.0
-0.9815146923065186 -0.09520316123962402 -0.16602779924869537 -1.2129623889923096 0.08917892724275589 -0.995070219039917 0.04338671639561653 2.0953288078308105 -0.1693398654460907 0.027778521180152893 0.9851661324501038 14.456572532653809 0.0 0.0 0.0 1.0