-0.8854825496673584 0.2974340319633484 0.3570064306259155 1.5608654022216797 -0.2649983763694763 -0.954348087310791 0.13782432675361633 0.9337625503540039 0.3817020654678345 0.027434909716248512 0.9238781332969666 10.572826385498047 0.0 0.0 0.0 1.0
-0.8850238919258118 0.2982575595378876 0.3574565351009369 1.5420444011688232 -0.2658958435058594 -0.954106867313385 0.13776616752147675 0.9205722808837891 0.3821415305137634 0.02688014507293701 0.9237127900123596 10.577423095703125 0.0 0.0 0.0 1.0
-0.8838813900947571 0.3010651767253876 0.35792940855026245 1.4615999460220337 -0.2689434289932251 -0.9532643556594849 0.1376824676990509 0.8777191042900085 0.38265272974967957 0.025432202965021133 0.9235421419143677 10.587489128112793 0.0 0.0 0.0 1.0
-0.8811739683151245 0.30587050318717957 0.36052143573760986 1.2841092348098755 -0.2733590304851532 -0.9517644047737122 0.1393532007932663 0.8089655041694641 0.3857555091381073 0.024242626503109932 0.9222824573516846 10.64627742767334 0.0 0.0 0.0 1.0
-0.8764326572418213 0.31456291675567627 0.36457642912864685 1.124643087387085 -0.28203853964805603 -0.949013352394104 0.14081168174743652 0.7867975234985352 0.3902820348739624 0.02058734931051731 0.9204651713371277 10.715499877929688 0.0 0.0 0.0 1.0
-0.8700548410415649 0.32534676790237427 0.37034323811531067 0.9886338114738464 -0.2923932671546936 -0.9454473257064819 0.14365065097808838 0.7597273588180542 0.3968762755393982 0.0166980791836977 0.9177201986312866 10.724245071411133 0.0 0.0 0.0 1.0
-0.8596107363700867 0.34203675389289856 0.37957900762557983 0.9281570315361023 -0.3075367510318756 -0.9396048784255981 0.15021248161792755 0.7334202527999878 0.40803247690200806 0.01238975953310728 0.9128833413124084 10.69278335571289 0.0 0.0 0.0 1.0
-0.8417537212371826 0.36492255330085754 0.3978469669818878 1.041953444480896 -0.3266769051551819 -0.9310110807418823 0.16278983652591705 0.7170805931091309 0.4298056364059448 0.007061527576297522 0.9028938412666321 10.614786148071289 0.0 0.0 0.0 1.0
-0.8148563504219055 0.3897313177585602 0.4290905296802521 1.3276516199111938 -0.3457726240158081 -0.9209267497062683 0.17981980741024017 0.5606374740600586 0.4652423560619354 -0.0018404497532173991 0.8851814270019531 10.47264289855957 0.0 0.0 0.0 1.0
-0.7844160199165344 0.4128527343273163 0.46286508440971375 1.5790342092514038 -0.3615253269672394 -0.9107346534729004 0.19965432584285736 0.4074205756187439 0.5039750933647156 -0.010725407861173153 0.8636515736579895 10.28011703491211 0.0 0.0 0.0 1.0
-0.753865122795105 0.44108298420906067 0.4869631826877594 1.6878798007965088 -0.3853190243244171 -0.8971254229545593 0.21609064936637878 0.33757370710372925 0.5321809649467468 -0.024732977151870728 0.8462693095207214 10.271984100341797 0.0 0.0 0.0 1.0
-0.7286521792411804 0.47319909930229187 0.49512484669685364 1.6647626161575317 -0.41332027316093445 -0.8802657723426819 0.23302052915096283 0.38190916180610657 0.5461065769195557 -0.0348542146384716 0.8369903564453125 10.245319366455078 0.0 0.0 0.0 1.0
-0.7130892872810364 0.4978695809841156 0.49358850717544556 1.6647181510925293 -0.4294149875640869 -0.8666996955871582 0.2538393437862396 0.5341079831123352 0.5541718602180481 -0.03094419278204441 0.8318268656730652 10.213753700256348 0.0 0.0 0.0 1.0
-0.6976953148841858 0.5159924030303955 0.49696388840675354 1.7400684356689453 -0.43670937418937683 -0.8562422394752502 0.2759242355823517 0.6645233631134033 0.5678962469100952 -0.024517757818102837 0.8227348923683167 10.108874320983887 0.0 0.0 0.0 1.0
-0.6756722331047058 0.5336127281188965 0.5086496472358704 1.8791314363479614 -0.4436750113964081 -0.8453691601753235 0.2974953055381775 0.6713358163833618 0.5887439846992493 -0.024665817618370056 0.8079431653022766 9.9886474609375 0.0 0.0 0.0 1.0
-0.6594650745391846 0.5446784496307373 0.5181034803390503 1.9133371114730835 -0.4487580955028534 -0.8381744027137756 0.3099674880504608 0.6011136174201965 0.603093683719635 -0.02809041179716587 0.7971755862236023 9.898126602172852 0.0 0.0 0.0 1.0
-0.6494784951210022 0.553317666053772 0.5215527415275574 1.8367125988006592 -0.45411258935928345 -0.8324094414710999 0.3176102936267853 0.5731274485588074 0.6098847985267639 -0.03056260198354721 0.7919005155563354 9.88772201538086 0.0 0.0 0.0 1.0
-0.6333383321762085 0.5677812099456787 0.5258393287658691 1.7088122367858887 -0.4665558338165283 -0.8222587704658508 0.32590824365615845 0.6037700176239014 0.6174206137657166 -0.0389232262969017 0.7856696248054504 9.981311798095703 0.0 0.0 0.0 1.0
-0.622566282749176 0.5775033235549927 0.528110921382904 1.6296950578689575 -0.4689011871814728 -0.815570592880249 0.3390814960002899 0.6434712409973145 0.6265324354171753 -0.036531124264001846 0.7785387635231018 9.928829193115234 0.0 0.0 0.0 1.0
-0.6168392896652222 0.582744836807251 0.5290725231170654 1.5976659059524536 -0.46638384461402893 -0.8120858669281006 0.3507173955440521 0.6019995212554932 0.6340310573577881 -0.030414599925279617 0.7727092504501343 9.83102798461914 0.0 0.0 0.0 1.0
-0.6082719564437866 0.5922588109970093 0.5284266471862793 1.5852829217910767 -0.46961238980293274 -0.8052617311477661 0.36196374893188477 0.494196355342865 0.6398980021476746 -0.02798331156373024 0.767950177192688 9.874038696289062 0.0 0.0 0.0 1.0
-0.6047878265380859 0.5995891690254211 0.5241417288780212 1.565699577331543 -0.47220826148986816 -0.7999604344367981 0.3702467679977417 0.4874935746192932 0.6412885785102844 -0.0235833078622818 0.766937255859375 9.982913970947266 0.0 0.0 0.0 1.0
-0.6024954915046692 0.6041141152381897 0.5215796828269958 1.5578088760375977 -0.47068849205970764 -0.7967141270637512 0.37907639145851135 0.5669065713882446 0.6445552706718445 -0.01710974983870983 0.7643662095069885 9.90375804901123 0.0 0.0 0.0 1.0
-0.6005290746688843 0.6099467277526855 0.5170394778251648 1.5061167478561401 -0.47124308347702026 -0.792366087436676 0.3874092698097229 0.5874224901199341 0.6459835767745972 -0.011000762693583965 0.7632720470428467 9.912345886230469 0.0 0.0 0.0 1.0
-0.5934087634086609 0.6196920275688171 0.5136612057685852 1.3708122968673706 -0.47739824652671814 -0.7847724556922913 0.3952506482601166 0.4497098922729492 0.6480408310890198 -0.010675792582333088 0.7615307569503784 9.898492813110352 0.0 0.0 0.0 1.0
-0.5787245631217957 0.6312475204467773 0.516337513923645 1.2098686695098877 -0.48939672112464905 -0.7752801775932312 0.39928874373435974 0.26624032855033875 0.6523562669754028 -0.02161569520831108 0.7576041221618652 9.682236671447754 0.0 0.0 0.0 1.0
-0.5687043070793152 0.6429147124290466 0.5130653381347656 1.005379319190979 -0.4988124370574951 -0.7655356526374817 0.40637579560279846 0.3888011574745178 0.6540347933769226 -0.024815712124109268 0.7560573220252991 9.687699317932129 0.0 0.0 0.0 1.0
-0.5482699871063232 0.6589629650115967 0.5149444937705994 1.0496920347213745 -0.5152007937431335 -0.7511622309684753 0.4127025604248047 0.5559070110321045 0.6587625741958618 -0.039027389138936996 0.7513379454612732 9.80114459991455 0.0 0.0 0.0 1.0
-0.511161208152771 0.6797080039978027 0.5260335206985474 1.3195515871047974 -0.5287757515907288 -0.731197714805603 0.43098270893096924 0.6288784742355347 0.6775768995285034 -0.0578521192073822 0.7331730127334595 9.914227485656738 0.0 0.0 0.0 1.0
-0.48532721400260925 0.6924158334732056 0.5338705778121948 1.4711953401565552 -0.5347865223884583 -0.7181524038314819 0.4452645480632782 0.6825541853904724 0.6917086839675903 -0.06940776109695435 0.7188335657119751 9.954290390014648 0.0 0.0 0.0 1.0
-0.47648677229881287 0.6962117552757263 0.5368887782096863 1.484341025352478 -0.534383237361908 -0.7142614126205444 0.45195701718330383 0.7613285779953003 0.6981367468833923 -0.07155284285545349 0.712380051612854 10.053287506103516 0.0 0.0 0.0 1.0
-0.4634508490562439 0.7006856203079224 0.5424509048461914 1.371681571006775 -0.5349669456481934 -0.7092564702033997 0.4590921401977539 0.7903728485107422 0.7064160704612732 -0.07742665708065033 0.7035491466522217 10.119462013244629 0.0 0.0 0.0 1.0
-0.44090157747268677 0.710699737071991 0.5481894612312317 1.3386636972427368 -0.544161856174469 -0.6973678469657898 0.46643969416618347 0.7337997555732727 0.7137882709503174 -0.09264976531267166 0.6942062377929688 10.117298126220703 0.0 0.0 0.0 1.0
-0.41456741094589233 0.7206557989120483 0.5556879639625549 1.3679590225219727 -0.5554243326187134 -0.6840819716453552 0.4727955758571625 0.4568832516670227 0.7208589315414429 -0.1126369833946228 0.683867871761322 10.070965766906738 0.0 0.0 0.0 1.0
-0.3899743854999542 0.7284449934959412 0.5632831454277039 1.3110378980636597 -0.5610719323158264 -0.6730202436447144 0.4819149076938629 0.21257703006267548 0.7301494479179382 -0.12810789048671722 0.671170711517334 10.12192440032959 0.0 0.0 0.0 1.0
-0.3684626817703247 0.7368025779724121 0.5668837428092957 1.1350888013839722 -0.5714731812477112 -0.6604830622673035 0.4870118200778961 0.14279137551784515 0.7332487106323242 -0.14451320469379425 0.6644262671470642 10.248815536499023 0.0 0.0 0.0 1.0
-0.3534356951713562 0.740886390209198 0.5711134672164917 0.9320911765098572 -0.5728434920310974 -0.6540738344192505 0.4940018057823181 0.2822839915752411 0.7395495772361755 -0.1525607407093048 0.655584990978241 10.354387283325195 0.0 0.0 0.0 1.0
-0.33574509620666504 0.7439810633659363 0.5777260661125183 0.8613508939743042 -0.5718054175376892 -0.6483690738677979 0.5026490688323975 0.3971382975578308 0.7485411167144775 -0.16158492863178253 0.6430991291999817 10.4850435256958 0.0 0.0 0.0 1.0
-0.31260865926742554 0.7504987716674805 0.5822605490684509 0.9347312450408936 -0.5718186497688293 -0.6381547451019287 0.5155404806137085 0.44322970509529114 0.7584848403930664 -0.17178501188755035 0.6286419034004211 10.414763450622559 0.0 0.0 0.0 1.0
-0.2817997336387634 0.7574410438537598 0.5889583826065063 1.2074965238571167 -0.5689871311187744 -0.6261770725250244 0.533062756061554 0.3725716173648834 0.7725558280944824 -0.18489283323287964 0.6074307560920715 10.222105979919434 0.0 0.0 0.0 1.0
-0.248230442404747 0.7670980095863342 0.5915591716766357 1.4150961637496948 -0.5741869807243347 -0.6083468198776245 0.5479265451431274 0.2901352643966675 0.7801865339279175 -0.2036535143852234 0.5914678573608398 10.040779113769531 0.0 0.0 0.0 1.0
-0.2106287181377411 0.7779746651649475 0.591938316822052 1.5360418558120728 -0.5823202729225159 -0.5862182974815369 0.5632505416870117 0.32095977663993835 0.7851997017860413 -0.22606094181537628 0.5765048265457153 9.867626190185547 0.0 0.0 0.0 1.0
-0.18703028559684753 0.7847434282302856 0.5909292697906494 1.5813044309616089 -0.5812005400657654 -0.5733612775802612 0.577462375164032 0.3362185060977936 0.791975736618042 -0.23544545471668243 0.56332927942276 9.78067398071289 0.0 0.0 0.0 1.0
-0.18139272928237915 0.7864728569984436 0.5903872847557068 1.5084102153778076 -0.5783500075340271 -0.5708653330802917 0.5827727317810059 0.23449212312698364 0.7953665256500244 -0.23573973774909973 0.5584074258804321 9.906064987182617 0.0 0.0 0.0 1.0
-0.17543044686317444 0.7883144021034241 0.5897325873374939 1.348369836807251 -0.5756387114524841 -0.5680891871452332 0.5881451368331909 0.2833162248134613 0.7986640334129333 -0.23629434406757355 0.5534444451332092 9.89335823059082 0.0 0.0 0.0 1.0
-0.15965892374515533 0.7911247611045837 0.5904495120048523 1.1952017545700073 -0.5698044896125793 -0.5622791647911072 0.5993037819862366 0.342719703912735 0.8061215281486511 -0.2407565861940384 0.5405592918395996 9.934111595153809 0.0 0.0 0.0 1.0
-0.13512146472930908 0.7938929200172424 0.5928543210029602 1.2228763103485107 -0.5639496445655823 -0.5535897016525269 0.6127799153327942 0.33546608686447144 0.8146796822547913 -0.25154027342796326 0.5225175023078918 9.87732219696045 0.0 0.0 0.0 1.0
-0.11632732301950455 0.7963569760322571 0.5935347676277161 1.2435696125030518 -0.5592555403709412 -0.5463711023330688 0.6234676241874695 0.3327002227306366 0.8207930326461792 -0.2594112753868103 0.5089249014854431 9.803871154785156 0.0 0.0 0.0 1.0
-0.1050616204738617 0.7974841594696045 0.5941221117973328 1.2695735692977905 -0.5604620575904846 -0.5409946441650391 0.6270622611045837 0.24754931032657623 0.8214890956878662 -0.2671027183532715 0.5037973523139954 9.711592674255371 0.0 0.0 0.0 1.0
-0.08528909832239151 0.7984219193458557 0.5960270166397095 1.4050244092941284 -0.5591959357261658 -0.5334656834602356 0.634597659111023 0.11081593483686447 0.824636697769165 -0.2791716456413269 0.4919731020927429 9.484949111938477 0.0 0.0 0.0 1.0
-0.07335009425878525 0.8003391623497009 0.5950436592102051 1.4014099836349487 -0.5631977319717407 -0.5256473422050476 0.6375760436058044 -0.05131477490067482 0.8230602145195007 -0.28836095333099365 0.4893054664134979 9.504240989685059 0.0 0.0 0.0 1.0
-0.05395932123064995 0.8006680011749268 0.5966733694076538 1.1768736839294434 -0.5657005906105042 -0.5169140100479126 0.6424816846847534 -0.08221752196550369 0.8228433728218079 -0.30287063121795654 0.48083072900772095 9.487247467041016 0.0 0.0 0.0 1.0
-0.027709059417247772 0.802492618560791 0.5960182547569275 1.0632020235061646 -0.571714460849762 -0.5018239617347717 0.6490880846977234 -0.037384260445833206 0.8199846148490906 -0.32276663184165955 0.4727017283439636 9.648592948913574 0.0 0.0 0.0 1.0
-0.0010557904606685042 0.803695023059845 0.595040500164032 1.0767613649368286 -0.5716281533241272 -0.4887235462665558 0.6590831279754639 0.020266367122530937 0.8205121159553528 -0.3394460380077362 0.4599306881427765 9.699629783630371 0.0 0.0 0.0 1.0
0.0439818911254406 0.8023090958595276 0.5952861905097961 1.3204330205917358 -0.5670775771141052 -0.4705162048339844 0.6760455369949341 -0.010442747734487057 0.8224892616271973 -0.36730721592903137 0.4342772960662842 9.799209594726562 0.0 0.0 0.0 1.0
0.08390176296234131 0.8002921342849731 0.5937111973762512 1.5403804779052734 -0.5672925114631653 -0.4514734745025635 0.6887313723564148 -0.017190834507346153 0.8192311525344849 -0.3945936858654022 0.416120320558548 9.855770111083984 0.0 0.0 0.0 1.0
0.1133931428194046 0.798834502696991 0.5907667875289917 1.666374921798706 -0.5713140964508057 -0.43404093384742737 0.6965692639350891 0.13059623539447784 0.8128604888916016 -0.4164995551109314 0.4071681499481201 9.886480331420898 0.0 0.0 0.0 1.0
0.12797023355960846 0.798320472240448 0.5884794592857361 1.791414499282837 -0.5758373141288757 -0.42329317331314087 0.699452817440033 0.2666105628013611 0.8074868321418762 -0.42837759852409363 0.4055337905883789 10.148384094238281 0.0 0.0 0.0 1.0
0.13713902235031128 0.7982863783836365 0.5864568948745728 1.8322116136550903 -0.5703997015953064 -0.4203961193561554 0.7056282758712769 0.2384016215801239 0.8098376393318176 -0.4312840402126312 0.3976896405220032 10.07043743133545 0.0 0.0 0.0 1.0
0.1471242606639862 0.7984456419944763 0.5838142037391663 1.9155722856521606 -0.5597682595252991 -0.41941311955451965 0.7146692872047424 0.1487421840429306 0.8154838681221008 -0.4319458305835724 0.3852386772632599 9.957806587219238 0.0 0.0 0.0 1.0
0.16572053730487823 0.799594521522522 0.5772220492362976 1.8279083967208862 -0.5455115437507629 -0.41328492760658264 0.729117751121521 0.23293446004390717 0.8215557336807251 -0.4357110559940338 0.3676982820034027 9.903322219848633 0.0 0.0 0.0 1.0
0.19927272200584412 0.7980607151985168 0.5686734914779663 1.7229318618774414 -0.5305315852165222 -0.4000498652458191 0.747326135635376 0.21583977341651917 0.823909342288971 -0.45062097907066345 0.3436774015426636 9.992876052856445 0.0 0.0 0.0 1.0
0.24298520386219025 0.7919114232063293 0.5602092742919922 1.7894363403320312 -0.5150178670883179 -0.3840780258178711 0.766316294670105 0.0918552428483963 0.8220187425613403 -0.4747213125228882 0.31452327966690063 9.878676414489746 0.0 0.0 0.0 1.0
0.2762315571308136 0.78667151927948 0.5521268248558044 1.759885311126709 -0.5085862874984741 -0.3678054213523865 0.7784979939460754 0.11995942145586014 0.8154974579811096 -0.4958498477935791 0.29849088191986084 9.868250846862793 0.0 0.0 0.0 1.0
0.2976365089416504 0.7843985557556152 0.5441795587539673 1.8097470998764038 -0.5021371245384216 -0.3561697006225586 0.7880364656448364 0.25073161721229553 0.8119549751281738 -0.5078011751174927 0.2878665030002594 9.885796546936035 0.0 0.0 0.0 1.0
0.3145610988140106 0.7831557989120483 0.5363938212394714 1.9627102613449097 -0.496705561876297 -0.3457411825656891 0.7960820198059082 0.3536630868911743 0.8089097142219543 -0.516846239566803 0.28024110198020935 9.997003555297852 0.0 0.0 0.0 1.0
0.32461220026016235 0.7859554290771484 0.5262138247489929 1.9736647605895996 -0.49352771043777466 -0.33385762572288513 0.8030999302864075 0.3511485457420349 0.8068812489509583 -0.5203971266746521 0.2795165181159973 9.992146492004395 0.0 0.0 0.0 1.0
0.3446866273880005 0.7831578254699707 0.5175470113754272 1.951263189315796 -0.4887050986289978 -0.3210163712501526 0.8112433552742004 0.19563508033752441 0.8014726638793945 -0.5325525999069214 0.2720831632614136 9.844744682312012 0.0 0.0 0.0 1.0
0.3653172254562378 0.7814019918441772 0.5059192180633545 1.8087376356124878 -0.4819023013114929 -0.3062393367290497 0.8209674954414368 0.25198885798454285 0.7964380383491516 -0.5437172055244446 0.26468491554260254 9.71538257598877 0.0 0.0 0.0 1.0
0.3967949151992798 0.7718072533607483 0.49685749411582947 1.6005891561508179 -0.4769968092441559 -0.2890903651714325 0.8300004601478577 0.22953090071678162 0.7842370867729187 -0.566339373588562 0.2534400224685669 9.75677490234375 0.0 0.0 0.0 1.0
0.4338744282722473 0.7568693161010742 0.4887758493423462 1.520540475845337 -0.470207542181015 -0.27254030108451843 0.8394204378128052 0.11547145247459412 0.7685427069664001 -0.5940291285514832 0.23763738572597504 9.795466423034668 0.0 0.0 0.0 1.0
0.45290690660476685 0.7494162917137146 0.48296022415161133 1.369497299194336 -0.4733330309391022 -0.25694093108177185 0.8425776958465576 0.1792304813861847 0.7555336952209473 -0.6102102994918823 0.2383531630039215 9.948232650756836 0.0 0.0 0.0 1.0
0.4602244794368744 0.7485096454620361 0.4774167537689209 1.2085893154144287 -0.4694856107234955 -0.25121819972991943 0.8464471101760864 0.4038101136684418 0.7535095810890198 -0.6136959791183472 0.2357977330684662 9.971592903137207 0.0 0.0 0.0 1.0
0.46352970600128174 0.7504390478134155 0.4711490869522095 1.1794137954711914 -0.4682433307170868 -0.24396370351314545 0.8492525815963745 0.6001034379005432 0.7522555589675903 -0.6142662167549133 0.23830364644527435 10.055058479309082 0.0 0.0 0.0 1.0
0.4696904420852661 0.7492824792861938 0.4668689966201782 1.0768792629241943 -0.4625188708305359 -0.24159815907478333 0.8530572056770325 0.5301447510719299 0.7519755363464355 -0.6166085600852966 0.23308095335960388 9.91962718963623 0.0 0.0 0.0 1.0
0.47961297631263733 0.7450941205024719 0.4634718596935272 0.8497812747955322 -0.45858898758888245 -0.23747338354587555 0.8563308715820312 0.3669346868991852 0.7481092810630798 -0.6232504844665527 0.22779662907123566 9.907492637634277 0.0 0.0 0.0 1.0
0.5001453161239624 0.7330722808837891 0.4609335660934448 0.5392309427261353 -0.45896703004837036 -0.2269625961780548 0.8589745163917542 0.27399370074272156 0.7343050837516785 -0.6411653757095337 0.22294172644615173 9.978459358215332 0.0 0.0 0.0 1.0
0.5228246450424194 0.7211346626281738 0.4545538127422333 0.42605963349342346 -0.45257270336151123 -0.21706096827983856 0.8649060726165771 0.26386791467666626 0.7223796248435974 -0.6579128503799438 0.21288104355335236 10.142450332641602 0.0 0.0 0.0 1.0
0.5439033508300781 0.7114073634147644 0.44504913687705994 0.5145027041435242 -0.4425923824310303 -0.20738950371742249 0.8724113702774048 0.4129195511341095 0.7129383683204651 -0.6714828014373779 0.2020636349916458 10.231236457824707 0.0 0.0 0.0 1.0
0.552691638469696 0.7071780562400818 0.4409434497356415 0.4958471655845642 -0.43583396077156067 -0.20571088790893555 0.8762030601501465 0.5359752774238586 0.7103384733200073 -0.6764482259750366 0.19451753795146942 10.38476276397705 0.0 0.0 0.0 1.0
0.5557326078414917 0.7053018808364868 0.4401255249977112 0.5154493451118469 -0.43153706192970276 -0.20777134597301483 0.877842128276825 0.38852575421333313 0.7105892300605774 -0.6777759790420532 0.18889859318733215 10.43226146697998 0.0 0.0 0.0 1.0
0.5694568753242493 0.6996050477027893 0.4315919280052185 0.5947167277336121 -0.4185049533843994 -0.20515333116054535 0.8847404718399048 0.31548309326171875 0.7075114250183105 -0.6844449043273926 0.17596220970153809 10.230271339416504 0.0 0.0 0.0 1.0
0.606181800365448 0.6750772595405579 0.4204930067062378 0.6454890966415405 -0.4082413911819458 -0.1896306574344635 0.8929609060287476 0.28419020771980286 0.6825559735298157 -0.7129592895507812 0.1606438159942627 10.149422645568848 0.0 0.0 0.0 1.0
0.6407528519630432 0.652462363243103 0.404634028673172 0.600182831287384 -0.3931884765625 -0.17380313575267792 0.9028816819190979 0.16366052627563477 0.6594229340553284 -0.7376214265823364 0.14517582952976227 9.952604293823242 0.0 0.0 0.0 1.0
0.6610279679298401 0.644131600856781 0.3848850727081299 0.6741140484809875 -0.37669816613197327 -0.15874223411083221 0.9126332402229309 0.11149761825799942 0.6489534378051758 -0.748261570930481 0.13771015405654907 9.769061088562012 0.0 0.0 0.0 1.0
0.6734278798103333 0.6397744417190552 0.37038296461105347 0.7501100897789001 -0.3672671318054199 -0.14527463912963867 0.9187002182006836 -0.0390004925429821 0.6415681838989258 -0.7547078728675842 0.13713614642620087 9.652527809143066 0.0 0.0 0.0 1.0
0.6773303151130676 0.640285849571228 0.3622950315475464 0.7617818117141724 -0.36500683426856995 -0.13509336113929749 0.921151340007782 -0.028935279697179794 0.6387438178062439 -0.7561638951301575 0.1422058641910553 9.642325401306152 0.0 0.0 0.0 1.0
0.6794419288635254 0.6402925848960876 0.35830727219581604 0.7958946824073792 -0.3600461483001709 -0.13455091416835785 0.9231808185577393 -0.155308797955513 0.6393163800239563 -0.7562549114227295 0.1391153484582901 9.853941917419434 0.0 0.0 0.0 1.0
0.6821507811546326 0.6391843557357788 0.355124831199646 0.6063422560691833 -0.3592284917831421 -0.13006816804409027 0.9241412878036499 -0.049067918211221695 0.6368870735168457 -0.7579746842384338 0.14088711142539978 10.012995719909668 0.0 0.0 0.0 1.0
0.6944946050643921 0.6280797719955444 0.3509887456893921 0.25989386439323425 -0.3587566316127777 -0.12056565284729004 0.9256120324134827 0.19926320016384125 0.6236753463745117 -0.7687520384788513 0.14159558713436127 10.250260353088379 0.0 0.0 0.0 1.0
0.7176676988601685 0.6052767634391785 0.344373494386673 -0.040603023022413254 -0.35345566272735596 -0.10948213189840317 0.929022490978241 0.30873212218284607 0.6000185012817383 -0.7884501814842224 0.13536672294139862 10.197898864746094 0.0 0.0 0.0 1.0
0.755744218826294 0.5681720972061157 0.3256242573261261 -0.026819497346878052 -0.3323214650154114 -0.09571435302495956 0.9382969737052917 0.187343031167984 0.5642810463905334 -0.8173244595527649 0.11648022383451462 10.211444854736328 0.0 0.0 0.0 1.0
0.79453444480896 0.528706967830658 0.29863685369491577 0.16455771028995514 -0.30227911472320557 -0.08215521275997162 0.949672520160675 0.10500483214855194 0.5266330242156982 -0.844819188117981 0.09454192966222763 10.247987747192383 0.0 0.0 0.0 1.0
0.8162727355957031 0.5046001672744751 0.2812071740627289 0.43589895963668823 -0.28462186455726624 -0.07229422777891159 0.9559100270271301 0.24295546114444733 0.5026820302009583 -0.8603209853172302 0.08460844308137894 10.252406120300293 0.0 0.0 0.0 1.0
0.8281682729721069 0.4860639274120331 0.2790684103965759 0.49718567728996277 -0.28049415349960327 -0.07164061814546585 0.9571784734725952 0.12982967495918274 0.4852425754070282 -0.8709818720817566 0.07700760662555695 10.299796104431152 0.0 0.0 0.0 1.0
0.8376603126525879 0.47290125489234924 0.27329400181770325 0.2453983873128891 -0.27515947818756104 -0.06685993820428848 0.9590709209442139 0.17192338407039642 0.4718182384967804 -0.8785750865936279 0.07411734759807587 10.298773765563965 0.0 0.0 0.0 1.0
0.8516061902046204 0.4530872106552124 0.2635883688926697 -0.13293106853961945 -0.26588279008865356 -0.05998991057276726 0.96213698387146 0.2514875531196594 0.45174461603164673 -0.889445424079895 0.06938032060861588 10.440918922424316 0.0 0.0 0.0 1.0
0.8832334280014038 0.40641531348228455 0.23393449187278748 -0.35180017352104187 -0.23247027397155762 -0.05376780405640602 0.9711161851882935 0.11317618936300278 0.4072546362876892 -0.9121050238609314 0.046989962458610535 10.249645233154297 0.0 0.0 0.0 1.0
0.9204576015472412 0.3369638919830322 0.1980230063199997 -0.4502979516983032 -0.19469629228115082 -0.04400560259819031 0.979875922203064 0.051730990409851074 0.3388969302177429 -0.9404886364936829 0.025100329890847206 10.091109275817871 0.0 0.0 0.0 1.0
0.9379414319992065 0.30004358291625977 0.1738956868648529 -0.23643571138381958 -0.17125274240970612 -0.03530052304267883 0.9845945239067078 0.16507074236869812 0.3015598654747009 -0.9532721042633057 0.01827346161007881 10.144491195678711 0.0 0.0 0.0 1.0
0.9398671388626099 0.2973475158214569 0.16803030669689178 0.13080158829689026 -0.16523630917072296 -0.03469941020011902 0.9856433868408203 0.30136358737945557 0.29890915751457214 -0.9541385769844055 0.01651977188885212 10.292731285095215 0.0 0.0 0.0 1.0
0.9408312439918518 0.29652008414268494 0.16404989361763 0.27763831615448 -0.1607481837272644 -0.035659871995449066 0.9863510727882385 0.3519496023654938 0.2983228862285614 -0.9543606638908386 0.014115139842033386 10.313687324523926 0.0 0.0 0.0 1.0
0.9460567235946655 0.28065401315689087 0.16189514100551605 0.27061590552330017 -0.15899521112442017 -0.0332319475710392 0.9867199063301086 0.5207315683364868 0.282306969165802 -0.9592335224151611 0.013183333911001682 10.259726524353027 0.0 0.0 0.0 1.0
0.9580839276313782 0.2423538863658905 0.1527736634016037 0.08227863907814026 -0.1496174931526184 -0.03148823231458664 0.9882424473762512 0.4701990783214569 0.24431496858596802 -0.9696767926216125 0.006092014256864786 10.25226879119873 0.0 0.0 0.0 1.0
0.9698142409324646 0.20440344512462616 0.13296456634998322 -0.06269550323486328 -0.13054119050502777 -0.02535644732415676 0.9911186099052429 0.530961275100708 0.20595955848693848 -0.9785582423210144 0.0020920238457620144 10.316569328308105 0.0 0.0 0.0 1.0
0.9796336889266968 0.16389036178588867 0.11600778996944427 -0.2189745455980301 -0.11398304253816605 -0.02173718810081482 0.9932448863983154 0.5796976089477539 0.16530494391918182 -0.9862390160560608 -0.0026137575041502714 10.348180770874023 0.0 0.0 0.0 1.0
0.9866117835044861 0.14062567055225372 0.0825931653380394 -0.14622311294078827 -0.08066167682409286 -0.019389817491173744 0.9965529441833496 0.5783368945121765 0.14174237847328186 -0.989872932434082 -0.007787120062857866 10.216063499450684 0.0 0.0 0.0 1.0
0.9934578537940979 0.11307017505168915 0.016021406278014183 0.3288494050502777 -0.014186547137796879 -0.0170136708766222 0.9997546076774597 0.5469892024993896 0.11331501603126526 -0.9934413433074951 -0.015298289246857166 10.13431453704834 0.0 0.0 0.0 1.0
0.9963076114654541 0.06434018909931183 -0.05684664100408554 0.8230739831924438 0.05829961225390434 -0.02093355916440487 0.9980795979499817 0.4192284345626831 0.06302662938833237 -0.9977084398269653 -0.02460727095603943 10.034666061401367 0.0 0.0 0.0 1.0
0.9963911175727844 0.00921261589974165 -0.08437936007976532 0.9019131064414978 0.08456471562385559 -0.02203245460987091 0.9961743950843811 0.4679148495197296 0.007318287156522274 -0.9997147917747498 -0.022732004523277283 10.025591850280762 0.0 0.0 0.0 1.0
0.9959482550621033 -0.015425080433487892 -0.08859516680240631 0.8735496401786804 0.08823926746845245 -0.0224001444876194 0.9958474040031433 0.5159757137298584 -0.017345571890473366 -0.9996300935745239 -0.020948287099599838 10.273367881774902 0.0 0.0 0.0 1.0
0.9959455728530884 -0.019644200801849365 -0.08778656274080276 0.7141209840774536 0.08747747540473938 -0.016077795997262 0.9960367679595947 0.5187559127807617 -0.02097775973379612 -0.9996777772903442 -0.014294185675680637 10.436397552490234 0.0 0.0 0.0 1.0
0.9962038397789001 -0.022045789286494255 -0.08421330153942108 0.2972734868526459 0.08404642343521118 -0.008391725830733776 0.996426522731781 0.5772219896316528 -0.022673703730106354 -0.9997217655181885 -0.006507000420242548 10.465182304382324 0.0 0.0 0.0 1.0
0.995602548122406 -0.034674353897571564 -0.08702430874109268 -0.10830560326576233 0.08689074218273163 -0.005343431141227484 0.9962035417556763 0.6542915105819702 -0.035007722675800323 -0.9993844032287598 -0.0023070534225553274 10.439099311828613 0.0 0.0 0.0 1.0
0.9921326637268066 -0.0665813758969307 -0.10601744800806046 -0.2269931584596634 0.1058797687292099 -0.005603229161351919 0.9943631291389465 0.5301548838615417 -0.06680010259151459 -0.9977652430534363 0.0014904735144227743 10.21111011505127 0.0 0.0 0.0 1.0
0.9802142381668091 -0.11515968292951584 -0.16099151968955994 0.07444503158330917 0.16091354191303253 -0.01003476046025753 0.9869174957275391 0.3218083381652832 -0.11526861786842346 -0.9932963252067566 0.008694536983966827 10.0978422164917 0.0 0.0 0.0 1.0
0.9582316279411316 -0.17339707911014557 -0.22743268311023712 0.429012268781662 0.22733087837696075 -0.02071654051542282 0.9735971689224243 0.1209801733493805 -0.17353053390979767 -0.9846341013908386 0.01956726424396038 9.919705390930176 0.0 0.0 0.0 1.0
0.9341773986816406 -0.22385108470916748 -0.27785468101501465 0.5969602465629578 0.27788111567497253 -0.032042425125837326 0.9600809216499329 0.08507952839136124 -0.22381830215454102 -0.9740964770317078 0.03227067366242409 9.823494911193848 0.0 0.0 0.0 1.0
0.922105610370636 -0.24913139641284943 -0.29606544971466064 0.6770450472831726 0.29745757579803467 -0.03294795751571655 0.9541663527488708 0.142665833234787 -0.2474675476551056 -0.9679090976715088 0.04372452199459076 10.084667205810547 0.0 0.0 0.0 1.0
0.9185541272163391 -0.25421497225761414 -0.30270951986312866 0.8901438117027283 0.30558982491493225 -0.02908395789563656 0.9517189860343933 0.24663133919239044 -0.2507452070713043 -0.9667103290557861 0.050970323383808136 10.029386520385742 0.0 0.0 0.0 1.0
0.9178388118743896 -0.2587660253047943 -0.3010184168815613 0.9734204411506653 0.30520355701446533 -0.02485126070678234 0.9519628286361694 0.29678985476493835 -0.2538163363933563 -0.9656202793121338 0.056166861206293106 9.991281509399414 0.0 0.0 0.0 1.0
0.9133201837539673 -0.27738702297210693 -0.2981654703617096 0.8343284726142883 0.30311986804008484 -0.025909485295414925 0.9526001214981079 0.39835843443870544 -0.2719642221927643 -0.9604088664054871 0.06041786074638367 9.930708885192871 0.0 0.0 0.0 1.0
0.8998560905456543 -0.31661170721054077 -0.3000268042087555 0.47371578216552734 0.3058986961841583 -0.03226618096232414 0.9515171647071838 0.5840383768081665 -0.3109421730041504 -0.948006272315979 0.06781618297100067 9.933871269226074 0.0 0.0 0.0 1.0
0.8670961260795593 -0.37702468037605286 -0.3255713880062103 0.3566148281097412 0.3306291103363037 -0.05327080190181732 0.9422561526298523 0.47807776927948 -0.37259724736213684 -0.9246699810028076 0.07846442610025406 9.989874839782715 0.0 0.0 0.0 1.0
0.81572425365448 -0.444864422082901 -0.36971551179885864 0.3710406720638275 0.37429213523864746 -0.08137200772762299 0.9237337112426758 0.3772687017917633 -0.44102075695991516 -0.8918936252593994 0.10013213008642197 9.940455436706543 0.0 0.0 0.0 1.0
0.7400783896446228 -0.5192943215370178 -0.4273375868797302 0.5505872964859009 0.43052300810813904 -0.12233199179172516 0.8942509889602661 0.3888431489467621 -0.5166565179824829 -0.8457944989204407 0.1330328732728958 9.862034797668457 0.0 0.0 0.0 1.0
0.6985422968864441 -0.5544113516807556 -0.4524011015892029 0.8132114410400391 0.4575708508491516 -0.13999255001544952 0.8780837059020996 0.5650683641433716 -0.5501523613929749 -0.82038414478302 0.15589174628257751 9.918461799621582 0.0 0.0 0.0 1.0
0.6748515367507935 -0.577395498752594 -0.45955395698547363 1.1202776432037354 0.46495094895362854 -0.1509070098400116 0.8723804950714111 0.8132872581481934 -0.5730584263801575 -0.8023973703384399 0.16662074625492096 10.012428283691406 0.0 0.0 0.0 1.0
0.660289466381073 -0.5901459455490112 -0.46448415517807007 1.229832649230957 0.4689520597457886 -0.15909436345100403 0.8687766790390015 0.7895321846008301 -0.5866018533706665 -0.7914649248123169 0.1717018336057663 10.082758903503418 0.0 0.0 0.0 1.0
0.647834062576294 -0.6015352606773376 -0.4674038290977478 1.099400520324707 0.471713662147522 -0.1650124192237854 0.8661738634109497 0.8930830359458923 -0.5981615781784058 -0.7816177010536194 0.17685173451900482 10.025350570678711 0.0 0.0 0.0 1.0
0.5970408320426941 -0.6303406953811646 -0.496198445558548 1.116565465927124 0.4979705214500427 -0.19373099505901337 0.8452772498130798 0.822268009185791 -0.6289416551589966 -0.7517572045326233 0.19822576642036438 9.863468170166016 0.0 0.0 0.0 1.0
0.5181810259819031 -0.6655744910240173 -0.537121057510376 1.2363933324813843 0.5384355783462524 -0.23407499492168427 0.8095036149024963 0.6441007256507874 -0.664511501789093 -0.7086744904518127 0.23707573115825653 9.66391372680664 0.0 0.0 0.0 1.0
0.43907344341278076 -0.6975266337394714 -0.566278338432312 1.198871374130249 0.5612148642539978 -0.2792617678642273 0.7791346311569214 0.5028230547904968 -0.7016069889068604 -0.6599011421203613 0.2688458561897278 9.756437301635742 0.0 0.0 0.0 1.0
0.3792039453983307 -0.7144668698310852 -0.5879978537559509 1.2151590585708618 0.5821474194526672 -0.30973005294799805 0.7517790198326111 0.44313597679138184 -0.7192417979240417 -0.6273790001869202 0.29847416281700134 9.787841796875 0.0 0.0 0.0 1.0
0.3376712501049042 -0.726952850818634 -0.5979278087615967 1.4046751260757446 0.5936231017112732 -0.32850968837738037 0.7346380352973938 0.5328670740127563 -0.7304722666740417 -0.6030098795890808 0.3206077218055725 9.861303329467773 0.0 0.0 0.0 1.0
0.31385207176208496 -0.7302296757698059 -0.606845498085022 1.5294238328933716 0.6018401980400085 -0.3413335084915161 0.721997082233429 0.40599972009658813 -0.73436039686203 -0.5918242931365967 0.3323533833026886 9.793530464172363 0.0 0.0 0.0 1.0
0.28143787384033203 -0.7353960871696472 -0.6164295077323914 1.3450617790222168 0.6119595766067505 -0.35725635290145874 0.7056013941764832 0.3816443681716919 -0.7391198873519897 -0.5758129358291626 0.34948721528053284 9.64198112487793 0.0 0.0 0.0 1.0
0.21827533841133118 -0.7479081749916077 -0.6268885135650635 1.133062481880188 0.6076488494873047 -0.3984931707382202 0.6869978904724121 0.42422744631767273 -0.7636221647262573 -0.5308827757835388 0.36748430132865906 9.731122016906738 0.0 0.0 0.0 1.0
0.14430886507034302 -0.7557975053787231 -0.6387057900428772 1.0180697441101074 0.609771192073822 -0.440427303314209 0.6589407324790955 0.3995263874530792 -0.779329240322113 -0.48455536365509033 0.397305965423584 9.736410140991211 0.0 0.0 0.0 1.0
0.07853709161281586 -0.7595100402832031 -0.6457371115684509 1.2796615362167358 0.614940881729126 -0.4729152321815491 0.6310300230979919 0.5529956817626953 -0.7846525311470032 -0.446649432182312 0.42991238832473755 9.925016403198242 0.0 0.0 0.0 1.0
0.037387117743492126 -0.761027455329895 -0.6476414799690247 1.5836894512176514 0.6070362329483032 -0.4975176751613617 0.6196637749671936 0.8416955471038818 -0.7937941551208496 -0.41630926728248596 0.4433704614639282 10.089059829711914 0.0 0.0 0.0 1.0
0.019437097012996674 -0.7603501081466675 -0.6492225527763367 1.8044192790985107 0.6040761470794678 -0.5084933042526245 0.6136176586151123 0.9709898829460144 -0.7966895699501038 -0.4041067957878113 0.44942572712898254 10.217303276062012 0.0 0.0 0.0 1.0
-0.0005163502646610141 -0.7582308053970337 -0.6519860625267029 1.8890153169631958 0.6052538752555847 -0.519239068031311 0.6033726334571838 0.9797399044036865 -0.7960323095321655 -0.394305557012558 0.4591902494430542 10.32469367980957 0.0 0.0 0.0 1.0
-0.017339905723929405 -0.756179928779602 -0.6541339159011841 1.5607770681381226 0.5999749302864075 -0.5312231779098511 0.5981906056404114 1.0998244285583496 -0.7998308539390564 -0.3820914030075073 0.4629003703594208 10.449732780456543 0.0 0.0 0.0 1.0
-0.06601323932409286 -0.7517566084861755 -0.6561282277107239 1.505118727684021 0.6024404168128967 -0.5542154312133789 0.5743786096572876 1.120741367340088 -0.7954292893409729 -0.3573615849018097 0.4894741177558899 10.614951133728027 0.0 0.0 0.0 1.0
-0.13870108127593994 -0.7441533207893372 -0.6534507274627686 1.736980676651001 0.6065454483032227 -0.5854251980781555 0.5379404425621033 1.099763035774231 -0.7828567028045654 -0.32173463702201843 0.5325619578361511 10.644309997558594 0.0 0.0 0.0 1.0
-0.22136269509792328 -0.7272055745124817 -0.6497465372085571 1.893056869506836 0.5900712013244629 -0.63034588098526 0.5044602155685425 0.9341935515403748 -0.7764113545417786 -0.2717280387878418 0.5686381459236145 10.704303741455078 0.0 0.0 0.0 1.0
-0.29809921979904175 -0.7079416513442993 -0.640277624130249 2.037503719329834 0.5781748294830322 -0.6676400899887085 0.46901023387908936 0.8492249846458435 -0.75950688123703 -0.2303808331489563 0.6083370447158813 10.570801734924316 0.0 0.0 0.0 1.0
-0.34754303097724915 -0.6946771144866943 -0.6297916769981384 2.2209813594818115 0.5737462639808655 -0.6887949109077454 0.44314420223236084 0.9583730101585388 -0.7416394352912903 -0.2073289453983307 0.6379542946815491 10.696877479553223 0.0 0.0 0.0 1.0
-0.3578908443450928 -0.6913448572158813 -0.6276594996452332 2.225754499435425 0.5729221701622009 -0.6933664679527283 0.4370391070842743 1.007146954536438 -0.7373427748680115 -0.2031877487897873 0.6442362666130066 10.847508430480957 0.0 0.0 0.0 1.0
-0.3635295331478119 -0.6881207823753357 -0.6279618144035339 2.1258559226989746 0.5732680559158325 -0.696577787399292 0.43144306540489197 0.8382014036178589 -0.734309196472168 -0.20314814150333405 0.6477042436599731 10.850187301635742 0.0 0.0 0.0 1.0
-0.356472909450531 -0.6887208819389343 -0.6313403248786926 1.8751014471054077 0.5729608535766602 -0.6948994398117065 0.43454647064208984 0.834267795085907 -0.7379992604255676 -0.2068292796611786 0.6423229575157166 10.974552154541016 0.0 0.0 0.0 1.0
-0.3618725538253784 -0.6864137649536133 -0.6307807564735413 1.461791753768921 0.5716925859451294 -0.6978698372840881 0.4314456284046173 1.0051469802856445 -0.7363530993461609 -0.20448435842990875 0.6449576020240784 11.156668663024902 0.0 0.0 0.0 1.0
-0.3863658905029297 -0.6749148368835449 -0.6286584138870239 0.9076976776123047 0.5583795309066772 -0.7136492133140564 0.42298588156700134 0.9207849502563477 -0.7341210246086121 -0.1876026690006256 0.6525883674621582 11.173568725585938 0.0 0.0 0.0 1.0
-0.44078895449638367 -0.6547470092773438 -0.614012598991394 0.7417940497398376 0.5417886972427368 -0.7394612431526184 0.39957737922668457 0.8766753673553467 -0.715660572052002 -0.156535804271698 0.6806808710098267 11.1669282913208 0.0 0.0 0.0 1.0
-0.5067245960235596 -0.6276708841323853 -0.5909817218780518 0.9560001492500305 0.517645537853241 -0.7696991562843323 0.373639315366745 0.8832353353500366 -0.6894006729125977 -0.116586834192276 0.7149365544319153 11.207371711730957 0.0 0.0 0.0 1.0
-0.5647932291030884 -0.5973931550979614 -0.5693241357803345 1.3517062664031982 0.4883157014846802 -0.7980837225914001 0.3530016541481018 0.9794454574584961 -0.6652491092681885 -0.07863697409629822 0.7424687743186951 11.19505786895752 0.0 0.0 0.0 1.0
-0.6103047728538513 -0.5688611268997192 -0.5512940287590027 1.6111468076705933 0.4609829783439636 -0.8209983706474304 0.33683285117149353 1.0497878789901733 -0.644222617149353 -0.04856645688414574 0.763294517993927 10.972932815551758 0.0 0.0 0.0 1.0
-0.6447356939315796 -0.5474253296852112 -0.5335179567337036 1.7742674350738525 0.44525933265686035 -0.8362711071968079 0.3199918270111084 0.9152311086654663 -0.6213372945785522 -0.03124370239675045 0.7829200625419617 10.906936645507812 0.0 0.0 0.0 1.0
-0.6831398010253906 -0.5189864635467529 -0.5137830972671509 1.6459975242614746 0.4191809594631195 -0.8547593355178833 0.306061714887619 0.8856574892997742 -0.5980027914047241 -0.00628518546000123 0.8014693856239319 10.910615921020508 0.0 0.0 0.0 1.0
