-0.9996647834777832 0.007395538501441479 0.02481148950755596 0.5896570086479187 -0.007465246133506298 -0.9999684691429138 -0.0027180390898138285 0.5056626200675964 0.024790605530142784 -0.0029023517854511738 0.999688446521759 8.338635444641113 0.0 0.0 0.0 1.0
-0.9997570514678955 0.006897407583892345 0.020934822037816048 0.5843628644943237 -0.006952139548957348 -0.9999725818634033 -0.0025427488144487143 0.5026311874389648 0.020916709676384926 -0.0026876728516072035 0.999777615070343 8.33320426940918 0.0 0.0 0.0 1.0
-0.999830961227417 0.006604846566915512 0.01715737208724022 0.5832297801971436 -0.006650182884186506 -0.9999745488166809 -0.002586671384051442 0.49717605113983154 0.017139852046966553 -0.0027003339491784573 0.9998494386672974 8.326075553894043 0.0 0.0 0.0 1.0
-0.9998853206634521 0.005352610256522894 0.014167421497404575 0.6302921175956726 -0.005387045908719301 -0.9999825954437256 -0.002393590286374092 0.49361905455589294 0.014154363423585892 -0.0024696362670511007 0.999896764755249 8.3049955368042 0.0 0.0 0.0 1.0
-0.999973714351654 0.0029368908144533634 0.0066269454546272755 0.6850720047950745 -0.0029489444568753242 -0.9999940395355225 -0.0018098644213750958 0.49722713232040405 0.0066215903498232365 -0.0018293594475835562 0.999976396560669 8.278223991394043 0.0 0.0 0.0 1.0
-0.9935616254806519 -0.018285494297742844 -0.1118074357509613 0.5066239237785339 0.017794804647564888 -0.9998271465301514 0.005385145545005798 0.5317399501800537 -0.11188658326864243 0.0033608824014663696 0.9937152862548828 8.366532325744629 0.0 0.0 0.0 1.0
-0.9888426065444946 -0.026463376358151436 -0.14659465849399567 0.4177577495574951 0.025717036798596382 -0.9996448755264282 0.006984411738812923 0.5584837794303894 -0.14672742784023285 0.0031365039758384228 0.9891719818115234 8.401800155639648 0.0 0.0 0.0 1.0
-0.9848626852035522 -0.04020373150706291 -0.1686093509197235 0.46608591079711914 0.03942795470356941 -0.9991908073425293 0.007947826758027077 0.5870375633239746 -0.1687924563884735 0.001179596409201622 0.985650897026062 8.4385347366333 0.0 0.0 0.0 1.0
-0.9770815968513489 -0.06128833815455437 -0.20385120809078217 0.41693243384361267 0.06034088134765625 -0.9981186985969543 0.010866114869713783 0.6193552017211914 -0.20413365960121155 -0.001683480222709477 0.9789415597915649 8.489555358886719 0.0 0.0 0.0 1.0
-0.9703821539878845 -0.0750913918018341 -0.22960783541202545 0.35638320446014404 0.07363241910934448 -0.9971737265586853 0.01492795255035162 0.640627384185791 -0.23007985949516296 -0.002420762088149786 0.9731687307357788 8.532121658325195 0.0 0.0 0.0 1.0
-0.930317759513855 -0.14402566850185394 -0.3372914493083954 0.686294436454773 0.13999170064926147 -0.9894837141036987 0.0363907665014267 0.6996686458587646 -0.3389856219291687 -0.01336303073912859 0.940696656703949 8.654993057250977 0.0 0.0 0.0 1.0
-0.9246722459793091 -0.14993123710155487 -0.35000258684158325 0.7208224534988403 0.14539186656475067 -0.9885903596878052 0.03937331214547157 0.6960237622261047 -0.3519124686717987 -0.014480115845799446 0.9359208941459656 8.662111282348633 0.0 0.0 0.0 1.0
-0.9119160175323486 -0.15799620747566223 -0.37874311208724976 0.6786827445030212 0.15172012150287628 -0.9873258471488953 0.04656912013888359 0.6904588937759399 -0.38130059838294983 -0.014995821751654148 0.9243294596672058 8.685222625732422 0.0 0.0 0.0 1.0
-0.8976585268974304 -0.16494208574295044 -0.4086603820323944 0.6246697306632996 0.15690737962722778 -0.9861700534820557 0.05337364226579666 0.6901559829711914 -0.4118121862411499 -0.0162105243653059 0.9111245274543762 8.713988304138184 0.0 0.0 0.0 1.0
-0.8826180100440979 -0.17563682794570923 -0.43604713678359985 0.5966523289680481 0.16642530262470245 -0.9842522740364075 0.05958295613527298 0.7092282176017761 -0.43964534997940063 -0.019980287179350853 0.89794921875 8.740569114685059 0.0 0.0 0.0 1.0
-0.7783294320106506 -0.2645305097103119 -0.5694092512130737 0.5969604849815369 0.2488275170326233 -0.9626107811927795 0.10707616806030273 0.8546074032783508 -0.5764444470405579 -0.05834415927529335 0.8150507807731628 9.020164489746094 0.0 0.0 0.0 1.0
-0.7641053795814514 -0.2712150514125824 -0.5853079557418823 0.668482780456543 0.2530910074710846 -0.9606168270111084 0.11471831053495407 0.8561341166496277 -0.5933699607849121 -0.0604793019592762 0.8026545643806458 9.028966903686523 0.0 0.0 0.0 1.0
-0.7519273161888123 -0.2771725654602051 -0.5981476902961731 0.6849347352981567 0.2573677599430084 -0.9587417840957642 0.1207311749458313 0.8661431074142456 -0.6069325804710388 -0.06316286325454712 0.7922394275665283 9.030684471130371 0.0 0.0 0.0 1.0
-0.7321771383285522 -0.2867596447467804 -0.6178070306777954 0.6964086294174194 0.2648792266845703 -0.9555323719978333 0.12960292398929596 0.8694528341293335 -0.6274994611740112 -0.06875193864107132 0.7755756378173828 9.024761199951172 0.0 0.0 0.0 1.0
-0.7034146189689636 -0.29855889081954956 -0.6450352072715759 0.6110574007034302 0.27358895540237427 -0.9513114094734192 0.14197055995464325 0.8586848974227905 -0.656015932559967 -0.07661034911870956 0.7508488297462463 9.018619537353516 0.0 0.0 0.0 1.0
-0.5428325533866882 -0.35385367274284363 -0.7616563439369202 0.41841939091682434 0.3001343011856079 -0.9287514686584473 0.2175777405500412 0.9626388549804688 -0.7843801975250244 -0.11049092561006546 0.6103601455688477 9.112032890319824 0.0 0.0 0.0 1.0
-0.510459303855896 -0.36729228496551514 -0.7775138020515442 0.4534781277179718 0.3121713697910309 -0.9216554760932922 0.23043473064899445 0.9979986548423767 -0.8012367486953735 -0.12509000301361084 0.585125744342804 9.170781135559082 0.0 0.0 0.0 1.0
-0.4783562421798706 -0.3817989230155945 -0.7908254265785217 0.5031121373176575 0.33060863614082336 -0.9125833511352539 0.2406025528907776 0.9953374862670898 -0.813555896282196 -0.14635999500751495 0.5627659559249878 9.23299503326416 0.0 0.0 0.0 1.0
-0.45746496319770813 -0.3904174864292145 -0.7989367842674255 0.5231694579124451 0.3404373228549957 -0.9069046974182129 0.24824655055999756 0.988575279712677 -0.8214792609214783 -0.1584237962961197 0.5477898120880127 9.265859603881836 0.0 0.0 0.0 1.0
-0.4289529323577881 -0.3999953866004944 -0.8099401593208313 0.560827910900116 0.3505910634994507 -0.9000539183616638 0.2588220238685608 0.9808590412139893 -0.8325174450874329 -0.17293532192707062 0.5263155698776245 9.302793502807617 0.0 0.0 0.0 1.0
-0.18993456661701202 -0.44271549582481384 -0.8763149380683899 0.0899350494146347 0.38217541575431824 -0.8555024266242981 0.3493673801422119 0.9818983674049377 -0.9043598771095276 -0.2685490846633911 0.3316844701766968 9.322920799255371 0.0 0.0 0.0 1.0
-0.17794430255889893 -0.4447140395641327 -0.8778184652328491 0.21595296263694763 0.38614335656166077 -0.8520617485046387 0.3533894717693329 0.9805827736854553 -0.9051128029823303 -0.27608010172843933 0.3233429193496704 9.318449020385742 0.0 0.0 0.0 1.0
-0.15539436042308807 -0.4482257664203644 -0.8803102970123291 0.360156387090683 0.3897221088409424 -0.8466716408729553 0.3623034358024597 1.0152146816253662 -0.9077275395393372 -0.28677648305892944 0.30625149607658386 9.324313163757324 0.0 0.0 0.0 1.0
-0.12821143865585327 -0.45123788714408875 -0.8831456303596497 0.4722503125667572 0.3923414349555969 -0.8409263491630554 0.372707724571228 1.0708539485931396 -0.9108402729034424 -0.2987092137336731 0.2848556935787201 9.355944633483887 0.0 0.0 0.0 1.0
-0.10967226326465607 -0.45207592844963074 -0.8852114677429199 0.5525286793708801 0.3949480950832367 -0.8370813131332397 0.3785642981529236 1.1050865650177002 -0.9121337532997131 -0.3080945611000061 0.2703511118888855 9.386390686035156 0.0 0.0 0.0 1.0
0.11142425984144211 -0.45952561497688293 -0.8811474442481995 0.31958648562431335 0.3834637403488159 -0.798119306564331 0.4647161364555359 1.204735279083252 -0.9168097972869873 -0.3896687626838684 0.08728156238794327 9.570843696594238 0.0 0.0 0.0 1.0
0.15477922558784485 -0.45574361085891724 -0.8765507340431213 0.2513235807418823 0.38683587312698364 -0.7884438037872314 0.47824087738990784 1.2081204652786255 -0.9090662002563477 -0.41310301423072815 0.054263245314359665 9.564127922058105 0.0 0.0 0.0 1.0
0.18287025392055511 -0.4538477063179016 -0.8721128106117249 0.21262124180793762 0.38729631900787354 -0.7820838093757629 0.4882073998451233 1.200939655303955 -0.9036371111869812 -0.42704468965530396 0.032753679901361465 9.572617530822754 0.0 0.0 0.0 1.0
0.21447251737117767 -0.4502977430820465 -0.8667372465133667 0.24066919088363647 0.3870422840118408 -0.7755610346794128 0.49870166182518005 1.1686373949050903 -0.8967719078063965 -0.4424217939376831 0.007947742007672787 9.594501495361328 0.0 0.0 0.0 1.0
0.24427972733974457 -0.44562476873397827 -0.8612467646598816 0.2877357602119446 0.385347455739975 -0.7704055309295654 0.5079199075698853 1.1453242301940918 -0.8898509740829468 -0.45595377683639526 -0.01647409051656723 9.607134819030762 0.0 0.0 0.0 1.0
0.4579818844795227 -0.3992266058921814 -0.7942736744880676 0.04525921493768692 0.36652207374572754 -0.7292050719261169 0.5778594613075256 1.2019028663635254 -0.8098852634429932 -0.5557680130004883 -0.1876373440027237 9.702481269836426 0.0 0.0 0.0 1.0
0.49859195947647095 -0.39191934466362 -0.7731786966323853 -0.08065032958984375 0.3519701063632965 -0.7235851883888245 0.5937520861625671 1.2082934379577637 -0.7921635508537292 -0.5681757926940918 -0.22282984852790833 9.700004577636719 0.0 0.0 0.0 1.0
0.5384482145309448 -0.3825782537460327 -0.7508044838905334 -0.20453085005283356 0.33667832612991333 -0.7191145420074463 0.6078831553459167 1.2179664373397827 -0.7724773287773132 -0.5800932049751282 -0.2584001421928406 9.677478790283203 0.0 0.0 0.0 1.0
0.5602536797523499 -0.37512463331222534 -0.7385101914405823 -0.2303362786769867 0.3303975760936737 -0.716373860836029 0.614529013633728 1.2196985483169556 -0.7595743536949158 -0.5882941484451294 -0.2774108350276947 9.65129280090332 0.0 0.0 0.0 1.0
0.588111937046051 -0.3638976514339447 -0.7222899794578552 -0.2101830393075943 0.32392236590385437 -0.7123275399208069 0.622626543045044 1.2014472484588623 -0.7410793900489807 -0.6001399755477905 -0.3010537624359131 9.607696533203125 0.0 0.0 0.0 1.0
0.7399203777313232 -0.30013635754585266 -0.6020265817642212 -0.32163920998573303 0.2668784558773041 -0.690531313419342 0.6722666025161743 1.1252915859222412 -0.6174898743629456 -0.65809166431427 -0.43083828687667847 9.51449203491211 0.0 0.0 0.0 1.0
0.774973452091217 -0.28453701734542847 -0.5643180012702942 -0.47283223271369934 0.24779225885868073 -0.6846215724945068 0.685486912727356 1.1183505058288574 -0.5813906788825989 -0.6710677742958069 -0.46005746722221375 9.515707015991211 0.0 0.0 0.0 1.0
0.8018152117729187 -0.269922137260437 -0.5331363677978516 -0.5447505116462708 0.23351339995861053 -0.6797041893005371 0.6953227519989014 1.0787665843963623 -0.5500580072402954 -0.6820148229598999 -0.4819667637348175 9.524413108825684 0.0 0.0 0.0 1.0
0.8158344626426697 -0.25651681423187256 -0.5182791352272034 -0.4243588447570801 0.2310878336429596 -0.6769510507583618 0.6988102197647095 1.0447697639465332 -0.5301061868667603 -0.689881443977356 -0.4930020570755005 9.528363227844238 0.0 0.0 0.0 1.0
0.8258289694786072 -0.24820587038993835 -0.5063599348068237 -0.3598378300666809 0.22758343815803528 -0.6748642325401306 0.7019715309143066 1.0425575971603394 -0.5159576535224915 -0.6949476003646851 -0.5008348822593689 9.516376495361328 0.0 0.0 0.0 1.0
0.9092764258384705 -0.17783495783805847 -0.37628594040870667 -0.08307693153619766 0.17363689839839935 -0.6595777273178101 0.7313053011894226 0.9475919008255005 -0.37824147939682007 -0.7302957773208618 -0.5688597559928894 9.329192161560059 0.0 0.0 0.0 1.0
0.9208056330680847 -0.1663362830877304 -0.3527735471725464 -0.1248481422662735 0.1629965752363205 -0.6576045751571655 0.7355190515518188 0.9623438119888306 -0.35432901978492737 -0.7347710132598877 -0.5784137845039368 9.313301086425781 0.0 0.0 0.0 1.0
0.9388858675956726 -0.14364396035671234 -0.31282544136047363 -0.21836158633232117 0.14711934328079224 -0.6541455388069153 0.7419228553771973 0.9795283079147339 -0.3112061023712158 -0.7426035404205322 -0.5930352210998535 9.301915168762207 0.0 0.0 0.0 1.0
0.9554243683815002 -0.12474620342254639 -0.2675867974758148 -0.35129210352897644 0.12489048391580582 -0.6504902839660645 0.749176025390625 0.982469379901886 -0.267519474029541 -0.7492000460624695 -0.6059146523475647 9.297950744628906 0.0 0.0 0.0 1.0
0.9688217043876648 -0.10738267749547958 -0.2232789695262909 -0.48742082715034485 0.10226073116064072 -0.6475387811660767 0.7551398873329163 0.956855297088623 -0.2256707400083542 -0.7544285655021667 -0.6163685917854309 9.275185585021973 0.0 0.0 0.0 1.0
0.9914469718933105 -0.04991328716278076 -0.12058834731578827 0.08109275996685028 0.0601237416267395 -0.6454095840454102 0.7614667415618896 0.8005743026733398 -0.11583618074655533 -0.762204110622406 -0.6368883848190308 8.950032234191895 0.0 0.0 0.0 1.0
0.994287371635437 -0.042978253215551376 -0.09770075231790543 0.18148007988929749 0.047126978635787964 -0.6445249915122986 0.763129472732544 0.7647753953933716 -0.09576854854822159 -0.7633743286132812 -0.6388176679611206 8.8970308303833 0.0 0.0 0.0 1.0
0.9965393543243408 -0.036877505481243134 -0.07449433952569962 0.1804882287979126 0.03325970098376274 -0.6444260478019714 0.7639429569244385 0.7496767640113831 -0.0761784017086029 -0.7637768983840942 -0.6409693956375122 8.85754108428955 0.0 0.0 0.0 1.0
0.998231053352356 -0.029761385172605515 -0.05146900191903114 0.29548385739326477 0.020171165466308594 -0.644814670085907 0.7640727162361145 0.7437694072723389 -0.055927831679582596 -0.7637593150138855 -0.6430736780166626 8.792006492614746 0.0 0.0 0.0 1.0
0.9997532367706299 -0.016362132504582405 -0.015023218467831612 0.30632567405700684 0.0009282866376452148 -0.6449600458145142 0.7642157077789307 0.7529412508010864 -0.022193575277924538 -0.7640411257743835 -0.6447857618331909 8.7400484085083 0.0 0.0 0.0 1.0
0.9792026281356812 0.06730955094099045 0.19139406085014343 0.17061889171600342 -0.10326580703258514 -0.64667147397995 0.7557461261749268 0.635209321975708 0.17463800311088562 -0.7597930431365967 -0.6262716054916382 8.52175521850586 0.0 0.0 0.0 1.0
0.9707460999488831 0.08428462594747543 0.22482913732528687 0.1849358230829239 -0.11779703199863434 -0.6487588882446289 0.7518216371536255 0.6265593767166138 0.20922690629959106 -0.7563121318817139 -0.6198516488075256 8.466926574707031 0.0 0.0 0.0 1.0
0.9604079127311707 0.09969410300254822 0.2601493299007416 0.1965494006872177 -0.1352768987417221 -0.6494370698928833 0.7482858300209045 0.6145851016044617 0.24355028569698334 -0.7538518309593201 -0.6102381944656372 8.437947273254395 0.0 0.0 0.0 1.0
0.9533517956733704 0.10675018280744553 0.28235572576522827 0.3301803171634674 -0.1479530930519104 -0.6500760912895203 0.745326042175293 0.5802550911903381 0.26311641931533813 -0.7523333430290222 -0.6039571762084961 8.430026054382324 0.0 0.0 0.0 1.0
0.9501874446868896 0.1127961277961731 0.2905527651309967 0.48104146122932434 -0.14997364580631256 -0.651738703250885 0.7434679269790649 0.5713940262794495 0.27322477102279663 -0.7500091791152954 -0.6023574471473694 8.414568901062012 0.0 0.0 0.0 1.0
0.8593815565109253 0.20228365063667297 0.46962183713912964 0.7246024012565613 -0.22930781543254852 -0.6684346199035645 0.7075401544570923 0.7542573809623718 0.4570353031158447 -0.7157348990440369 -0.5280551910400391 8.622710227966309 0.0 0.0 0.0 1.0
0.8466165661811829 0.2122817486524582 0.488033652305603 0.7488915920257568 -0.23657546937465668 -0.6713135838508606 0.7024030685424805 0.7783274054527283 0.47673097252845764 -0.7101228833198547 -0.5181245803833008 8.64224910736084 0.0 0.0 0.0 1.0
0.8261268138885498 0.2269880622625351 0.5157430171966553 0.786311686038971 -0.24762918055057526 -0.6759092211723328 0.6941372156143188 0.8398922681808472 0.506156325340271 -0.7011584043502808 -0.502177894115448 8.654701232910156 0.0 0.0 0.0 1.0
0.8049200177192688 0.24181069433689117 0.5418776273727417 0.8333631753921509 -0.25730404257774353 -0.6806455254554749 0.6859418749809265 0.8995324373245239 0.5346946716308594 -0.6915556788444519 -0.4856463670730591 8.653959274291992 0.0 0.0 0.0 1.0
0.7808584570884705 0.2521810233592987 0.5715459585189819 0.8264947533607483 -0.2745508849620819 -0.6832758784294128 0.676576554775238 0.9098485708236694 0.5611433386802673 -0.6852290034294128 -0.46430525183677673 8.704230308532715 0.0 0.0 0.0 1.0
0.6476723551750183 0.3071520924568176 0.6972647309303284 0.978942334651947 -0.33500438928604126 -0.7071374654769897 0.6226786375045776 1.062095046043396 0.684319019317627 -0.636878490447998 -0.35509610176086426 9.039872169494629 0.0 0.0 0.0 1.0
0.6311676502227783 0.3166693449020386 0.7080592513084412 1.1403731107711792 -0.33722934126853943 -0.7100368738174438 0.6181617975234985 1.076542854309082 0.6985010504722595 -0.62894207239151 -0.3413621187210083 9.091093063354492 0.0 0.0 0.0 1.0
0.6202115416526794 0.32095223665237427 0.715770423412323 1.2304600477218628 -0.3411628305912018 -0.7112857103347778 0.6145572066307068 1.0847972631454468 0.7063608169555664 -0.625349760055542 -0.33165064454078674 9.129371643066406 0.0 0.0 0.0 1.0
0.6025378704071045 0.3264574706554413 0.7282675504684448 1.3436410427093506 -0.3486236035823822 -0.7131865620613098 0.6081336736679077 1.1051019430160522 0.7179203629493713 -0.6203148365020752 -0.3159111440181732 9.174150466918945 0.0 0.0 0.0 1.0
0.585782527923584 0.3329569399356842 0.7389171123504639 1.4881937503814697 -0.3522554039955139 -0.7165042757987976 0.6021110415458679 1.1356959342956543 0.7299143671989441 -0.6129936575889587 -0.30242979526519775 9.188843727111816 0.0 0.0 0.0 1.0
0.41760730743408203 0.36818110942840576 0.8306905627250671 1.4074280261993408 -0.41128355264663696 -0.7386128306388855 0.5341318845748901 1.2744576930999756 0.8102160096168518 -0.5647067427635193 -0.15702328085899353 9.468855857849121 0.0 0.0 0.0 1.0
0.3682817220687866 0.3772382140159607 0.8497411012649536 1.2721806764602661 -0.4183747172355652 -0.7489640712738037 0.5138242840766907 1.35808527469635 0.8302596807479858 -0.5447422862052917 -0.11800284683704376 9.56881046295166 0.0 0.0 0.0 1.0
0.3189709484577179 0.38663116097450256 0.8653172254562378 1.1400506496429443 -0.4249476492404938 -0.757749617099762 0.4952121078968048 1.4271726608276367 0.8471581935882568 -0.5256727933883667 -0.07740210741758347 9.661937713623047 0.0 0.0 0.0 1.0
0.2834336757659912 0.390783429145813 0.8757588863372803 1.0045334100723267 -0.43225252628326416 -0.76312255859375 0.48041826486587524 1.437667965888977 0.8560508489608765 -0.5147157311439514 -0.04737750440835953 9.725682258605957 0.0 0.0 0.0 1.0
0.22643783688545227 0.39593505859375 0.8899220824241638 0.7400588393211365 -0.4461572766304016 -0.7700066566467285 0.4561068117618561 1.4312574863433838 0.8658345937728882 -0.500325083732605 0.0022906679660081863 9.819291114807129 0.0 0.0 0.0 1.0
0.03547914698719978 0.39927932620048523 0.9161425828933716 0.6749914884567261 -0.46361392736434937 -0.8055318593978882 0.36902645230293274 1.280193567276001 0.8853266835212708 -0.43782922625541687 0.15653187036514282 10.039161682128906 0.0 0.0 0.0 1.0
0.018170220777392387 0.3975013494491577 0.9174216985702515 0.7409184575080872 -0.45897865295410156 -0.8118633031845093 0.3608553409576416 1.284613013267517 0.8882614970207214 -0.42763379216194153 0.1676928997039795 10.055883407592773 0.0 0.0 0.0 1.0
-0.013403985649347305 0.396009236574173 0.9181486964225769 0.7970335483551025 -0.447927862405777 -0.8233222365379333 0.3485701084136963 1.3208060264587402 0.8939692378044128 -0.40659216046333313 0.1884193867444992 10.099710464477539 0.0 0.0 0.0 1.0
-0.04554254561662674 0.39558911323547363 0.9172977209091187 0.8615376353263855 -0.4377770721912384 -0.8332839608192444 0.3376227617263794 1.3442292213439941 0.8979293704032898 -0.38619568943977356 0.21112971007823944 10.159616470336914 0.0 0.0 0.0 1.0
-0.08327173441648483 0.3947254717350006 0.91501784324646 0.831972599029541 -0.4327351450920105 -0.8414398431777954 0.32360365986824036 1.3433480262756348 0.8976670503616333 -0.36901333928108215 0.24087972939014435 10.214129447937012 0.0 0.0 0.0 1.0
-0.2943328320980072 0.377535343170166 0.8779722452163696 0.427651047706604 -0.39095017313957214 -0.8858488202095032 0.24985958635807037 1.344103217124939 0.8720815181732178 -0.2697015106678009 0.40833190083503723 10.239738464355469 0.0 0.0 0.0 1.0
-0.3328004777431488 0.3733411431312561 0.8659447431564331 0.3324171304702759 -0.38657814264297485 -0.8915949463844299 0.2358299344778061 1.3220528364181519 0.8601169586181641 -0.25627100467681885 0.4410487413406372 10.254975318908691 0.0 0.0 0.0 1.0
-0.36004164814949036 0.3698551654815674 0.856491208076477 0.24308817088603973 -0.3843206763267517 -0.8953426480293274 0.22507603466510773 1.3174452781677246 0.8500986099243164 -0.24813053011894226 0.46450361609458923 10.258340835571289 0.0 0.0 0.0 1.0
-0.4029783308506012 0.3633096218109131 0.8400086760520935 0.09246373176574707 -0.3791523873806 -0.9016368985176086 0.20807303488254547 1.3350733518600464 0.8329777717590332 -0.2346423864364624 0.5010898113250732 10.260984420776367 0.0 0.0 0.0 1.0
-0.44703638553619385 0.3544248044490814 0.8213047981262207 -0.06462842226028442 -0.3695152997970581 -0.9093238711357117 0.19128121435642242 1.3673815727233887 0.8146268725395203 -0.21797500550746918 0.5374662280082703 10.268699645996094 0.0 0.0 0.0 1.0
-0.6031677722930908 0.30280783772468567 0.7378997802734375 -0.07936564832925797 -0.29167455434799194 -0.9447951316833496 0.14929218590259552 1.5070375204086304 0.7423709034919739 -0.12517835199832916 0.6581913232803345 10.191352844238281 0.0 0.0 0.0 1.0
-0.6263092756271362 0.29338058829307556 0.7222634553909302 -0.035090718418359756 -0.2807013988494873 -0.949209451675415 0.1421554982662201 1.5289255380630493 0.7272849678993225 -0.11370707303285599 0.6768509745597839 10.130329132080078 0.0 0.0 0.0 1.0
-0.6515697240829468 0.28299158811569214 0.7038271427154541 -0.021356580778956413 -0.26818183064460754 -0.9538282752037048 0.13524089753627777 1.527117371559143 0.7096022367477417 -0.10063478350639343 0.6973788738250732 10.079789161682129 0.0 0.0 0.0 1.0
-0.6677303910255432 0.2785278856754303 0.6903320550918579 -0.02362884022295475 -0.26279130578041077 -0.9558537006378174 0.13147030770778656 1.5172063112258911 0.696474552154541 -0.09362653642892838 0.7114472985267639 10.060439109802246 0.0 0.0 0.0 1.0
-0.685334324836731 0.2717980742454529 0.6756054162979126 0.05599863827228546 -0.2566870152950287 -0.9583554863929749 0.1251658946275711 1.4920616149902344 0.6814900040626526 -0.08763863891363144 0.7265610098838806 10.023634910583496 0.0 0.0 0.0 1.0
-0.8432215452194214 0.15744300186634064 0.5139933228492737 -0.514403760433197 -0.15447501838207245 -0.9867885112762451 0.04884553700685501 1.2475013732910156 0.514893114566803 -0.03821152448654175 0.8564023375511169 9.941001892089844 0.0 0.0 0.0 1.0
-0.85295569896698 0.14551818370819092 0.5012893676757812 -0.48019108176231384 -0.14348125457763672 -0.9887237548828125 0.0428776890039444 1.2111990451812744 0.501876175403595 -0.03535284847021103 0.864216685295105 9.931829452514648 0.0 0.0 0.0 1.0
-0.8663429021835327 0.12904015183448792 0.482492059469223 -0.41292300820350647 -0.12601393461227417 -0.9912676811218262 0.0388442687690258 1.2301323413848877 0.48329123854637146 -0.027148261666297913 0.8750386238098145 9.887248992919922 0.0 0.0 0.0 1.0
-0.879083514213562 0.11322043091058731 0.4630262851715088 -0.35472339391708374 -0.10928400605916977 -0.9933792352676392 0.035421449691057205 1.2701070308685303 0.4639711380004883 -0.019462956115603447 0.8856364488601685 9.817395210266113 0.0 0.0 0.0 1.0
-0.8867805004119873 0.1040518507361412 0.4503260552883148 -0.31065094470977783 -0.09990647435188293 -0.9944480657577515 0.033040616661310196 1.2841250896453857 0.45126381516456604 -0.01569071225821972 0.8922526240348816 9.777300834655762 0.0 0.0 0.0 1.0
-0.9603872895240784 0.04475412890315056 0.2750515043735504 -0.5482439994812012 -0.046607114374637604 -0.9989132881164551 -0.00020135757222305983 1.1121045351028442 0.27474358677864075 -0.013012737967073917 0.9614294767379761 9.531778335571289 0.0 0.0 0.0 1.0
-0.9681106209754944 0.03394423425197601 0.24821291863918304 -0.5489649772644043 -0.035556595772504807 -0.9993656277656555 -0.0020144626032561064 1.0785984992980957 0.24798709154129028 -0.01077582873404026 0.9687033891677856 9.491503715515137 0.0 0.0 0.0 1.0
-0.9696436524391174 0.026866495609283447 0.24304191768169403 -0.4358762204647064 -0.028437431901693344 -0.9995911717414856 -0.002956945914775133 1.0526994466781616 0.24286313354969025 -0.009778671897947788 0.970011293888092 9.466856956481934 0.0 0.0 0.0 1.0
-0.9721070528030396 0.017483167350292206 0.23388510942459106 -0.28404557704925537 -0.01922888495028019 -0.9998016357421875 -0.005185599438846111 1.0150773525238037 0.23374806344509125 -0.009538307785987854 0.9722504019737244 9.429473876953125 0.0 0.0 0.0 1.0
-0.9742943048477173 0.007783588487654924 0.2251444011926651 -0.12496372312307358 -0.009736075066030025 -0.9999240040779114 -0.007563170976936817 0.995360255241394 0.22506842017173767 -0.009560776874423027 0.9742960333824158 9.35931396484375 0.0 0.0 0.0 1.0
-0.991437554359436 -0.01596509851515293 0.12960214912891388 0.24562039971351624 0.01493112649768591 -0.999848484992981 -0.00894584134221077 0.8730839490890503 0.12972533702850342 -0.006934137083590031 0.9915257096290588 8.940694808959961 0.0 0.0 0.0 1.0
-0.9939046502113342 -0.019284866750240326 0.1085435301065445 0.26492321491241455 0.018325382843613625 -0.9997837543487549 -0.009830271825194359 0.8550316095352173 0.10870963335037231 -0.0077812508679926395 0.9940431118011475 8.881528854370117 0.0 0.0 0.0 1.0