-0.9638249278068542 0.20650525391101837 0.16851429641246796 -0.3147416412830353 -0.207741841673851 -0.9781278371810913 0.010454691015183926 1.5226082801818848 0.16698746383190155 -0.02493097633123398 0.985643744468689 13.537489891052246 0.0 0.0 0.0 1.0
-0.9640088081359863 0.2060956507921219 0.16796310245990753 -0.31756141781806946 -0.20738664269447327 -0.9782078266143799 0.010013039223849773 1.5155454874038696 0.16636645793914795 -0.025180647149682045 0.985742449760437 13.544805526733398 0.0 0.0 0.0 1.0
-0.9642469882965088 0.20568041503429413 0.16710276901721954 -0.3188892602920532 -0.20711277425289154 -0.9782756567001343 0.009002110920846462 1.5059181451797485 0.1653241366147995 -0.025928858667612076 0.9858983755111694 13.577662467956543 0.0 0.0 0.0 1.0
-0.9648482799530029 0.20421981811523438 0.1654149442911148 -0.3364120423793793 -0.20569995045661926 -0.9785797595977783 0.008319322019815445 1.4781897068023682 0.16357068717479706 -0.02599896490573883 0.9861889481544495 13.59056568145752 0.0 0.0 0.0 1.0
-0.9655703902244568 0.20251429080963135 0.1632845252752304 -0.36090660095214844 -0.20385530591011047 -0.9789625406265259 0.008679798804223537 1.4472600221633911 0.16160720586776733 -0.024905458092689514 0.9865408539772034 13.565264701843262 0.0 0.0 0.0 1.0
-0.9841659069061279 0.14609535038471222 0.10036759823560715 -0.8792927861213684 -0.14621677994728088 -0.9892332553863525 0.006185393314808607 1.532264232635498 0.10019062459468842 -0.008587975054979324 0.9949312210083008 13.627097129821777 0.0 0.0 0.0 1.0
-0.9875871539115906 0.13290613889694214 0.08371144533157349 -0.9959098100662231 -0.1328665167093277 -0.9911153316497803 0.006069131661206484 1.5693708658218384 0.08377432078123093 -0.005128651391714811 0.9964715838432312 13.621047973632812 0.0 0.0 0.0 1.0
-0.9920710921287537 0.11086376756429672 0.05919595807790756 -1.1403101682662964 -0.11075174063444138 -0.9938346147537231 0.005180290434509516 1.5974041223526 0.05940529704093933 -0.0014168387278914452 0.9982329607009888 13.657648086547852 0.0 0.0 0.0 1.0
-0.9945165514945984 0.09540281444787979 0.04283862188458443 -1.1961783170700073 -0.09529963880777359 -0.9954386949539185 0.00444891769438982 1.6099380254745483 0.04306766390800476 0.0003420168359298259 0.9990720748901367 13.705949783325195 0.0 0.0 0.0 1.0
-0.9965262413024902 0.07888904958963394 0.026683345437049866 -1.2166632413864136 -0.07881664484739304 -0.9968820810317993 0.0037562979850918055 1.6110811233520508 0.026896480470895767 0.0016401578905060887 0.9996368885040283 13.814884185791016 0.0 0.0 0.0 1.0
-0.9975665211677551 -0.03341398388147354 -0.06119295954704285 -0.3667449951171875 0.032988302409648895 -0.9994240999221802 0.007953803986310959 1.8003761768341064 -0.06142348796129227 0.005915796384215355 0.9980942606925964 14.283103942871094 0.0 0.0 0.0 1.0
-0.995853066444397 -0.05215900018811226 -0.07453901320695877 -0.3213689923286438 0.05144404619932175 -0.9986099004745483 0.011481011286377907 1.818157434463501 -0.0750342383980751 0.007598812226206064 0.9971520304679871 14.284383773803711 0.0 0.0 0.0 1.0
-0.9918206930160522 -0.08315235376358032 -0.0968371033668518 -0.3477570414543152 0.08178076893091202 -0.9964867830276489 0.018054647371172905 1.8316266536712646 -0.09799817949533463 0.009987559169530869 0.9951364994049072 14.272597312927246 0.0 0.0 0.0 1.0
-0.9883807301521301 -0.10342005640268326 -0.11139023303985596 -0.38774383068084717 0.1014290452003479 -0.9945672750473022 0.023410415276885033 1.821803092956543 -0.11320618540048599 0.011840198189020157 0.9935009479522705 14.269211769104004 0.0 0.0 0.0 1.0
-0.9842098951339722 -0.12390170991420746 -0.1264091581106186 -0.4325302541255951 0.12107090651988983 -0.9921944737434387 0.029866542667150497 1.8048150539398193 -0.12912297248840332 0.01409047469496727 0.9915284514427185 14.238446235656738 0.0 0.0 0.0 1.0
-0.9371121525764465 -0.27051085233688354 -0.22055546939373016 -0.6527802348136902 0.2580738663673401 -0.9624712467193604 0.08394604921340942 1.7301337718963623 -0.23498661816120148 0.02174726128578186 0.9717552661895752 14.111695289611816 0.0 0.0 0.0 1.0
-0.9264110326766968 -0.2945171892642975 -0.23456820845603943 -0.6944873332977295 0.2806292772293091 -0.9554616808891296 0.09132446348667145 1.7083446979522705 -0.25101757049560547 0.018777284771203995 0.9678003787994385 14.122451782226562 0.0 0.0 0.0 1.0
-0.9074690937995911 -0.33279386162757874 -0.25641387701034546 -0.7429168820381165 0.31664299964904785 -0.9429177045822144 0.1031670868396759 1.6679800748825073 -0.27611052989959717 0.012429287657141685 0.961045503616333 14.122234344482422 0.0 0.0 0.0 1.0
-0.8929131627082825 -0.3590075373649597 -0.27169767022132874 -0.7855299115180969 0.3412351608276367 -0.9333076477050781 0.1117827370762825 1.6369575262069702 -0.2937083840370178 0.007099470589309931 0.9558687210083008 14.096110343933105 0.0 0.0 0.0 1.0
-0.8775349855422974 -0.3841514587402344 -0.28698426485061646 -0.8114513754844666 0.36482733488082886 -0.9232696890830994 0.12030846625566483 1.6052944660186768 -0.3111805319786072 0.0008751904242672026 0.9503504037857056 14.07590389251709 0.0 0.0 0.0 1.0
-0.7519594430923462 -0.5416218638420105 -0.3757694959640503 -0.40473347902297974 0.5125683546066284 -0.838839054107666 0.18336495757102966 1.6292420625686646 -0.4145246148109436 -0.05472452566027641 0.9083911776542664 14.444847106933594 0.0 0.0 0.0 1.0
-0.7331568002700806 -0.5610755681991577 -0.3842855393886566 -0.30648189783096313 0.5299627184867859 -0.8254918456077576 0.19417205452919006 1.718264102935791 -0.426169753074646 -0.061298441141843796 0.9025640487670898 14.366830825805664 0.0 0.0 0.0 1.0
-0.704208493232727 -0.5892876982688904 -0.3960181474685669 -0.24645960330963135 0.5560348033905029 -0.804584264755249 0.20849338173866272 1.8537445068359375 -0.4414925277233124 -0.07337706536054611 0.8942595720291138 14.36728286743164 0.0 0.0 0.0 1.0
-0.6842092871665955 -0.6073021292686462 -0.40378430485725403 -0.2620698809623718 0.5723177194595337 -0.7902935743331909 0.21883432567119598 1.9339393377304077 -0.4520066976547241 -0.08136444538831711 0.8882960081100464 14.303709983825684 0.0 0.0 0.0 1.0
-0.6635163426399231 -0.624439537525177 -0.4120939075946808 -0.30854636430740356 0.5882714986801147 -0.7757622599601746 0.22831903398036957 1.9875366687774658 -0.46225830912590027 -0.09092967212200165 0.8820708990097046 14.330011367797852 0.0 0.0 0.0 1.0
-0.5086357593536377 -0.7298382520675659 -0.45675575733184814 -0.7243310809135437 0.6793537735939026 -0.6661137938499451 0.30784881114959717 1.6513540744781494 -0.5289311408996582 -0.1537158340215683 0.834627628326416 14.008976936340332 0.0 0.0 0.0 1.0
-0.4841786026954651 -0.7436257004737854 -0.46107691526412964 -0.744949996471405 0.6898679733276367 -0.6485803723335266 0.32159867882728577 1.5927139520645142 -0.538194477558136 -0.1623709797859192 0.8270322680473328 13.988696098327637 0.0 0.0 0.0 1.0
-0.4459518492221832 -0.763596773147583 -0.4669549763202667 -0.7959499359130859 0.7046630382537842 -0.6212030053138733 0.34286561608314514 1.524238109588623 -0.5518848896026611 -0.17614434659481049 0.8151050209999084 13.926491737365723 0.0 0.0 0.0 1.0
-0.41914403438568115 -0.776585042476654 -0.47035518288612366 -0.8681156635284424 0.7138414978981018 -0.6019967198371887 0.35781311988830566 1.4964991807937622 -0.5610246062278748 -0.18578380346298218 0.8066819310188293 13.851313591003418 0.0 0.0 0.0 1.0
-0.39183586835861206 -0.7880467176437378 -0.4748125970363617 -0.9560558795928955 0.7225137948989868 -0.5830748677253723 0.37148016691207886 1.4914871454238892 -0.5695950388908386 -0.19749939441680908 0.7978442907333374 13.832411766052246 0.0 0.0 0.0 1.0
-0.18196703493595123 -0.8484867811203003 -0.49694889783859253 -0.6338101029396057 0.7686266899108887 -0.4379386007785797 0.46628615260124207 1.638458490371704 -0.6132707595825195 -0.29711949825286865 0.7318599820137024 14.020467758178711 0.0 0.0 0.0 1.0
-0.15120850503444672 -0.8543684482574463 -0.49718257784843445 -0.49280402064323425 0.7715985178947449 -0.416399210691452 0.4808818995952606 1.6849570274353027 -0.6178767681121826 -0.3109118938446045 0.7221925854682922 14.149709701538086 0.0 0.0 0.0 1.0
-0.10655876249074936 -0.8620676398277283 -0.4954640567302704 -0.39174172282218933 0.7759395837783813 -0.3836858868598938 0.5007023811340332 1.7946786880493164 -0.6217418909072876 -0.33109593391418457 0.7097975015640259 14.266084671020508 0.0 0.0 0.0 1.0
-0.07679260522127151 -0.8671086430549622 -0.49216407537460327 -0.3637344539165497 0.7772958278656006 -0.36121082305908203 0.5151095986366272 1.8924177885055542 -0.6244310140609741 -0.34300050139427185 0.7017382979393005 14.234338760375977 0.0 0.0 0.0 1.0
-0.04751449078321457 -0.870400607585907 -0.49004608392715454 -0.3695268929004669 0.7783283591270447 -0.33975285291671753 0.5279895663261414 1.983367681503296 -0.626056969165802 -0.35632961988449097 0.6936006546020508 14.271244049072266 0.0 0.0 0.0 1.0
0.15899142622947693 -0.8733814358711243 -0.4603548049926758 -0.5646761655807495 0.7639963030815125 -0.1864970475435257 0.6176799535751343 1.6876181364059448 -0.6253250241279602 -0.44991517066955566 0.6376087665557861 13.801563262939453 0.0 0.0 0.0 1.0
0.1880817413330078 -0.8712282776832581 -0.45341652631759644 -0.6146886944770813 0.7592810988426208 -0.16385313868522644 0.629797101020813 1.5903853178024292 -0.6229907274246216 -0.46272391080856323 0.6306893825531006 13.760403633117676 0.0 0.0 0.0 1.0
0.23330828547477722 -0.8663891553878784 -0.44151684641838074 -0.7021895051002502 0.7499099969863892 -0.12873752415180206 0.6488925814628601 1.4952929019927979 -0.6190332770347595 -0.4824899137020111 0.6196783781051636 13.636213302612305 0.0 0.0 0.0 1.0
0.2639726996421814 -0.8622468113899231 -0.4322601854801178 -0.7668928503990173 0.7412871718406677 -0.10536545515060425 0.6628660559654236 1.4452760219573975 -0.6170994639396667 -0.49540749192237854 0.6113588809967041 13.490527153015137 0.0 0.0 0.0 1.0
0.29452216625213623 -0.8565981388092041 -0.42367011308670044 -0.8653347492218018 0.7317203283309937 -0.08302327990531921 0.6765297651290894 1.3979164361953735 -0.6146886348724365 -0.5092610716819763 0.6023380160331726 13.432110786437988 0.0 0.0 0.0 1.0
0.5277045965194702 -0.7715202569961548 -0.3553650677204132 -1.0459227561950684 0.6288279891014099 0.07357299327850342 0.7740557789802551 1.1700037717819214 -0.5710544586181641 -0.6319363117218018 0.5239783525466919 13.465205192565918 0.0 0.0 0.0 1.0
0.5576438307762146 -0.7565494775772095 -0.3415643274784088 -1.0097572803497314 0.6097244620323181 0.09410562366247177 0.7870070934295654 1.174064040184021 -0.5632666945457458 -0.6471298336982727 0.5137642025947571 13.49216365814209 0.0 0.0 0.0 1.0
0.6011242270469666 -0.7322932481765747 -0.31999415159225464 -1.0643705129623413 0.5794275403022766 0.12361478805541992 0.8055948615074158 1.2038660049438477 -0.5503756999969482 -0.6696760058403015 0.4986187517642975 13.691473007202148 0.0 0.0 0.0 1.0
0.628317654132843 -0.7157769203186035 -0.30476269125938416 -1.1284868717193604 0.5591489672660828 0.14312861859798431 0.8166190385818481 1.2543188333511353 -0.5408968329429626 -0.6835039258003235 0.4901561737060547 13.734323501586914 0.0 0.0 0.0 1.0
0.6542707085609436 -0.6987879276275635 -0.28918030858039856 -1.1770298480987549 0.5382727980613708 0.1616959571838379 0.8271135091781616 1.3217861652374268 -0.531217634677887 -0.6968140602111816 0.4819314777851105 13.798555374145508 0.0 0.0 0.0 1.0
0.7895400524139404 -0.5768992304801941 -0.2093174308538437 -0.9192999005317688 0.41847121715545654 0.2566082179546356 0.8712255954742432 1.3900668621063232 -0.4488967955112457 -0.7754608392715454 0.4440181851387024 13.674659729003906 0.0 0.0 0.0 1.0
0.8057100176811218 -0.5588142275810242 -0.19636188447475433 -0.8684743046760559 0.4001292586326599 0.26907268166542053 0.8760687708854675 1.3224949836730957 -0.43672406673431396 -0.7844275236129761 0.44039249420166016 13.601383209228516 0.0 0.0 0.0 1.0
0.8277466893196106 -0.5332382917404175 -0.17462049424648285 -0.8299813270568848 0.37158456444740295 0.287759393453598 0.882677435874939 1.2097183465957642 -0.4204287528991699 -0.7955195903778076 0.4363349974155426 13.560189247131348 0.0 0.0 0.0 1.0
0.8418846726417542 -0.5152271389961243 -0.16053390502929688 -0.8567807674407959 0.35266533493995667 0.3000980317592621 0.8863229155540466 1.1476993560791016 -0.4084817171096802 -0.802796483039856 0.4343506991863251 13.486512184143066 0.0 0.0 0.0 1.0
0.8558404445648193 -0.4964403808116913 -0.14520366489887238 -0.8924476504325867 0.33206626772880554 0.31211575865745544 0.8901212215423584 1.091902732849121 -0.3965717554092407 -0.8100189566612244 0.4319723844528198 13.454936027526855 0.0 0.0 0.0 1.0
0.9434944987297058 -0.330030232667923 -0.02996998094022274 -1.0441619157791138 0.1599932760000229 0.37445056438446045 0.9133394360542297 0.8136687874794006 -0.2902073562145233 -0.8665257096290588 0.40609464049339294 13.201087951660156 0.0 0.0 0.0 1.0
0.9528769850730896 -0.3030383288860321 -0.013900397345423698 -1.011589765548706 0.13381420075893402 0.37876036763191223 0.9157698154449463 0.8469473123550415 -0.27224841713905334 -0.8744760751724243 0.4014628529548645 13.313434600830078 0.0 0.0 0.0 1.0
0.9648693203926086 -0.2624994218349457 0.011012555100023746 -0.8838951587677002 0.09441899508237839 0.3855617642402649 0.9178383350372314 0.9287512898445129 -0.24517804384231567 -0.8845542073249817 0.3968016505241394 13.463775634765625 0.0 0.0 0.0 1.0
0.9713919162750244 -0.2359272539615631 0.027131786569952965 -0.7800436615943909 0.0688597783446312 0.389157772064209 0.9185938239097595 1.0071184635162354 -0.22727985680103302 -0.8904462456703186 0.3942705988883972 13.597548484802246 0.0 0.0 0.0 1.0
0.9769425392150879 -0.20913615822792053 0.04295777529478073 -0.6861623525619507 0.04345250502228737 0.39175722002983093 0.9190419912338257 1.0960536003112793 -0.20903392136096954 -0.8959845900535583 0.3918117880821228 13.783865928649902 0.0 0.0 0.0 1.0
0.9871453642845154 -0.01122698001563549 0.15943008661270142 -0.42500051856040955 -0.14252910017967224 0.3895074129104614 0.9099282622337341 1.6099787950515747 -0.07231494784355164 -0.9209548830986023 0.38290026783943176 14.054606437683105 0.0 0.0 0.0 1.0
0.9837610721588135 0.017733003944158554 0.17860472202301025 -0.4717739522457123 -0.17150689661502838 0.3862270414829254 0.9063189625740051 1.6182754039764404 -0.0529102124273777 -0.9222332835197449 0.38299646973609924 13.971022605895996 0.0 0.0 0.0 1.0
0.9765766263008118 0.06110861524939537 0.20631013810634613 -0.5558891296386719 -0.2138781100511551 0.3805958330631256 0.899668276309967 1.5976060628890991 -0.02354329638183117 -0.922720193862915 0.3847507834434509 13.824935913085938 0.0 0.0 0.0 1.0
0.9704275131225586 0.08981181681156158 0.22406312823295593 -0.5816200375556946 -0.24136057496070862 0.3761526048183441 0.8945693373680115 1.572914719581604 -0.0039390274323523045 -0.9221947193145752 0.3867058753967285 13.768377304077148 0.0 0.0 0.0 1.0
0.9632493257522583 0.11822138726711273 0.24119369685649872 -0.6024523377418518 -0.2681821882724762 0.37268728017807007 0.8883594274520874 1.540091633796692 0.015133265405893326 -0.9203954935073853 0.39069563150405884 13.690041542053223 0.0 0.0 0.0 1.0
0.8761904835700989 0.32908666133880615 0.35212525725364685 -1.240444540977478 -0.4531591832637787 0.31371355056762695 0.8344042897224426 1.1759812831878662 0.16412486135959625 -0.8906659483909607 0.4240014851093292 13.468653678894043 0.0 0.0 0.0 1.0
0.8579596877098083 0.35912254452705383 0.367336630821228 -1.269980788230896 -0.478647381067276 0.29915931820869446 0.8254697918891907 1.144428014755249 0.18655264377593994 -0.8840445280075073 0.42855969071388245 13.511775970458984 0.0 0.0 0.0 1.0
0.8277974724769592 0.4027961790561676 0.3905209004878998 -1.2385631799697876 -0.5166972875595093 0.2761734426021576 0.8104024529457092 1.110874891281128 0.21857552230358124 -0.8726301789283752 0.43673938512802124 13.562698364257812 0.0 0.0 0.0 1.0
0.8071603775024414 0.43145638704299927 0.40291133522987366 -1.2181602716445923 -0.539579451084137 0.2623459994792938 0.8000178933143616 1.111904501914978 0.23947066068649292 -0.8631454110145569 0.44456028938293457 13.51395320892334 0.0 0.0 0.0 1.0
0.7854250073432922 0.45800742506980896 0.4163373112678528 -1.1776056289672852 -0.5617619752883911 0.24507589638233185 0.790165364742279 1.156105637550354 0.2598673701286316 -0.8544980883598328 0.4497798979282379 13.62729549407959 0.0 0.0 0.0 1.0
0.6217823028564453 0.6088520288467407 0.4926317036151886 -0.846221923828125 -0.6920316219329834 0.13259164988994598 0.7095855474472046 1.456798791885376 0.3667137622833252 -0.7821244597434998 0.5037879943847656 13.943561553955078 0.0 0.0 0.0 1.0
0.5950232148170471 0.628406286239624 0.5010518431663513 -0.8584064841270447 -0.7071669101715088 0.11310500651597977 0.6979414224624634 1.4533324241638184 0.381919264793396 -0.7696186304092407 0.511688232421875 13.895905494689941 0.0 0.0 0.0 1.0
0.5532544255256653 0.6557225584983826 0.5137484073638916 -0.8947110772132874 -0.7296239733695984 0.08386726677417755 0.6786863207817078 1.4140779972076416 0.40194326639175415 -0.7503293752670288 0.5248308777809143 13.736124992370605 0.0 0.0 0.0 1.0
0.5249626636505127 0.6724385023117065 0.5217668414115906 -0.9112133979797363 -0.743536651134491 0.06398655474185944 0.6656267642974854 1.3594616651535034 0.41420698165893555 -0.7373819947242737 0.5335732102394104 13.660958290100098 0.0 0.0 0.0 1.0
0.49614471197128296 0.6887858510017395 0.5285966992378235 -0.8990846872329712 -0.7568378448486328 0.04474448412656784 0.6520693302154541 1.2767748832702637 0.4254843592643738 -0.7235827445983887 0.5434989333152771 13.573854446411133 0.0 0.0 0.0 1.0
0.28513509035110474 0.7816035151481628 0.5547917485237122 -0.871900737285614 -0.8248996734619141 -0.09464789181947708 0.5572991371154785 0.8429687023162842 0.48809683322906494 -0.6165530681610107 0.6177570819854736 13.171646118164062 0.0 0.0 0.0 1.0
0.2508585751056671 0.7902529239654541 0.5590798258781433 -0.8804088830947876 -0.8316411972045898 -0.11964358389377594 0.5422714352607727 0.8290440440177917 0.4954219162464142 -0.6009872555732727 0.6271932721138 13.192436218261719 0.0 0.0 0.0 1.0
0.19651883840560913 0.801392138004303 0.5649344325065613 -0.8962095975875854 -0.8417211174964905 -0.15761853754520416 0.5163931846618652 0.813485324382782 0.5028775930404663 -0.5769982933998108 0.6435737013816833 13.152278900146484 0.0 0.0 0.0 1.0
0.15984174609184265 0.8069085478782654 0.5686380863189697 -0.9102877378463745 -0.8471536636352539 -0.18357568979263306 0.49862879514694214 0.8049761652946472 0.5067359805107117 -0.561425507068634 0.6542324423789978 13.179173469543457 0.0 0.0 0.0 1.0
0.12228985875844955 0.8118219971656799 0.5709555149078369 -0.9231898784637451 -0.852408766746521 -0.2087559700012207 0.4793957471847534 0.7926262021064758 0.5083743929862976 -0.5453127026557922 0.6664754748344421 13.225079536437988 0.0 0.0 0.0 1.0
-0.11651821434497833 0.8199214339256287 0.5604929327964783 -0.9289003610610962 -0.845928430557251 -0.3776305317878723 0.37656369805336 1.3716721534729004 0.5204119086265564 -0.43026041984558105 0.7375956773757935 13.893647193908691 0.0 0.0 0.0 1.0
-0.14495103061199188 0.8174082636833191 0.5575239658355713 -0.8634457588195801 -0.8403043746948242 -0.39918774366378784 0.3667938709259033 1.480513095855713 0.522377073764801 -0.4153226315975189 0.7447344064712524 13.933459281921387 0.0 0.0 0.0 1.0
-0.18687695264816284 0.8124953508377075 0.5522031188011169 -0.7954948544502258 -0.8298436403274536 -0.4313995838165283 0.3539123833179474 1.596848964691162 0.5257723927497864 -0.3921041488647461 0.7548627257347107 13.846054077148438 0.0 0.0 0.0 1.0
-0.2155466228723526 0.8070822954177856 0.5496888756752014 -0.7736189365386963 -0.8225026726722717 -0.45347508788108826 0.3432924449443817 1.6307011842727661 0.5263354182243347 -0.37812504172325134 0.7615723609924316 13.850775718688965 0.0 0.0 0.0 1.0
-0.24538512527942657 0.8007465600967407 0.5464349389076233 -0.7628375887870789 -0.8139922022819519 -0.476321816444397 0.33246681094169617 1.6241075992584229 0.5265005230903625 -0.36321136355400085 0.7686837315559387 13.820631980895996 0.0 0.0 0.0 1.0
-0.45304280519485474 0.7389141321182251 0.4987565279006958 -0.7723782658576965 -0.7369582056999207 -0.6252278685569763 0.2568710446357727 1.0779149532318115 0.5016421675682068 -0.25118914246559143 0.8278038501739502 13.656827926635742 0.0 0.0 0.0 1.0
-0.48369383811950684 0.7249476313591003 0.4903990626335144 -0.8848271369934082 -0.7225509285926819 -0.6469425559043884 0.24369139969348907 1.0469492673873901 0.49392351508140564 -0.23646627366542816 0.8367336988449097 13.672759056091309 0.0 0.0 0.0 1.0
-0.5289477705955505 0.7021928429603577 0.4765914976596832 -1.0153247117996216 -0.6995328664779663 -0.678713321685791 0.22361133992671967 1.0216978788375854 0.48048725724220276 -0.21511270105838776 0.8502108454704285 13.637765884399414 0.0 0.0 0.0 1.0
-0.5591140389442444 0.6852471232414246 0.4667202830314636 -1.076133131980896 -0.6827168464660645 -0.699924111366272 0.20977115631103516 1.0075761079788208 0.4704138934612274 -0.20135179162025452 0.8591671586036682 13.586044311523438 0.0 0.0 0.0 1.0
-0.5890358686447144 0.6666175127029419 0.4567908048629761 -1.1022882461547852 -0.6647835969924927 -0.7211081981658936 0.19510458409786224 0.9936381578445435 0.4594557285308838 -0.18874342739582062 0.8679149150848389 13.571052551269531 0.0 0.0 0.0 1.0
-0.7618864178657532 0.5254583358764648 0.3787118196487427 -0.4960210621356964 -0.5303620100021362 -0.8417414426803589 0.10093287378549576 1.104904294013977 0.37181344628334045 -0.12395498156547546 0.9199945330619812 14.130718231201172 0.0 0.0 0.0 1.0
-0.780631422996521 0.5068476796150208 0.36567750573158264 -0.4600529968738556 -0.5126417279243469 -0.8539507985115051 0.08925553411245346 1.1025019884109497 0.3575095534324646 -0.11778587847948074 0.9264520406723022 14.173776626586914 0.0 0.0 0.0 1.0
-0.8069940805435181 0.47844022512435913 0.3462015390396118 -0.46543556451797485 -0.48464998602867126 -0.8715136051177979 0.07468915730714798 1.0445574522018433 0.3374536335468292 -0.10751285403966904 0.9351823329925537 14.23205852508545 0.0 0.0 0.0 1.0
-0.8239731788635254 0.45843663811683655 0.3330225348472595 -0.5451016426086426 -0.4645753502845764 -0.8830594420433044 0.0661492645740509 0.9827446937561035 0.3244039714336395 -0.10020884871482849 0.9405956864356995 14.192456245422363 0.0 0.0 0.0 1.0
-0.8398857712745667 0.4376145899295807 0.3210691213607788 -0.6700775027275085 -0.4435294270515442 -0.8943329453468323 0.05873846635222435 0.9054431319236755 0.3128475248813629 -0.09307000786066055 0.9452324509620667 14.128768920898438 0.0 0.0 0.0 1.0
-0.9250130653381348 0.3040853440761566 0.22777819633483887 -0.8620935082435608 -0.3069344162940979 -0.9514354467391968 0.02370385453104973 0.32061490416526794 0.22392423450946808 -0.04798658937215805 0.97342449426651 14.008477210998535 0.0 0.0 0.0 1.0
-0.9340020418167114 0.2858158349990845 0.21435828506946564 -0.8878165483474731 -0.28811490535736084 -0.9573626518249512 0.02113054320216179 0.19583560526371002 0.21125806868076324 -0.04202384874224663 0.9765264987945557 14.006770133972168 0.0 0.0 0.0 1.0
-0.9457678198814392 0.25861015915870667 0.19658078253269196 -0.9168266654014587 -0.2601977586746216 -0.9653844237327576 0.01816844567656517 0.04260631278157234 0.19447456300258636 -0.03396674618124962 0.9803192615509033 13.969100952148438 0.0 0.0 0.0 1.0
-0.9529226422309875 0.24002543091773987 0.1852734237909317 -0.9050240516662598 -0.24140328168869019 -0.9703022241592407 0.015428871847689152 -0.0007528834976255894 0.18347454071044922 -0.03002309240400791 0.9825658798217773 13.960837364196777 0.0 0.0 0.0 1.0
-0.9596615433692932 0.22185543179512024 0.17271339893341064 -0.8689618706703186 -0.22302478551864624 -0.974727988243103 0.012855869717895985 -0.0006585079827345908 0.1712007224559784 -0.026182085275650024 0.9848881959915161 13.963022232055664 0.0 0.0 0.0 1.0
-0.9925084114074707 0.09816329926252365 0.07273904979228973 -0.6937345266342163 -0.09840885549783707 -0.9951460361480713 0.00020897967624478042 0.13303981721401215 0.07240649312734604 -0.006950752809643745 0.9973509907722473 14.214481353759766 0.0 0.0 0.0 1.0
-0.9948394894599915 0.08258535712957382 0.05894088000059128 -0.7697786092758179 -0.08274698257446289 -0.9965705275535583 -0.0003025178739335388 0.18795153498649597 0.05871376022696495 -0.00517813628539443 0.9982614517211914 14.267838478088379 0.0 0.0 0.0 1.0
-0.9973982572555542 0.06090572476387024 0.03856506571173668 -0.9364505410194397 -0.06098043546080589 -0.9981386661529541 -0.0007628400926478207 0.27750861644744873 0.0384468212723732 -0.0031125699169933796 0.9992557764053345 14.336313247680664 0.0 0.0 0.0 1.0
-0.9983851313591003 0.049251116812229156 0.028309904038906097 -1.026759147644043 -0.04926103726029396 -0.9987858533859253 0.00034720051917247474 0.32518577575683594 0.028292633593082428 -0.0010479354532435536 0.9995991587638855 14.299454689025879 0.0 0.0 0.0 1.0
-0.9990052580833435 0.039403971284627914 0.020877135917544365 -1.0764237642288208 -0.039431869983673096 -0.9992218613624573 -0.0009261161321774125 0.36509600281715393 0.02082439698278904 -0.0017484193667769432 0.999781608581543 14.360764503479004 0.0 0.0 0.0 1.0
-0.999950110912323 -0.004183204844594002 -0.009071852080523968 -1.346958875656128 0.004224529955536127 -0.9999807476997375 -0.004540904890745878 0.47110995650291443 -0.009052681736648083 -0.004579002503305674 0.9999485611915588 14.465373992919922 0.0 0.0 0.0 1.0
-0.9998928308486938 -0.008574487641453743 -0.01186841819435358 -1.3941078186035156 0.00862861704081297 -0.9999525547027588 -0.0045171575620770454 0.44906213879585266 -0.01182912290096283 -0.004619081038981676 0.9999193549156189 14.446585655212402 0.0 0.0 0.0 1.0