0.29505619406700134 0.5447298884391785 0.7849912047386169 0.0831599161028862 -0.9490715265274048 0.07209374755620956 0.30670127272605896 1.6554511785507202 0.11047640442848206 -0.8355069160461426 0.5382593870162964 12.585807800292969 0.0 0.0 0.0 1.0
0.2965657413005829 0.5450480580329895 0.7842010855674744 0.10030759125947952 -0.9484577178955078 0.07205381244421005 0.3086036145687103 1.6499764919281006 0.11169911921024323 -0.8353028297424316 0.5383237600326538 12.649273872375488 0.0 0.0 0.0 1.0
0.2997339069843292 0.5419580936431885 0.7851375937461853 0.17691805958747864 -0.9471418261528015 0.07037845999002457 0.3130003809928894 1.656921148300171 0.11437631398439407 -0.8374534845352173 0.5344060063362122 12.24351978302002 0.0 0.0 0.0 1.0
0.29101383686065674 0.5470598340034485 0.7848799228668213 0.27120062708854675 -0.9497849941253662 0.06660634279251099 0.30573201179504395 1.645423412322998 0.11497572064399719 -0.8344393968582153 0.5389725565910339 12.702593803405762 0.0 0.0 0.0 1.0
0.2752509117126465 0.5493265986442566 0.7889722585678101 0.2027370184659958 -0.9535028338432312 0.05119933560490608 0.2970033288002014 1.594315767288208 0.1227569580078125 -0.834037721157074 0.5378771424293518 12.43840217590332 0.0 0.0 0.0 1.0
0.0868740901350975 0.6128567457199097 0.7854040861129761 0.08053062111139297 -0.9672031998634338 -0.13700349628925323 0.21388788521289825 1.0179582834243774 0.238685742020607 -0.7782266139984131 0.5808548927307129 11.803343772888184 0.0 0.0 0.0 1.0
0.01405248325318098 0.6126275062561035 0.790246844291687 -0.0331365168094635 -0.9634661078453064 -0.20310619473457336 0.1745878905057907 0.9158287048339844 0.267461359500885 -0.7638294696807861 0.5873916745185852 11.863982200622559 0.0 0.0 0.0 1.0
-0.04953750595450401 0.6079655289649963 0.792416512966156 0.006604457274079323 -0.9559493064880371 -0.258688360452652 0.13871271908283234 0.8855885863304138 0.2893214821815491 -0.7506385445594788 0.5939990282058716 11.681086540222168 0.0 0.0 0.0 1.0
-0.11664081364870071 0.5999419689178467 0.791495144367218 0.10626431554555893 -0.9443651437759399 -0.3137548267841339 0.09865275025367737 0.9136958122253418 0.30752134323120117 -0.7359535098075867 0.6031609177589417 11.680895805358887 0.0 0.0 0.0 1.0
-0.19767281413078308 0.5806757211685181 0.7897728681564331 0.21607206761837006 -0.925066351890564 -0.37704768776893616 0.0456865020096302 0.9709165096282959 0.3243110775947571 -0.7215613126754761 0.6116956472396851 12.11510944366455 0.0 0.0 0.0 1.0
-0.529228150844574 0.4485056698322296 0.720250129699707 0.3656196594238281 -0.739305317401886 -0.6602939367294312 -0.13205912709236145 0.6268934607505798 0.4163475036621094 -0.6023741364479065 0.6810287237167358 11.252763748168945 0.0 0.0 0.0 1.0
-0.5953550338745117 0.39492174983024597 0.699706494808197 0.32302290201187134 -0.6767414212226868 -0.7159072756767273 -0.1717492640018463 0.6402132511138916 0.4330974221229553 -0.5757721662521362 0.6934789419174194 11.912550926208496 0.0 0.0 0.0 1.0
-0.6465374231338501 0.34811151027679443 0.6788281798362732 0.3338119387626648 -0.6206881999969482 -0.7573848366737366 -0.2027667611837387 0.7587292194366455 0.4435487389564514 -0.5524369478225708 0.7057463526725769 12.065594673156738 0.0 0.0 0.0 1.0
-0.696678102016449 0.2940397262573242 0.6543548107147217 0.3390086591243744 -0.5583021640777588 -0.7950164675712585 -0.23716561496257782 0.9076101779937744 0.4504867494106293 -0.530555784702301 0.7180336117744446 12.179344177246094 0.0 0.0 0.0 1.0
-0.7406047582626343 0.23971669375896454 0.6277264356613159 0.3630169630050659 -0.49333369731903076 -0.8282495141029358 -0.26575279235839844 1.0517468452453613 0.456208735704422 -0.5064963698387146 0.7316659092903137 12.79963493347168 0.0 0.0 0.0 1.0
-0.9114303588867188 -0.10827556252479553 0.3969523012638092 0.33961817622184753 -0.05142703652381897 -0.9272106885910034 -0.3709927201271057 0.4586747884750366 0.4082278609275818 -0.358548104763031 0.8395196795463562 12.410276412963867 0.0 0.0 0.0 1.0
-0.9191977977752686 -0.1752680391073227 0.3526422381401062 0.49845972657203674 0.03112190030515194 -0.9250255227088928 -0.3786280155181885 0.5973297357559204 0.39256447553634644 -0.3370591402053833 0.8557360768318176 12.187873840332031 0.0 0.0 0.0 1.0
-0.9196673631668091 -0.2542837858200073 0.29925188422203064 0.6756720542907715 0.1287584900856018 -0.9151710867881775 -0.3819464445114136 0.7238019108772278 0.37098947167396545 -0.312732458114624 0.8743941783905029 12.667253494262695 0.0 0.0 0.0 1.0
-0.9125586152076721 -0.31723496317863464 0.25806722044944763 0.7190797924995422 0.205694317817688 -0.9014845490455627 -0.38080891966819763 0.8239861726760864 0.3534495234489441 -0.2944275140762329 0.8879109621047974 12.810075759887695 0.0 0.0 0.0 1.0
-0.8961402773857117 -0.3849169909954071 0.22084259986877441 0.6938877105712891 0.285082072019577 -0.8807194232940674 -0.3782346844673157 0.8706698417663574 0.340089350938797 -0.27599307894706726 0.8989810943603516 12.885374069213867 0.0 0.0 0.0 1.0
-0.7329590916633606 -0.6799830794334412 -0.019850486889481544 0.46697700023651123 0.662733256816864 -0.7071737051010132 -0.24635344743728638 0.5440976619720459 0.15347842872142792 -0.19372256100177765 0.9689767360687256 12.013483047485352 0.0 0.0 0.0 1.0
-0.710635781288147 -0.701601505279541 -0.052460119128227234 0.6534641981124878 0.6927608847618103 -0.6847660541534424 -0.2262250781059265 0.5211577415466309 0.12279695272445679 -0.19710595905780792 0.9726613759994507 12.44154167175293 0.0 0.0 0.0 1.0
-0.6912913918495178 -0.7172477841377258 -0.08758890628814697 0.8366697430610657 0.7168777585029602 -0.6655889749526978 -0.20755137503147125 0.5169535279273987 0.09056755155324936 -0.2062690258026123 0.974294900894165 11.932186126708984 0.0 0.0 0.0 1.0
-0.6720842123031616 -0.7281894087791443 -0.13432423770427704 0.8370827436447144 0.7380023002624512 -0.6439152359962463 -0.20180615782737732 0.4674712121486664 0.060459673404693604 -0.23476234078407288 0.9701707363128662 11.946836471557617 0.0 0.0 0.0 1.0
-0.6592310667037964 -0.7325832843780518 -0.16951730847358704 0.7765150666236877 0.7508007884025574 -0.6288801431655884 -0.20200975239276886 0.3978899121284485 0.04138289764523506 -0.2604448199272156 0.964601457118988 12.28502368927002 0.0 0.0 0.0 1.0
-0.6359718441963196 -0.6918528079986572 -0.34187638759613037 0.5009178519248962 0.7717113494873047 -0.5708348751068115 -0.280373215675354 0.1476314216852188 -0.0011779743945226073 -0.4421393871307373 0.896945595741272 13.347061157226562 0.0 0.0 0.0 1.0
-0.6401875019073486 -0.678546667098999 -0.36018669605255127 0.49829843640327454 0.768217146396637 -0.5664001703262329 -0.29838430881500244 0.05442650616168976 -0.0015421408461406827 -0.4677234888076782 0.8838735222816467 13.552565574645996 0.0 0.0 0.0 1.0
-0.648108720779419 -0.6673033237457275 -0.36696240305900574 0.5876112580299377 0.7615368962287903 -0.5653108358383179 -0.3169940114021301 -0.004022198263555765 0.004083321895450354 -0.48490196466445923 0.8745589852333069 13.585824012756348 0.0 0.0 0.0 1.0
-0.657060444355011 -0.6680363416671753 -0.3492836058139801 0.7491442561149597 0.7536829113960266 -0.5727595090866089 -0.3223485052585602 0.3068433701992035 0.015285014174878597 -0.47505155205726624 0.879825234413147 13.825565338134766 0.0 0.0 0.0 1.0
-0.664223849773407 -0.6718279719352722 -0.32780152559280396 0.9270458221435547 0.747157096862793 -0.5827365517616272 -0.31964731216430664 0.6568927764892578 0.023726068437099457 -0.4572366178035736 0.8890285491943359 13.625190734863281 0.0 0.0 0.0 1.0
-0.6263087391853333 -0.7602853775024414 -0.17234693467617035 1.2979965209960938 0.7768914699554443 -0.5903806090354919 -0.21883875131607056 1.0924904346466064 0.06462962180376053 -0.27095550298690796 0.960419774055481 12.235939025878906 0.0 0.0 0.0 1.0
-0.604207456111908 -0.7798740863800049 -0.1634923815727234 1.289749264717102 0.7944174408912659 -0.5736198425292969 -0.1996525377035141 1.0132442712783813 0.061921365559101105 -0.2505127489566803 0.9661309719085693 12.100821495056152 0.0 0.0 0.0 1.0
-0.5792832374572754 -0.8003013134002686 -0.1547539234161377 1.2831515073776245 0.812634289264679 -0.5521745085716248 -0.1863568276166916 0.8844524621963501 0.06369044631719589 -0.23371171951293945 0.9702177047729492 11.848240852355957 0.0 0.0 0.0 1.0
-0.5541136860847473 -0.8200891017913818 -0.14287018775939941 1.325502872467041 0.8299332857131958 -0.5309354066848755 -0.1712258756160736 0.8165611028671265 0.06456562876701355 -0.2134513407945633 0.9748178124427795 11.859288215637207 0.0 0.0 0.0 1.0
-0.5256406664848328 -0.8406178951263428 -0.13062717020511627 1.468559741973877 0.8482537865638733 -0.5062570571899414 -0.15546497702598572 0.7105865478515625 0.06455571949481964 -0.19252370297908783 0.979166567325592 11.489819526672363 0.0 0.0 0.0 1.0
-0.20273201167583466 -0.9676910042762756 -0.14991268515586853 1.5828673839569092 0.9747192859649658 -0.21410265564918518 0.0638933926820755 0.34080836176872253 -0.09392577409744263 -0.13316956162452698 0.9866325855255127 10.725213050842285 0.0 0.0 0.0 1.0
-0.1378456950187683 -0.9779086112976074 -0.15714095532894135 1.662480354309082 0.9821470975875854 -0.15546299517154694 0.10591668635606766 0.3951878249645233 -0.1280064433813095 -0.1397353857755661 0.9818800091743469 10.86193561553955 0.0 0.0 0.0 1.0
-0.06755334883928299 -0.9847339987754822 -0.16042299568653107 1.6917657852172852 0.9857844114303589 -0.09066909551620483 0.14145046472549438 0.4313548505306244 -0.15383648872375488 -0.14858703315258026 0.9768604040145874 10.886012077331543 0.0 0.0 0.0 1.0
0.016514930874109268 -0.9867701530456543 -0.16128230094909668 1.734157919883728 0.9827282428741455 -0.013715690933167934 0.18454551696777344 0.48939281702041626 -0.18431609869003296 -0.16154442727565765 0.9695003628730774 10.626510620117188 0.0 0.0 0.0 1.0
0.0902051106095314 -0.9838632345199585 -0.15451917052268982 1.741852045059204 0.9727052450180054 0.053729113191366196 0.22573821246623993 0.504584550857544 -0.21379335224628448 -0.17066434025764465 0.9618555307388306 10.658753395080566 0.0 0.0 0.0 1.0
0.5971527695655823 -0.7943289279937744 -0.11158013343811035 1.3527895212173462 0.7250354886054993 0.4750088155269623 0.4986884295940399 1.4945818185806274 -0.34312108159065247 -0.37869271636009216 0.8595694899559021 11.605912208557129 0.0 0.0 0.0 1.0
0.6520548462867737 -0.7509929537773132 -0.10408680886030197 1.3083337545394897 0.6767194867134094 0.5145878195762634 0.5265454053878784 1.5591709613800049 -0.34187009930610657 -0.4137740731239319 0.843751072883606 11.832011222839355 0.0 0.0 0.0 1.0
0.7012178897857666 -0.7065312266349792 -0.09543149173259735 1.3387365341186523 0.6269640922546387 0.5473735332489014 0.5543448328971863 1.5519100427627563 -0.339425265789032 -0.44854864478111267 0.8267977833747864 12.236628532409668 0.0 0.0 0.0 1.0
0.74393630027771 -0.6631439924240112 -0.08245489001274109 1.3037699460983276 0.5754075050354004 0.5729402303695679 0.5836485624313354 1.482660174369812 -0.3398013412952423 -0.48164254426956177 0.8078091144561768 12.460412979125977 0.0 0.0 0.0 1.0
0.7893744111061096 -0.6108441352844238 -0.061298005282878876 1.0898704528808594 0.5100166201591492 0.5969296097755432 0.6193206310272217 1.4033277034759521 -0.34171777963638306 -0.5201388597488403 0.7827416658401489 12.857017517089844 0.0 0.0 0.0 1.0
0.915615975856781 -0.4020269811153412 0.004654118791222572 0.006619436200708151 0.24687063694000244 0.5713089108467102 0.7827266454696655 1.6247529983520508 -0.31733617186546326 -0.7155280709266663 0.6223482489585876 15.196002960205078 0.0 0.0 0.0 1.0
0.9190924763679504 -0.3940392732620239 -0.0014293185668066144 0.04073686525225639 0.23745279014110565 0.5509541034698486 0.8000410795211792 1.4650858640670776 -0.3144601285457611 -0.7356511354446411 0.5999435186386108 16.13140869140625 0.0 0.0 0.0 1.0
0.9201374053955078 -0.3915936350822449 -0.0012602901551872492 0.09572990983724594 0.23233850300312042 0.5433352589607239 0.8067252039909363 1.412329077720642 -0.31522369384765625 -0.7425908446311951 0.590925395488739 16.136316299438477 0.0 0.0 0.0 1.0
0.9209800362586975 -0.38960546255111694 -0.0018342050025239587 0.16857898235321045 0.22949384152889252 0.5386791825294495 0.8106523752212524 1.4762531518936157 -0.31484654545783997 -0.7470155954360962 0.58552485704422 15.425301551818848 0.0 0.0 0.0 1.0
0.9245561361312866 -0.38103944063186646 -0.0022056102752685547 0.24085383117198944 0.2236064225435257 0.5378547310829163 0.8128421902656555 1.538950800895691 -0.30853864550590515 -0.7520114779472351 0.5824797749519348 16.13318634033203 0.0 0.0 0.0 1.0
0.9597199559211731 -0.21796338260173798 0.17728371918201447 -0.31100234389305115 -0.02719014137983322 0.5559811592102051 0.830750048160553 1.7544376850128174 -0.27963948249816895 -0.8021078109741211 0.5276597738265991 15.559476852416992 0.0 0.0 0.0 1.0
0.9591968059539795 -0.1718299388885498 0.2245350331068039 -0.3719595968723297 -0.09587381035089493 0.5494250655174255 0.830024242401123 1.7773109674453735 -0.26598820090293884 -0.8176836371421814 0.510532796382904 15.391668319702148 0.0 0.0 0.0 1.0
0.9525864720344543 -0.1169833093881607 0.2808806896209717 -0.29356831312179565 -0.17802466452121735 0.534345805644989 0.8263061046600342 1.8057273626327515 -0.24675144255161285 -0.837131679058075 0.48818469047546387 15.675444602966309 0.0 0.0 0.0 1.0
0.9441065788269043 -0.06515383720397949 0.32313740253448486 -0.292712926864624 -0.2441563904285431 0.5203965306282043 0.8182756900787354 1.9134083986282349 -0.22147339582443237 -0.8514354825019836 0.4754020571708679 15.779047012329102 0.0 0.0 0.0 1.0
0.9338716864585876 -0.00848254095762968 0.3575076162815094 -0.3736678659915924 -0.30450722575187683 0.5053274631500244 0.8074153661727905 1.9723906517028809 -0.18750734627246857 -0.8628860116004944 0.46932798624038696 15.197458267211914 0.0 0.0 0.0 1.0
0.7130941152572632 0.29317259788513184 0.636825442314148 -1.4791080951690674 -0.7010021209716797 0.2856939136981964 0.6534332036972046 1.0956617593765259 0.009631563909351826 -0.9123753905296326 0.40924128890037537 13.531872749328613 0.0 0.0 0.0 1.0
0.6613262295722961 0.3208603858947754 0.678009033203125 -1.4870373010635376 -0.7492689490318298 0.24007871747016907 0.6172181367874146 0.9679481983184814 0.03526531904935837 -0.9161936640739441 0.3991810977458954 13.766488075256348 0.0 0.0 0.0 1.0
0.6008102893829346 0.3479863703250885 0.7196753025054932 -1.5454577207565308 -0.7966834902763367 0.1866125613451004 0.5748661756515503 0.911513090133667 0.06574515998363495 -0.9187389612197876 0.38935375213623047 13.953253746032715 0.0 0.0 0.0 1.0
0.556801438331604 0.3713517189025879 0.7430141568183899 -1.6084682941436768 -0.8257010579109192 0.14998872578144073 0.5438024997711182 0.900574803352356 0.09049824625253677 -0.9162976145744324 0.3901394307613373 13.737566947937012 0.0 0.0 0.0 1.0
0.5187975168228149 0.39403384923934937 0.758674144744873 -1.6550954580307007 -0.8464893102645874 0.11261206865310669 0.5203598737716675 0.8970358967781067 0.11960352957248688 -0.912170946598053 0.391968309879303 13.599859237670898 0.0 0.0 0.0 1.0
0.24786096811294556 0.48172566294670105 0.840538740158081 -1.1575238704681396 -0.9437275528907776 -0.07603303343057632 0.32186535000801086 0.41944366693496704 0.2189595103263855 -0.8730173707008362 0.4357721507549286 15.06638240814209 0.0 0.0 0.0 1.0
0.20797434449195862 0.4741523265838623 0.855526864528656 -0.8415082097053528 -0.9503061771392822 -0.10920077562332153 0.29153624176979065 0.21279853582382202 0.23165680468082428 -0.8736445307731628 0.4278789162635803 12.782925605773926 0.0 0.0 0.0 1.0
0.17096489667892456 0.4695248603820801 0.8662086129188538 -0.5717440247535706 -0.9558506011962891 -0.13421793282032013 0.2614099383354187 0.0867653638124466 0.23899918794631958 -0.8726579546928406 0.4258490800857544 12.644954681396484 0.0 0.0 0.0 1.0
0.13714054226875305 0.4655997157096863 0.8743050694465637 -0.2916138470172882 -0.9586805105209351 -0.15970762073993683 0.23542557656764984 -0.0516451820731163 0.24924726784229279 -0.8704656362533569 0.42445895075798035 12.633943557739258 0.0 0.0 0.0 1.0
0.11094272136688232 0.4688699543476105 0.8762720227241516 -0.07708392292261124 -0.9590055346488953 -0.1808445006608963 0.2181825190782547 -0.09765323996543884 0.26076820492744446 -0.8645554780960083 0.4295855164527893 12.522428512573242 0.0 0.0 0.0 1.0
-0.20477645099163055 0.4642721712589264 0.8616948127746582 0.5639029145240784 -0.9218061566352844 -0.38751494884490967 -0.010272533632814884 0.15046705305576324 0.32915037870407104 -0.7964192032814026 0.5073229074478149 12.29790210723877 0.0 0.0 0.0 1.0
-0.2648504376411438 0.45124879479408264 0.8521905541419983 0.7941616773605347 -0.9018920063972473 -0.42865872383117676 -0.05331527441740036 0.30014458298683167 0.34124046564102173 -0.7827044129371643 0.5205081105232239 12.382718086242676 0.0 0.0 0.0 1.0
-0.32500186562538147 0.43369436264038086 0.8404064774513245 0.9223385453224182 -0.8782936930656433 -0.4679335951805115 -0.09817501157522202 0.4534511864185333 0.3506764769554138 -0.7700307369232178 0.5329902768135071 12.670242309570312 0.0 0.0 0.0 1.0
-0.3779793381690979 0.4109947979450226 0.8295871615409851 0.9187731146812439 -0.8518112301826477 -0.505424976348877 -0.13770705461502075 0.5816060304641724 0.36269721388816833 -0.7587020993232727 0.5411301851272583 13.117804527282715 0.0 0.0 0.0 1.0
-0.44178810715675354 0.39285174012184143 0.8065300583839417 0.8907024264335632 -0.8153272271156311 -0.5508683323860168 -0.17828509211540222 0.7640507817268372 0.3742522895336151 -0.7363501787185669 0.5636698007583618 12.88929557800293 0.0 0.0 0.0 1.0
-0.7532761096954346 0.28158122301101685 0.5943796038627625 0.43872126936912537 -0.5974037647247314 -0.6709408760070801 -0.43925741314888 0.5534428358078003 0.27510693669319153 -0.6859667301177979 0.673621416091919 13.778459548950195 0.0 0.0 0.0 1.0
-0.8008743524551392 0.2602168619632721 0.5393398404121399 0.3409431576728821 -0.545712947845459 -0.6879891753196716 -0.478401780128479 0.5685555934906006 0.24657176434993744 -0.677464485168457 0.6929965615272522 14.090940475463867 0.0 0.0 0.0 1.0
-0.8339056968688965 0.24710381031036377 0.49349871277809143 0.21008051931858063 -0.5045958161354065 -0.703575611114502 -0.5003643035888672 0.6700731515884399 0.22357171773910522 -0.6662740111351013 0.7114032506942749 14.519168853759766 0.0 0.0 0.0 1.0
-0.8589234352111816 0.23929476737976074 0.4527566134929657 0.16770046949386597 -0.4692409634590149 -0.7218418717384338 -0.5086818933486938 0.816680371761322 0.20509375631809235 -0.6493707299232483 0.7322937846183777 14.40354061126709 0.0 0.0 0.0 1.0
-0.8786094784736633 0.23481662571430206 0.41582024097442627 0.25771060585975647 -0.4399663805961609 -0.7365970015525818 -0.513667643070221 0.9290275573730469 0.1856742650270462 -0.6342601776123047 0.7504925727844238 14.090704917907715 0.0 0.0 0.0 1.0
-0.9724484086036682 0.2110099345445633 0.0990900918841362 0.23999764025211334 -0.2323308289051056 -0.8423482179641724 -0.4862837493419647 0.9537366628646851 -0.01914234645664692 -0.4959075450897217 0.8681643009185791 13.859670639038086 0.0 0.0 0.0 1.0
-0.9757175445556641 0.21224722266197205 0.054096367210149765 0.23152081668376923 -0.21251116693019867 -0.8575211763381958 -0.4685044586658478 1.0151176452636719 -0.05304998904466629 -0.468624085187912 0.8818033337593079 13.75964069366455 0.0 0.0 0.0 1.0
-0.9760730862617493 0.2172652631998062 0.008785719983279705 0.19439710676670074 -0.19821877777576447 -0.8724417686462402 -0.44671547412872314 1.0778636932373047 -0.08939072489738464 -0.43776842951774597 0.8946329355239868 13.638608932495117 0.0 0.0 0.0 1.0
-0.9743194580078125 0.22424253821372986 -0.020418375730514526 0.2959994673728943 -0.19390729069709778 -0.8816826939582825 -0.43015769124031067 1.0722486972808838 -0.11446218192577362 -0.4151517152786255 0.9025228023529053 13.756367683410645 0.0 0.0 0.0 1.0
-0.9724867939949036 0.2304455190896988 -0.03412098065018654 0.5497655868530273 -0.19686062633991241 -0.8912506103515625 -0.40855634212493896 0.9920855760574341 -0.12456031888723373 -0.3905985653400421 0.9120951294898987 13.408585548400879 0.0 0.0 0.0 1.0
-0.9813434481620789 0.15086108446121216 -0.11918903887271881 1.866873025894165 -0.11720062047243118 -0.9608216881752014 -0.2511686086654663 0.9238777160644531 -0.15241098403930664 -0.23251362144947052 0.9605770707130432 12.911592483520508 0.0 0.0 0.0 1.0
-0.9827162623405457 0.13237407803535461 -0.12940555810928345 1.8536955118179321 -0.09934627264738083 -0.966974675655365 -0.2347131222486496 1.0781548023223877 -0.1562018245458603 -0.21780045330524445 0.9634126424789429 13.234233856201172 0.0 0.0 0.0 1.0
-0.9833610653877258 0.11777210235595703 -0.1383141279220581 1.8812940120697021 -0.08585707098245621 -0.9722833037376404 -0.21747125685214996 1.2079962491989136 -0.1600925624370575 -0.20197750627994537 0.9662171006202698 12.984097480773926 0.0 0.0 0.0 1.0
-0.983852744102478 0.10875696688890457 -0.14214682579040527 1.9334384202957153 -0.0777738094329834 -0.9750873446464539 -0.2077399045228958 1.2697820663452148 -0.16119873523712158 -0.19333016872406006 0.9678007960319519 13.060179710388184 0.0 0.0 0.0 1.0
-0.9845356941223145 0.10046923160552979 -0.1435108780860901 1.984192967414856 -0.07019197195768356 -0.976804792881012 -0.2023005187511444 1.3062152862548828 -0.16050709784030914 -0.1890987753868103 0.9687513113021851 13.25828742980957 0.0 0.0 0.0 1.0
-0.994516909122467 0.05235070735216141 -0.09052880853414536 2.746971607208252 -0.03717556223273277 -0.9861148595809937 -0.1618499755859375 0.7683097124099731 -0.09774477034807205 -0.15759707987308502 0.9826540946960449 12.49862003326416 0.0 0.0 0.0 1.0
-0.995538055896759 0.04680928960442543 -0.08193178474903107 2.829819440841675 -0.03447001427412033 -0.9886816740036011 -0.14601503312587738 0.570170521736145 -0.08783931285142899 -0.14253933727741241 0.9858837723731995 12.212228775024414 0.0 0.0 0.0 1.0
-0.9963966012001038 0.04043881595134735 -0.0745556578040123 2.8996694087982178 -0.03051126003265381 -0.9910721182823181 -0.12978853285312653 0.493190199136734 -0.07913853228092194 -0.12704606354236603 0.9887347221374512 12.101801872253418 0.0 0.0 0.0 1.0
-0.9973503351211548 0.03249620273709297 -0.06508660316467285 2.9412152767181396 -0.025039106607437134 -0.9933614730834961 -0.11227674782276154 0.4868745505809784 -0.06830309331417084 -0.11034954339265823 0.9915430545806885 11.8452787399292 0.0 0.0 0.0 1.0
-0.9980610609054565 0.023171287029981613 -0.05776903033256531 2.9452881813049316 -0.017682775855064392 -0.9954367280006409 -0.09377102553844452 0.5357878804206848 -0.05967821180820465 -0.09256768971681595 0.9939163327217102 11.576776504516602 0.0 0.0 0.0 1.0
-0.9985127449035645 -0.00427774665877223 -0.05435098707675934 2.7340641021728516 0.00725872116163373 -0.9984726905822754 -0.05476832017302513 0.6469001770019531 -0.05403369292616844 -0.055081382393836975 0.9970187544822693 11.084396362304688 0.0 0.0 0.0 1.0
-0.9981032013893127 -0.014575446024537086 -0.05981237813830376 2.662919759750366 0.017611384391784668 -0.9985663294792175 -0.050548579543828964 0.6775034070014954 -0.05898985639214516 -0.051506079733371735 0.9969289302825928 11.120455741882324 0.0 0.0 0.0 1.0
-0.9972112774848938 -0.01871452108025551 -0.07224550098180771 2.5617432594299316 0.022364361211657524 -0.9984964728355408 -0.0500461608171463 0.6336733102798462 -0.07120028883218765 -0.05152231827378273 0.9961305260658264 11.302302360534668 0.0 0.0 0.0 1.0
-0.9955006241798401 -0.01387850847095251 -0.09373285621404648 2.3852474689483643 0.017907466739416122 -0.9989452958106995 -0.04227997362613678 0.5891339778900146 -0.09304721653461456 -0.0437682569026947 0.994699239730835 11.212850570678711 0.0 0.0 0.0 1.0
-0.9922851324081421 0.006688360590487719 -0.12379619479179382 2.152451276779175 -0.003317750757560134 -0.9996187090873718 -0.027413247153162956 0.5455173850059509 -0.12393233925104141 -0.026791032403707504 0.9919289350509644 11.10593032836914 0.0 0.0 0.0 1.0
-0.9357349276542664 0.1616063117980957 -0.3135020136833191 1.52829110622406 -0.17370367050170898 -0.9847382307052612 0.010847406461834908 0.17387713491916656 -0.3069643974304199 0.06460674852132797 0.9495255947113037 10.251301765441895 0.0 0.0 0.0 1.0
-0.9259234666824341 0.1762973666191101 -0.33404335379600525 1.505137324333191 -0.19287818670272827 -0.981078028678894 0.016850991174578667 0.2106681615114212 -0.3247517943382263 0.08003240078687668 0.9424070715904236 10.092331886291504 0.0 0.0 0.0 1.0
-0.914729654788971 0.19030895829200745 -0.3564437925815582 1.530018925666809 -0.21029333770275116 -0.9774765968322754 0.017784032970666885 0.21305806934833527 -0.3450309932231903 0.09122534096240997 0.9341474771499634 10.005642890930176 0.0 0.0 0.0 1.0
-0.9048139452934265 0.20310792326927185 -0.3742443919181824 1.5717970132827759 -0.22859181463718414 -0.9732142686843872 0.024490753188729286 0.2197498083114624 -0.3592456877231598 0.10770877450704575 0.9270066618919373 10.009892463684082 0.0 0.0 0.0 1.0
-0.8990605473518372 0.22131367027759552 -0.377770334482193 1.6992552280426025 -0.2493860125541687 -0.9680443406105042 0.026396093890070915 0.2025146484375 -0.35985663533210754 0.11794231832027435 0.9255229830741882 9.896235466003418 0.0 0.0 0.0 1.0