-0.9590741395950317 0.16545207798480988 0.22978779673576355 0.07259495556354523 -0.164211705327034 -0.9861171245574951 0.02464851550757885 3.663884401321411 0.2306758314371109 -0.014094092883169651 0.9729285836219788 21.163166046142578 0.0 0.0 0.0 1.0
-0.9599408507347107 0.16495662927627563 0.22650130093097687 0.05431068688631058 -0.16349361836910248 -0.9862189292907715 0.02533823996782303 3.649374008178711 0.22755958139896393 -0.01270830538123846 0.9736812114715576 21.217567443847656 0.0 0.0 0.0 1.0
-0.9620358347892761 0.15640902519226074 0.22365887463092804 0.0016354406252503395 -0.15444016456604004 -0.9876498579978943 0.02638114243745804 3.6593940258026123 0.22502291202545166 -0.009162312373518944 0.9743103981018066 20.687320709228516 0.0 0.0 0.0 1.0
-0.9656553268432617 0.14924249053001404 0.21268868446350098 -0.033732928335666656 -0.14636164903640747 -0.988796591758728 0.02931775152683258 3.756922960281372 0.21468131244182587 -0.002818625420331955 0.9766800999641418 20.716798782348633 0.0 0.0 0.0 1.0
-0.9702670574188232 0.1381070613861084 0.19876700639724731 -0.3875463604927063 -0.1346842646598816 -0.990412712097168 0.030705738812685013 3.8438775539398193 0.20110204815864563 0.0030219759792089462 0.9795656204223633 21.137914657592773 0.0 0.0 0.0 1.0
-0.9745931625366211 0.12312525510787964 0.1871052086353302 -0.49808579683303833 -0.11941571533679962 -0.9923598170280457 0.03101368062198162 3.96132755279541 0.1894942671060562 0.007882417179644108 0.9818502068519592 21.165403366088867 0.0 0.0 0.0 1.0
-0.9787371754646301 0.10725691169500351 0.17484143376350403 -0.3595239222049713 -0.10352122038602829 -0.9941633343696594 0.030375083908438683 4.099609851837158 0.17707887291908264 0.01162942498922348 0.984127938747406 21.117334365844727 0.0 0.0 0.0 1.0
-0.9822841882705688 0.0939590111374855 0.16214032471179962 -0.380471795797348 -0.09028633683919907 -0.9954672455787659 0.029889406636357307 4.266112327575684 0.16421376168727875 0.014720835722982883 0.9863149523735046 20.970474243164062 0.0 0.0 0.0 1.0
-0.9869299530982971 0.07556873559951782 0.14233286678791046 -0.33835554122924805 -0.07242348790168762 -0.9970041513442993 0.0271577350795269 4.456019401550293 0.14395873248577118 0.016494538635015488 0.989446222782135 21.00222396850586 0.0 0.0 0.0 1.0
-0.9919154644012451 0.052118539810180664 0.1157040074467659 -0.7904601097106934 -0.04971494525671005 -0.9984853863716125 0.023565134033560753 4.143874645233154 0.11675694584846497 0.01762240193784237 0.9930041432380676 21.073265075683594 0.0 0.0 0.0 1.0
-0.9954399466514587 0.03817293420433998 0.08741960674524307 -0.994667112827301 -0.03657601401209831 -0.9991347789764404 0.01979738473892212 3.6809463500976562 0.08809969574213028 0.0165096465498209 0.9959748387336731 20.89527702331543 0.0 0.0 0.0 1.0
-0.9981265068054199 0.023189956322312355 0.056618668138980865 -0.9581024050712585 -0.022390568628907204 -0.9996410608291626 0.014712641946971416 3.4298033714294434 0.05693952739238739 0.013417353853583336 0.9982874393463135 20.40985870361328 0.0 0.0 0.0 1.0
-0.9994965195655823 0.010559793561697006 0.02992013841867447 -0.9088214039802551 -0.010326163843274117 -0.9999150633811951 0.007952220737934113 3.416936159133911 0.030001571401953697 0.007639256771653891 0.9995206594467163 19.973859786987305 0.0 0.0 0.0 1.0
-0.9999898076057434 -0.0007274546660482883 0.004462392069399357 -0.7812131643295288 0.0007374162087216973 -0.9999972581863403 0.002231092192232609 3.389174222946167 0.004460756666958332 0.002234359970316291 0.9999875426292419 19.550687789916992 0.0 0.0 0.0 1.0
-0.9998026490211487 -0.012046600691974163 -0.015796052291989326 -0.5674367547035217 0.01207861676812172 -0.9999251961708069 -0.001933038467541337 3.391805410385132 -0.01577158458530903 -0.0021234515588730574 0.9998733401298523 18.86981964111328 0.0 0.0 0.0 1.0
-0.9986345171928406 -0.027961337938904762 -0.044127218425273895 -0.8373144268989563 0.028306636959314346 -0.9995732307434082 -0.007219627499580383 3.2321887016296387 -0.04390651360154152 -0.008458863012492657 0.998999834060669 18.063377380371094 0.0 0.0 0.0 1.0
-0.9962617754936218 -0.04501844942569733 -0.07372792065143585 -0.9749533534049988 0.045983511954545975 -0.9988766312599182 -0.011443949304521084 2.845489501953125 -0.07312990725040436 -0.014791437424719334 0.9972127079963684 17.236637115478516 0.0 0.0 0.0 1.0
-0.9933852553367615 -0.061184342950582504 -0.09717106819152832 -1.0072529315948486 0.06287416070699692 -0.9979172348976135 -0.014421477913856506 2.4499454498291016 -0.09608631581068039 -0.02043563313782215 0.9951632022857666 16.478809356689453 0.0 0.0 0.0 1.0
-0.9886606931686401 -0.08269038051366806 -0.125348761677742 -0.7915284037590027 0.08557318896055222 -0.9961732029914856 -0.017781654372811317 2.017367362976074 -0.12339870631694794 -0.028306515887379646 0.9919533729553223 15.630400657653809 0.0 0.0 0.0 1.0
-0.982124924659729 -0.10698926448822021 -0.15486733615398407 -0.5624105334281921 0.11140652745962143 -0.9935715198516846 -0.020105184987187386 2.0287725925445557 -0.15172073245048523 -0.03699903562664986 0.9877306818962097 15.4391450881958 0.0 0.0 0.0 1.0
-0.9729129672050476 -0.1350516676902771 -0.18762029707431793 -0.5310774445533752 0.1411258578300476 -0.9898027181625366 -0.019340505823493004 2.1226258277893066 -0.18309511244297028 -0.04529470577836037 0.9820511937141418 15.500547409057617 0.0 0.0 0.0 1.0
-0.9636712670326233 -0.159081369638443 -0.21454794704914093 -0.6397345066070557 0.16620124876499176 -0.9859708547592163 -0.015445344150066376 2.054299831390381 -0.20908096432685852 -0.05054237321019173 0.9765913486480713 15.475417137145996 0.0 0.0 0.0 1.0
-0.9507961869239807 -0.18771769106388092 -0.24647237360477448 -0.7433129549026489 0.1958441436290741 -0.9805968403816223 -0.008652040734887123 1.9295735359191895 -0.24006588757038116 -0.05649649724364281 0.9691112041473389 15.416534423828125 0.0 0.0 0.0 1.0
-0.9378473162651062 -0.21426045894622803 -0.2730106711387634 -0.6271900534629822 0.22370238602161407 -0.974651038646698 -0.0035511816386133432 2.0527987480163574 -0.2653292715549469 -0.06440360844135284 0.9620044231414795 15.663850784301758 0.0 0.0 0.0 1.0
-0.9273521304130554 -0.23451019823551178 -0.2915869653224945 -0.5056139230728149 0.24539482593536377 -0.9694228768348694 -0.0007814610726200044 2.0752859115600586 -0.2824878394603729 -0.07227861881256104 0.9565439820289612 16.16473388671875 0.0 0.0 0.0 1.0
-0.9139826893806458 -0.25580304861068726 -0.31496095657348633 -0.6742857098579407 0.26834699511528015 -0.9633153676986694 0.003665543394163251 2.058800458908081 -0.30434438586235046 -0.08116857707500458 0.9490975737571716 16.53774642944336 0.0 0.0 0.0 1.0
-0.8984944820404053 -0.27724766731262207 -0.3403547406196594 -0.6971923112869263 0.2913748025894165 -0.9565566778182983 0.010002662427723408 2.070094108581543 -0.3283418118953705 -0.09018345177173615 0.9402438998222351 16.682775497436523 0.0 0.0 0.0 1.0
-0.8843708634376526 -0.2951892912387848 -0.36159569025039673 -0.6552217602729797 0.3109331429004669 -0.9503082633018494 0.015322595834732056 2.186081886291504 -0.34815046191215515 -0.09888123720884323 0.9322090744972229 16.82956314086914 0.0 0.0 0.0 1.0
-0.8645767569541931 -0.3186519145965576 -0.388545960187912 -0.4198015332221985 0.3375515043735504 -0.9410797357559204 0.020686529576778412 2.3058197498321533 -0.37224453687667847 -0.11326918005943298 0.9211971163749695 17.232765197753906 0.0 0.0 0.0 1.0
-0.8444413542747498 -0.3419736623764038 -0.41227760910987854 -0.49991220235824585 0.3640460968017578 -0.9310013055801392 0.02658974565565586 2.1300132274627686 -0.3929239809513092 -0.12763457000255585 0.9106701612472534 17.598297119140625 0.0 0.0 0.0 1.0
-0.8249067068099976 -0.36072850227355957 -0.4352055490016937 -0.5361483693122864 0.38548704981803894 -0.9221001267433167 0.03363225981593132 1.867823839187622 -0.4134351909160614 -0.1400226205587387 0.8997027277946472 17.875593185424805 0.0 0.0 0.0 1.0
-0.8087461590766907 -0.37567928433418274 -0.4525425434112549 -0.5082180500030518 0.4013565182685852 -0.9149458408355713 0.042273737490177155 2.259010076522827 -0.4299332797527313 -0.14744217693805695 0.8907402157783508 17.431529998779297 0.0 0.0 0.0 1.0
-0.7871729135513306 -0.3925148546695709 -0.47570040822029114 -0.38233673572540283 0.4200421869754791 -0.9059855937957764 0.052484653890132904 2.69092059135437 -0.4515787363052368 -0.15849973261356354 0.8780401349067688 17.494287490844727 0.0 0.0 0.0 1.0
-0.7610887885093689 -0.41071975231170654 -0.5020489692687988 -0.35906514525413513 0.43775033950805664 -0.8963900208473206 0.06971076875925064 2.7174787521362305 -0.47866326570510864 -0.16671602427959442 0.8620250821113586 17.52405548095703 0.0 0.0 0.0 1.0
-0.7389864325523376 -0.42289865016937256 -0.5244576334953308 -0.26807257533073425 0.4482133984565735 -0.8897870182991028 0.08592899888753891 2.577578067779541 -0.5029948353767395 -0.17156857252120972 0.8470893502235413 17.677404403686523 0.0 0.0 0.0 1.0
-0.7112777233123779 -0.4393196403980255 -0.5487095713615417 -0.032344236969947815 0.46005648374557495 -0.8811573386192322 0.10913199186325073 2.8449409008026123 -0.5314432978630066 -0.17481425404548645 0.8288594484329224 17.523616790771484 0.0 0.0 0.0 1.0
-0.6812935471534729 -0.455171138048172 -0.5732872486114502 0.21776117384433746 0.4734594523906708 -0.8712995648384094 0.12912467122077942 3.1066129207611084 -0.5582787990570068 -0.18345646560192108 0.8091158866882324 17.87709617614746 0.0 0.0 0.0 1.0
-0.6490212678909302 -0.47212257981300354 -0.5965497493743896 -0.15714383125305176 0.48221006989479065 -0.8617960214614868 0.1574198603630066 3.3001232147216797 -0.5884256958961487 -0.18549346923828125 0.786986231803894 17.58310317993164 0.0 0.0 0.0 1.0
-0.6226699948310852 -0.4804289638996124 -0.6176326274871826 -0.6259893178939819 0.48624640703201294 -0.8559908270835876 0.1756249964237213 3.257518768310547 -0.6130632162094116 -0.19096523523330688 0.7666066884994507 17.277725219726562 0.0 0.0 0.0 1.0
-0.5963246822357178 -0.49153491854667664 -0.634657621383667 -0.6393976807594299 0.4937901794910431 -0.8479474782943726 0.19275988638401031 3.306943893432617 -0.6329045295715332 -0.19844022393226624 0.7483671307563782 17.257671356201172 0.0 0.0 0.0 1.0
-0.5708882212638855 -0.5044504404067993 -0.6477780342102051 -0.0563511960208416 0.5080546140670776 -0.8368357419967651 0.20392753183841705 3.4492483139038086 -0.6449551582336426 -0.21268676221370697 0.7340280413627625 17.413063049316406 0.0 0.0 0.0 1.0
-0.5400611162185669 -0.5207831263542175 -0.6611497402191162 0.2707783877849579 0.523775577545166 -0.8228710889816284 0.2203230857849121 3.435171365737915 -0.6587815284729004 -0.22730614244937897 0.7171741724014282 17.453125 0.0 0.0 0.0 1.0
-0.49865052103996277 -0.5319401025772095 -0.6843883395195007 -0.11888445913791656 0.5357508063316345 -0.8098217844963074 0.23908104002475739 3.2621424198150635 -0.6814093589782715 -0.24744370579719543 0.6888054013252258 17.093130111694336 0.0 0.0 0.0 1.0
-0.4593603014945984 -0.5425423979759216 -0.7033035159111023 -0.4115874469280243 0.5491436719894409 -0.7958019971847534 0.2552262246608734 3.218903064727783 -0.6981613636016846 -0.2689738869667053 0.6634935736656189 17.22093963623047 0.0 0.0 0.0 1.0
-0.42652827501296997 -0.551969051361084 -0.7165220379829407 -0.5099005103111267 0.5633746385574341 -0.7818841934204102 0.26695719361305237 3.540881872177124 -0.707589328289032 -0.28980553150177 0.6444610953330994 17.8291015625 0.0 0.0 0.0 1.0
-0.40161189436912537 -0.5626553893089294 -0.7225834131240845 -0.4281997084617615 0.5790210366249084 -0.7672998309135437 0.2756548821926117 3.670518159866333 -0.7095368504524231 -0.3076847493648529 0.6339460611343384 18.143112182617188 0.0 0.0 0.0 1.0
-0.37043890357017517 -0.572152853012085 -0.7317213416099548 -0.38877442479133606 0.5969101190567017 -0.7502041459083557 0.2844153046607971 3.3188796043395996 -0.711669385433197 -0.3314133882522583 0.6194286346435547 18.407316207885742 0.0 0.0 0.0 1.0
-0.3346885144710541 -0.5817246437072754 -0.7413366436958313 -0.37461477518081665 0.6102715134620667 -0.7332478761672974 0.299860417842865 3.2900288105010986 -0.7180197238922119 -0.3520568013191223 0.6004195809364319 18.4615478515625 0.0 0.0 0.0 1.0
-0.3062629997730255 -0.5913188457489014 -0.7460194230079651 -0.3250461220741272 0.6207775473594666 -0.7181811928749084 0.3144058585166931 3.579444408416748 -0.7216912508010864 -0.3668212294578552 0.587029755115509 18.50770378112793 0.0 0.0 0.0 1.0
-0.27480509877204895 -0.6028990149497986 -0.7489959001541138 -0.37909096479415894 0.6322826147079468 -0.7001767158508301 0.33161917328834534 3.8624677658081055 -0.7243623733520508 -0.38244643807411194 0.5736147165298462 18.562068939208984 0.0 0.0 0.0 1.0
-0.24500294029712677 -0.6176831126213074 -0.7472891807556152 -0.44878870248794556 0.640270471572876 -0.6818740367889404 0.35369694232940674 3.8368942737579346 -0.728029727935791 -0.39181041717529297 0.5625453591346741 18.529020309448242 0.0 0.0 0.0 1.0
-0.21491725742816925 -0.6332995295524597 -0.7434664368629456 -0.18244372308254242 0.6457516551017761 -0.6632469296455383 0.37829655408859253 3.8731954097747803 -0.7326768636703491 -0.39879220724105835 0.5514973998069763 18.254207611083984 0.0 0.0 0.0 1.0
-0.18800383806228638 -0.6444761157035828 -0.7411512136459351 -0.03607882931828499 0.6472591161727905 -0.6488635540008545 0.4000396430492401 3.849518060684204 -0.738722026348114 -0.4045078754425049 0.5391318798065186 18.081483840942383 0.0 0.0 0.0 1.0
-0.14922520518302917 -0.6576154232025146 -0.7384265661239624 -0.30288535356521606 0.6444202065467834 -0.631089448928833 0.431797057390213 4.029580116271973 -0.7499696612358093 -0.4114219844341278 0.5179551243782043 17.770648956298828 0.0 0.0 0.0 1.0
-0.1076398566365242 -0.6652050614356995 -0.7388612031936646 -0.49666258692741394 0.6358656883239746 -0.6173623204231262 0.46318313479423523 4.139216899871826 -0.7642568349838257 -0.41995951533317566 0.4894338548183441 17.546371459960938 0.0 0.0 0.0 1.0
-0.08015778660774231 -0.6714770793914795 -0.7366771697998047 -0.4155043065547943 0.6302514672279358 -0.606714129447937 0.4844388961791992 4.148149013519287 -0.7722420692443848 -0.4254603087902069 0.4718322455883026 17.50687026977539 0.0 0.0 0.0 1.0
-0.0518987737596035 -0.676893949508667 -0.7342486381530762 0.16937346756458282 0.6253189444541931 -0.5952873826026917 0.5045881271362305 4.083288192749023 -0.7786415815353394 -0.43295207619667053 0.45416930317878723 17.737049102783203 0.0 0.0 0.0 1.0
-0.021372053772211075 -0.6782163381576538 -0.7345514893531799 0.6010301113128662 0.6214829087257385 -0.5845291018486023 0.5216174125671387 4.159300327301025 -0.7831361293792725 -0.4453631639480591 0.4339924454689026 17.945043563842773 0.0 0.0 0.0 1.0
0.009128637611865997 -0.6781272292137146 -0.7348878383636475 0.41872021555900574 0.6170439720153809 -0.5744935274124146 0.5377861261367798 4.2882819175720215 -0.7868757247924805 -0.45836734771728516 0.41318994760513306 18.238147735595703 0.0 0.0 0.0 1.0
0.05472060665488243 -0.6796102523803711 -0.7315296530723572 -0.21119746565818787 0.6088595390319824 -0.5579521059989929 0.563896656036377 4.6598734855651855 -0.7913884520530701 -0.4762555956840515 0.3832557201385498 18.405195236206055 0.0 0.0 0.0 1.0
0.09941235929727554 -0.676522433757782 -0.729681134223938 -0.24100728332996368 0.6071763634681702 -0.5397233366966248 0.583125650882721 4.623903274536133 -0.7883235812187195 -0.5010150074958801 0.3571132719516754 18.445837020874023 0.0 0.0 0.0 1.0
0.1413636952638626 -0.6677607893943787 -0.7308295965194702 0.021592801436781883 0.6064639091491699 -0.5250773429870605 0.5970722436904907 4.581478118896484 -0.7824434638023376 -0.527626097202301 0.3307459354400635 18.52351188659668 0.0 0.0 0.0 1.0
0.17459896206855774 -0.6581262350082397 -0.732383131980896 0.086532361805439 0.6068758964538574 -0.5138047337532043 0.6063879132270813 4.542783737182617 -0.7753817439079285 -0.5503404140472412 0.3096911609172821 18.633447647094727 0.0 0.0 0.0 1.0
0.21705441176891327 -0.6401342153549194 -0.7369637489318848 -0.0720999613404274 0.6063242554664612 -0.5032579898834229 0.6157128214836121 4.357179164886475 -0.765021800994873 -0.5804821252822876 0.2788945138454437 18.54500961303711 0.0 0.0 0.0 1.0
0.2632308006286621 -0.6230736374855042 -0.7365384101867676 -0.41667333245277405 0.5994462370872498 -0.49255698919296265 0.630913496017456 3.9702112674713135 -0.7558926939964294 -0.6075910329818726 0.2438429743051529 18.308822631835938 0.0 0.0 0.0 1.0
0.29821962118148804 -0.6075237393379211 -0.7361928820610046 -0.5390247702598572 0.5941194295883179 -0.4855138659477234 0.6413254737854004 3.7020585536956787 -0.7470523118972778 -0.6286423206329346 0.2161518782377243 18.538131713867188 0.0 0.0 0.0 1.0
0.3298781216144562 -0.5941749215126038 -0.7335779666900635 -0.7629390358924866 0.5871245265007019 -0.47937023639678955 0.6522951126098633 3.347914457321167 -0.7392328381538391 -0.6458795070648193 0.19072091579437256 18.626440048217773 0.0 0.0 0.0 1.0
0.35203874111175537 -0.5853027701377869 -0.7304036021232605 -0.5277952551841736 0.5806773900985718 -0.47545477747917175 0.6608756184577942 3.0524961948394775 -0.7340861558914185 -0.6567826271057129 0.1724935621023178 18.42131805419922 0.0 0.0 0.0 1.0
0.36723580956459045 -0.5783121585845947 -0.7284867167472839 -0.17285047471523285 0.5742594599723816 -0.47514256834983826 0.6666825413703918 3.0478155612945557 -0.7316856384277344 -0.6631700992584229 0.15761186182498932 17.794546127319336 0.0 0.0 0.0 1.0
0.3792782723903656 -0.5731589794158936 -0.7263860702514648 0.0535832978785038 0.5679823160171509 -0.4755139946937561 0.6717756390571594 2.8680050373077393 -0.7304410338401794 -0.6673643589019775 0.14519207179546356 17.548561096191406 0.0 0.0 0.0 1.0
0.3986121416091919 -0.5678116083145142 -0.720207154750824 0.3204144537448883 0.5532063841819763 -0.47747743129730225 0.6826258301734924 2.70412015914917 -0.7314855456352234 -0.6705260872840881 0.12378870695829391 17.12453842163086 0.0 0.0 0.0 1.0
0.4248802959918976 -0.5621854066848755 -0.7095239758491516 0.0939359962940216 0.5354070663452148 -0.4759421944618225 0.6977236866950989 2.5259556770324707 -0.7299424409866333 -0.6763331890106201 0.0987795889377594 16.75905990600586 0.0 0.0 0.0 1.0
0.44674739241600037 -0.5598788261413574 -0.6978198289871216 -0.03593229502439499 0.5196953415870667 -0.47249361872673035 0.7118051052093506 2.245103597640991 -0.7282400131225586 -0.6806507706642151 0.07988113164901733 16.86038589477539 0.0 0.0 0.0 1.0
0.47137418389320374 -0.5550804734230042 -0.6853408217430115 -0.21865934133529663 0.5049418807029724 -0.4672572910785675 0.7257439494132996 2.0838592052459717 -0.7230768203735352 -0.6881542801856995 0.06003034859895706 17.16429328918457 0.0 0.0 0.0 1.0
0.49473610520362854 -0.550101101398468 -0.672774076461792 -0.17603982985019684 0.4932158887386322 -0.4596637785434723 0.7385440468788147 1.8044002056121826 -0.7155237793922424 -0.6972072720527649 0.04390633851289749 17.303781509399414 0.0 0.0 0.0 1.0
0.5175424814224243 -0.5438318252563477 -0.6606032848358154 -0.05422848090529442 0.48179128766059875 -0.452812522649765 0.750225305557251 1.6836084127426147 -0.7071258425712585 -0.7065463662147522 0.027663694694638252 17.704740524291992 0.0 0.0 0.0 1.0
0.5372852087020874 -0.5361349582672119 -0.6510636806488037 0.09048905968666077 0.47292885184288025 -0.44765186309814453 0.7589111328125 1.648949384689331 -0.6983286738395691 -0.7156585454940796 0.013036943040788174 18.077383041381836 0.0 0.0 0.0 1.0
0.5679605007171631 -0.5258644819259644 -0.6331567168235779 0.07957185059785843 0.4560421109199524 -0.4393257796764374 0.7739627957344055 1.65956711769104 -0.6851616501808167 -0.7283264398574829 -0.00970335304737091 18.3752498626709 0.0 0.0 0.0 1.0
0.6112075448036194 -0.5062907934188843 -0.6083543300628662 -0.49065765738487244 0.4319400191307068 -0.43070727586746216 0.7924134731292725 1.629156231880188 -0.6632142663002014 -0.7471016645431519 -0.04456428810954094 18.310993194580078 0.0 0.0 0.0 1.0
0.6480013132095337 -0.4878750443458557 -0.5848694443702698 -0.8395206332206726 0.41287314891815186 -0.4202815294265747 0.8080217838287354 1.7915371656417847 -0.6400234699249268 -0.7650760412216187 -0.07091247290372849 18.33560562133789 0.0 0.0 0.0 1.0
0.6920934915542603 -0.4597826898097992 -0.5564228892326355 -1.1591739654541016 0.3921140730381012 -0.4077194035053253 0.8246280550956726 1.9260886907577515 -0.6060141324996948 -0.7889009714126587 -0.10189269483089447 18.44662857055664 0.0 0.0 0.0 1.0
0.7284842729568481 -0.4343600869178772 -0.529756486415863 -1.1576658487319946 0.37364062666893005 -0.39623233675956726 0.8386850357055664 2.009246826171875 -0.5741979479789734 -0.8089074492454529 -0.12635445594787598 18.485193252563477 0.0 0.0 0.0 1.0
0.7570269703865051 -0.4120044410228729 -0.5071119666099548 -1.0964443683624268 0.3580765724182129 -0.38759130239486694 0.8494434356689453 2.190486192703247 -0.5465266704559326 -0.8246365189552307 -0.14588791131973267 19.12143325805664 0.0 0.0 0.0 1.0
0.7764075994491577 -0.39889371395111084 -0.4879293739795685 -1.1816349029541016 0.3448856472969055 -0.3790745437145233 0.8586945533752441 2.283369779586792 -0.5274894833564758 -0.8349767923355103 -0.1567436307668686 19.27300262451172 0.0 0.0 0.0 1.0
0.7972555160522461 -0.3848569393157959 -0.46504709124565125 -0.9903032183647156 0.32651039958000183 -0.3730366826057434 0.8684667944908142 2.1409711837768555 -0.507715106010437 -0.8442326784133911 -0.17174574732780457 19.562429428100586 0.0 0.0 0.0 1.0
0.8152601718902588 -0.37534859776496887 -0.44098103046417236 -0.49927228689193726 0.3061663806438446 -0.36699312925338745 0.8783951997756958 1.8998587131500244 -0.49154144525527954 -0.8511342406272888 -0.1842757612466812 19.408082962036133 0.0 0.0 0.0 1.0
0.8278077840805054 -0.36887556314468384 -0.42268791794776917 -0.27853357791900635 0.289691686630249 -0.364155650138855 0.8851380944252014 1.8919085264205933 -0.4804299771785736 -0.8551733493804932 -0.19459068775177002 19.024885177612305 0.0 0.0 0.0 1.0
0.8416784405708313 -0.36220666766166687 -0.40047943592071533 0.10480444133281708 0.269339919090271 -0.36119750142097473 0.8927443027496338 1.9312690496444702 -0.4680100977420807 -0.8592687249183655 -0.20645543932914734 18.399768829345703 0.0 0.0 0.0 1.0
0.8554061055183411 -0.3551445007324219 -0.37703147530555725 0.16756901144981384 0.24674443900585175 -0.36060941219329834 0.8994876742362976 2.0152783393859863 -0.4554091989994049 -0.8624576926231384 -0.2208375632762909 18.131973266601562 0.0 0.0 0.0 1.0
0.869312047958374 -0.3476773202419281 -0.35130757093429565 0.0963011309504509 0.2233138531446457 -0.35780662298202515 0.9067002534866333 1.8605924844741821 -0.4409392774105072 -0.8666573166847229 -0.23340445756912231 17.86725425720215 0.0 0.0 0.0 1.0
0.8813453316688538 -0.3384094834327698 -0.3297111392021179 0.17642579972743988 0.20483584702014923 -0.35517027974128723 0.9120835065841675 1.7806010246276855 -0.42576131224632263 -0.8713971972465515 -0.2437092810869217 17.8608341217041 0.0 0.0 0.0 1.0
0.8969553709030151 -0.3245316445827484 -0.3002503216266632 0.4680250287055969 0.18098387122154236 -0.3500901162624359 0.9190657138824463 1.667231798171997 -0.4033805727958679 -0.878701388835907 -0.2552802264690399 18.071144104003906 0.0 0.0 0.0 1.0
0.9144397974014282 -0.3028450906276703 -0.2684858739376068 0.8098827600479126 0.157317653298378 -0.34524214267730713 0.9252345561981201 1.6321583986282349 -0.37289538979530334 -0.8883088827133179 -0.2680602967739105 18.538707733154297 0.0 0.0 0.0 1.0
0.9294754862785339 -0.2830732762813568 -0.23652654886245728 0.6052468419075012 0.13268108665943146 -0.3417362570762634 0.9303827285766602 1.714383840560913 -0.3441962003707886 -0.8961505889892578 -0.2800770103931427 18.7530517578125 0.0 0.0 0.0 1.0
0.948418915271759 -0.2511741816997528 -0.1934247463941574 0.3865203261375427 0.10114835947751999 -0.3384941518306732 0.9355162978172302 1.8242460489273071 -0.3004506826400757 -0.9068259000778198 -0.2956283688545227 18.887500762939453 0.0 0.0 0.0 1.0
0.9649217128753662 -0.21688605844974518 -0.14794105291366577 0.3049674332141876 0.06821294128894806 -0.33703848719596863 0.9390165209770203 1.8604012727737427 -0.2535214126110077 -0.9161689281463623 -0.31042131781578064 19.39359474182129 0.0 0.0 0.0 1.0
0.9757498502731323 -0.18571241199970245 -0.11585837602615356 0.15826991200447083 0.04733162000775337 -0.3377671539783478 0.9400388598442078 2.115217924118042 -0.21371003985404968 -0.9227265119552612 -0.32078617811203003 19.837976455688477 0.0 0.0 0.0 1.0
0.9858695268630981 -0.15029416978359222 -0.07397922873497009 0.07607860118150711 0.019002379849553108 -0.3384397029876709 0.9407961964607239 2.223527669906616 -0.1664336919784546 -0.928908109664917 -0.33080142736434937 20.172199249267578 0.0 0.0 0.0 1.0
0.9922902584075928 -0.11815601587295532 -0.03740560635924339 -0.16745011508464813 -0.0050749825313687325 -0.3402997851371765 0.9403033256530762 2.2119739055633545 -0.1238316148519516 -0.9328639507293701 -0.33827582001686096 20.417510986328125 0.0 0.0 0.0 1.0
0.9958051443099976 -0.09143810719251633 -0.003339070361107588 -0.41090935468673706 -0.028217459097504616 -0.3416067957878113 0.9394192695617676 2.06221866607666 -0.08703936636447906 -0.9353843331336975 -0.34275397658348083 20.406139373779297 0.0 0.0 0.0 1.0
0.9970631003379822 -0.0731896236538887 0.02254965342581272 -0.5661740899085999 -0.04632271081209183 -0.3418717682361603 0.9386042356491089 1.7745153903961182 -0.06098700314760208 -0.9368922114372253 -0.34425804018974304 20.414344787597656 0.0 0.0 0.0 1.0
0.996843159198761 -0.05791852995753288 0.054305680096149445 -0.441559761762619 -0.07085816562175751 -0.34044259786605835 0.937591552734375 1.5697511434555054 -0.03581596165895462 -0.9384797811508179 -0.343471884727478 20.293540954589844 0.0 0.0 0.0 1.0
0.9957142472267151 -0.04480699449777603 0.0809040367603302 -0.33930492401123047 -0.09136826545000076 -0.3411742150783539 0.9355490207672119 1.6743206977844238 -0.014316771179437637 -0.9389315843582153 -0.3438059389591217 20.480222702026367 0.0 0.0 0.0 1.0
0.9938911199569702 -0.03689803183078766 0.10401403903961182 -0.05719749256968498 -0.1103624626994133 -0.338394433259964 0.9345102310180664 1.8340727090835571 0.0007161852554418147 -0.9402806758880615 -0.3403993844985962 20.118253707885742 0.0 0.0 0.0 1.0
0.9905388355255127 -0.024662207812070847 0.13499844074249268 0.13688689470291138 -0.13535486161708832 -0.3377528786659241 0.9314516186714172 1.829851746559143 0.022624457255005836 -0.9409116506576538 -0.3378954827785492 20.098283767700195 0.0 0.0 0.0 1.0
0.9853611588478088 -0.011611535213887691 0.1700841337442398 0.32282036542892456 -0.16408449411392212 -0.3353003263473511 0.9277122020721436 1.831807255744934 0.046257100999355316 -0.9420397281646729 -0.3322971761226654 19.77699851989746 0.0 0.0 0.0 1.0
0.9791074991226196 0.005479441024363041 0.20326952636241913 0.4563533663749695 -0.1897033005952835 -0.3353364169597626 0.9228012561798096 1.6640031337738037 0.07322011142969131 -0.9420825242996216 -0.32729092240333557 19.629356384277344 0.0 0.0 0.0 1.0
0.9723993539810181 0.020194441080093384 0.23244711756706238 0.40181514620780945 -0.21237002313137054 -0.33601272106170654 0.9176025390625 1.3129712343215942 0.09663565456867218 -0.9416409134864807 -0.32244986295700073 19.346712112426758 0.0 0.0 0.0 1.0
0.9621440172195435 0.04041946679353714 0.2695276439189911 0.06682135164737701 -0.24058324098587036 -0.33870694041252136 0.909613847732544 0.9300895929336548 0.12805698812007904 -0.9400233626365662 -0.3161606192588806 19.233104705810547 0.0 0.0 0.0 1.0
0.9488629102706909 0.0630628913640976 0.3093254864215851 -0.2810690104961395 -0.27074065804481506 -0.34135833382606506 0.9000966548919678 0.8159381151199341 0.1623535305261612 -0.9378153085708618 -0.3068285882472992 19.110206604003906 0.0 0.0 0.0 1.0
0.9353266954421997 0.0854654386639595 0.34330689907073975 -0.6046310067176819 -0.2953069508075714 -0.3457812964916229 0.8906341195106506 0.9127503037452698 0.19482754170894623 -0.9344147443771362 -0.29817995429039 18.78603744506836 0.0 0.0 0.0 1.0
0.9155942797660828 0.12034526467323303 0.38367193937301636 -0.5697499513626099 -0.32100310921669006 -0.3558824062347412 0.8776700496673584 0.9446313977241516 0.24216553568840027 -0.9267495274543762 -0.28721266984939575 18.83108901977539 0.0 0.0 0.0 1.0
0.893126368522644 0.15581460297107697 0.42195621132850647 -0.46550628542900085 -0.34439462423324585 -0.3665488362312317 0.8643114566802979 1.0477350950241089 0.28933990001678467 -0.9172588586807251 -0.27371272444725037 18.487268447875977 0.0 0.0 0.0 1.0
0.867974579334259 0.19351181387901306 0.45735475420951843 -0.34650343656539917 -0.3645876348018646 -0.3770063519477844 0.8514353036880493 1.3847919702529907 0.3371884226799011 -0.9057700634002686 -0.256679892539978 18.886865615844727 0.0 0.0 0.0 1.0
0.8463795781135559 0.22104290127754211 0.48454275727272034 -0.4214470386505127 -0.37973344326019287 -0.38744720816612244 0.8400518894195557 1.481229305267334 0.373422235250473 -0.8949998021125793 -0.24399001896381378 19.101545333862305 0.0 0.0 0.0 1.0
0.819138765335083 0.25329264998435974 0.5146401524543762 -0.7167510390281677 -0.39628246426582336 -0.3987616300582886 0.827012300491333 1.2040071487426758 0.4146949052810669 -0.8813807368278503 -0.22626568377017975 19.34174346923828 0.0 0.0 0.0 1.0
0.7928160429000854 0.27832382917404175 0.5421978831291199 -0.8716527223587036 -0.41398370265960693 -0.4069679081439972 0.81424480676651 0.536355197429657 0.4472808539867401 -0.8700074553489685 -0.2074291706085205 19.19939422607422 0.0 0.0 0.0 1.0
0.7741116881370544 0.29409974813461304 0.5605857372283936 -0.7802509665489197 -0.426536500453949 -0.41203296184539795 0.8051679730415344 0.45397210121154785 0.4677795171737671 -0.862400233745575 -0.19351525604724884 19.19315528869629 0.0 0.0 0.0 1.0
0.7496352195739746 0.3107941448688507 0.5843406915664673 -0.763287365436554 -0.4442775845527649 -0.41811612248420715 0.7923359870910645 0.47243162989616394 0.4905756413936615 -0.853572428226471 -0.1753556877374649 19.2266902923584 0.0 0.0 0.0 1.0
0.7249001264572144 0.3254653811454773 0.6071178913116455 -0.9677405953407288 -0.46333369612693787 -0.4218202233314514 0.7793520092964172 0.3954472839832306 0.5097467303276062 -0.8462505340576172 -0.1549784392118454 19.243497848510742 0.0 0.0 0.0 1.0
0.6993932127952576 0.3361588716506958 0.6307506561279297 -1.1146316528320312 -0.48599711060523987 -0.4234127104282379 0.7645446062088013 0.02091565541923046 0.5240762829780579 -0.8412603139877319 -0.13275973498821259 19.125852584838867 0.0 0.0 0.0 1.0
0.6811692118644714 0.3444999158382416 0.6460095643997192 -1.006507158279419 -0.5021761059761047 -0.4222370684146881 0.7546754479408264 -0.03410860896110535 0.5327547788619995 -0.8384722471237183 -0.11461527645587921 18.940637588500977 0.0 0.0 0.0 1.0
0.6623879075050354 0.35419756174087524 0.6601411700248718 -0.6811423301696777 -0.519133985042572 -0.4182968735694885 0.7453372478485107 0.32305777072906494 0.5401316285133362 -0.8364040851593018 -0.09319882094860077 18.6216983795166 0.0 0.0 0.0 1.0
0.6466705799102783 0.36500805616378784 0.669765830039978 -0.4073931872844696 -0.5323654413223267 -0.4128604829311371 0.7390083074569702 0.845175564289093 0.5462638139724731 -0.834455132484436 -0.07266703993082047 18.64859390258789 0.0 0.0 0.0 1.0
0.6326112747192383 0.37684938311576843 0.6765999794006348 -0.2779838740825653 -0.5399518609046936 -0.41168367862701416 0.7341447472572327 1.080606460571289 0.5552071928977966 -0.8297596573829651 -0.05695519596338272 18.3151798248291 0.0 0.0 0.0 1.0
0.6093873381614685 0.3929803669452667 0.6886315941810608 -0.0012872526422142982 -0.5510697364807129 -0.4145301580429077 0.7242146730422974 1.0523905754089355 0.5700607299804688 -0.8208112716674805 -0.03604983165860176 18.10065460205078 0.0 0.0 0.0 1.0
0.5783493518829346 0.4119685888290405 0.7041263580322266 0.25480154156684875 -0.5637650489807129 -0.42202213406562805 0.7099762558937073 0.903657078742981 0.5896448493003845 -0.8075761198997498 -0.011822730302810669 18.116657257080078 0.0 0.0 0.0 1.0
0.5470589995384216 0.4277500808238983 0.7195528745651245 0.4279238283634186 -0.5762752294540405 -0.4310195744037628 0.6943551301956177 0.8824619054794312 0.6071518063545227 -0.7945137023925781 0.010708630084991455 18.249605178833008 0.0 0.0 0.0 1.0
0.5003864169120789 0.4500148296356201 0.7396621108055115 0.28765323758125305 -0.592892587184906 -0.4444662928581238 0.6715117692947388 1.2721279859542847 0.6309451460838318 -0.7745555639266968 0.04440555348992348 18.252567291259766 0.0 0.0 0.0 1.0
0.45179709792137146 0.4696023166179657 0.7585203051567078 -0.13066786527633667 -0.6069822311401367 -0.46129950881004333 0.6471285223960876 1.8954263925552368 0.6537981033325195 -0.7527791261672974 0.07662646472454071 18.89762306213379 0.0 0.0 0.0 1.0
0.4017618000507355 0.4875699281692505 0.7751535177230835 -0.28331369161605835 -0.61515212059021 -0.48335403203964233 0.6228617429733276 2.6003756523132324 0.678362250328064 -0.7270793914794922 0.10573647916316986 19.597206115722656 0.0 0.0 0.0 1.0
0.3617912232875824 0.4991232454776764 0.7873900532722473 -0.16479462385177612 -0.6204313635826111 -0.5014905333518982 0.6029695272445679 2.732161045074463 0.6958247423171997 -0.7066705226898193 0.12823686003684998 19.716278076171875 0.0 0.0 0.0 1.0
0.3127998113632202 0.5135953426361084 0.7989844083786011 -0.2555883824825287 -0.6250115036964417 -0.5221127271652222 0.5803093314170837 2.413224697113037 0.715204119682312 -0.6808950901031494 0.15768621861934662 19.935598373413086 0.0 0.0 0.0 1.0
0.26498931646347046 0.5221532583236694 0.8106396794319153 -0.5928540229797363 -0.6325889825820923 -0.540353536605835 0.5548416972160339 2.0488226413726807 0.7277444005012512 -0.659828782081604 0.1871204674243927 19.967119216918945 0.0 0.0 0.0 1.0
0.22966961562633514 0.5298606157302856 0.8163942694664001 -0.7777828574180603 -0.6372334361076355 -0.552161693572998 0.5376346707344055 1.8548530340194702 0.7356531023979187 -0.643712043762207 0.21083013713359833 19.94762420654297 0.0 0.0 0.0 1.0
0.1848953366279602 0.5377393960952759 0.8225874304771423 -0.5449283719062805 -0.6486139893531799 -0.5620570182800293 0.5132170915603638 1.6803511381149292 0.7383180856704712 -0.6284331679344177 0.2448635995388031 19.462499618530273 0.0 0.0 0.0 1.0
0.14629162847995758 0.5423973202705383 0.8272870779037476 -0.2629663050174713 -0.6577508449554443 -0.571311891078949 0.49088340997695923 1.597315788269043 0.7388927936553955 -0.6159608960151672 0.2731841504573822 19.509559631347656 0.0 0.0 0.0 1.0
0.11058077216148376 0.5487197637557983 0.8286606669425964 -0.010466765612363815 -0.6687089800834656 -0.5757414102554321 0.4704785645008087 1.7797787189483643 0.7352551817893982 -0.6061587333679199 0.3032679259777069 19.555713653564453 0.0 0.0 0.0 1.0
0.0803169310092926 0.5522909164428711 0.8297734260559082 0.2064620554447174 -0.6779769062995911 -0.5799680352210999 0.4516462981700897 1.9433119297027588 0.7306821942329407 -0.5988420844078064 0.3278592526912689 19.614646911621094 0.0 0.0 0.0 1.0
0.04135141894221306 0.56097012758255 0.8268026113510132 0.4126719534397125 -0.6869643926620483 -0.5849213004112244 0.431215763092041 2.0969789028167725 0.7255136370658875 -0.5858153104782104 0.3611791729927063 19.61746597290039 0.0 0.0 0.0 1.0
-1.7766637029126287e-05 0.5661710500717163 0.8242877721786499 0.41403111815452576 -0.6932139992713928 -0.594097375869751 0.4080473482608795 2.1920225620269775 0.720731794834137 -0.5714005827903748 0.3924882411956787 19.478069305419922 0.0 0.0 0.0 1.0
-0.03301016241312027 0.5664446949958801 0.8234383463859558 0.19224905967712402 -0.6966567635536194 -0.6037970781326294 0.38742536306381226 2.0804874897003174 0.7166447043418884 -0.5608649253845215 0.41454899311065674 19.40778160095215 0.0 0.0 0.0 1.0
-0.07850188761949539 0.5681962370872498 0.8191401362419128 -0.10033664107322693 -0.6983343362808228 -0.6177360415458679 0.3615678548812866 2.0470380783081055 0.7114538550376892 -0.5436499118804932 0.445284366607666 19.371524810791016 0.0 0.0 0.0 1.0
-0.12149418145418167 0.5623373985290527 0.8179338574409485 -0.4042915999889374 -0.6942927241325378 -0.6370505094528198 0.3348495364189148 2.102003812789917 0.7093636393547058 -0.5272032618522644 0.46782469749450684 19.564117431640625 0.0 0.0 0.0 1.0
-0.16235587000846863 0.5563849210739136 0.8149088025093079 -0.3856833875179291 -0.6886193752288818 -0.655387282371521 0.31027549505233765 2.2557315826416016 0.7067134976387024 -0.5107869505882263 0.4895434081554413 19.364023208618164 0.0 0.0 0.0 1.0
-0.19812029600143433 0.5470981001853943 0.813284695148468 -0.4330207109451294 -0.6812593340873718 -0.6734154224395752 0.2870495319366455 2.1665866374969482 0.7047227025032043 -0.49718743562698364 0.5061329007148743 19.59107780456543 0.0 0.0 0.0 1.0
-0.24790969491004944 0.5362229347229004 0.8068492412567139 -0.45818421244621277 -0.6704996228218079 -0.6961166858673096 0.2566159665584564 2.051877737045288 0.699264645576477 -0.4773745536804199 0.532111406326294 19.621551513671875 0.0 0.0 0.0 1.0
-0.30033883452415466 0.5233811140060425 0.7974137663841248 -0.39230749011039734 -0.6552150845527649 -0.7207552194595337 0.22628547251224518 2.0313830375671387 0.6931737065315247 -0.4545152187347412 0.5593979954719543 20.205204010009766 0.0 0.0 0.0 1.0
-0.3414647877216339 0.5130352973937988 0.7875255942344666 -0.3889269232749939 -0.6429932713508606 -0.7386446595191956 0.2023949772119522 2.080916404724121 0.6855373382568359 -0.4372628927230835 0.5820993781089783 20.52554702758789 0.0 0.0 0.0 1.0
-0.38995832204818726 0.5006765723228455 0.7728230357170105 -0.7144383788108826 -0.6286453604698181 -0.758006751537323 0.17386995255947113 2.0540285110473633 0.6728577017784119 -0.4180296063423157 0.6103390455245972 20.88208770751953 0.0 0.0 0.0 1.0
-0.43335944414138794 0.49240219593048096 0.7548109889030457 -0.7898132801055908 -0.6162312030792236 -0.7730507850646973 0.15050427615642548 2.0284345149993896 0.6576159000396729 -0.3999156653881073 0.6384424567222595 21.013967514038086 0.0 0.0 0.0 1.0
-0.4713250398635864 0.48619815707206726 0.7358424067497253 -0.932327926158905 -0.6065428853034973 -0.7843887805938721 0.1297689974308014 1.9531593322753906 0.6402799487113953 -0.3851566016674042 0.6646021008491516 21.0710506439209 0.0 0.0 0.0 1.0
-0.49766671657562256 0.48285236954689026 0.7205424308776855 -0.5270991921424866 -0.6011021137237549 -0.790881335735321 0.11481685936450958 1.8358696699142456 0.6253032088279724 -0.37597906589508057 0.6838389039039612 21.238943099975586 0.0 0.0 0.0 1.0
-0.5225788950920105 0.4798348546028137 0.7047480344772339 -0.1341976821422577 -0.5980425477027893 -0.7954348921775818 0.09812439233064651 2.13981294631958 0.6076647043228149 -0.3701915740966797 0.7026391625404358 20.721675872802734 0.0 0.0 0.0 1.0
-0.5485156178474426 0.47815653681755066 0.6859278082847595 0.05823880434036255 -0.5937699675559998 -0.8003334403038025 0.08308829367160797 2.5239474773406982 0.5887001752853394 -0.3617080748081207 0.7229103446006775 20.576330184936523 0.0 0.0 0.0 1.0
-0.5710333585739136 0.4762739837169647 0.6686434149742126 0.27639082074165344 -0.5882707834243774 -0.8055084943771362 0.07136911898851395 2.8310208320617676 0.5725892186164856 -0.3525892496109009 0.7401502728462219 20.54360580444336 0.0 0.0 0.0 1.0
-0.6034664511680603 0.4716043472290039 0.6429755687713623 0.6954919695854187 -0.5764442682266235 -0.8151550889015198 0.05686982348561287 3.2025535106658936 0.5509448647499084 -0.33632054924964905 0.7637723684310913 20.90931510925293 0.0 0.0 0.0 1.0
-0.641295850276947 0.46102339029312134 0.6133490204811096 0.49942004680633545 -0.5554460287094116 -0.830417811870575 0.043428417295217514 3.29964542388916 0.5293574333190918 -0.3128318190574646 0.7886171340942383 21.193439483642578 0.0 0.0 0.0 1.0
