0.6981648802757263 -0.39945483207702637 -0.5941393971443176 -0.8043595552444458 0.6086255311965942 -0.10586557537317276 0.786363422870636 2.984562397003174 -0.3770155906677246 -0.9106197357177734 0.16920678317546844 20.747844696044922 0.0 0.0 0.0 1.0
0.6962998509407043 -0.40074440836906433 -0.5954581499099731 -0.858925998210907 0.6099090576171875 -0.10700672119855881 0.7852137088775635 2.9817442893981934 -0.37838801741600037 -0.9099195003509521 0.16990888118743896 20.742599487304688 0.0 0.0 0.0 1.0
0.6904326677322388 -0.403009295463562 -0.6007381081581116 -0.9969988465309143 0.6156536340713501 -0.10868331044912338 0.7804861068725586 2.9438934326171875 -0.3798333406448364 -0.9087196588516235 0.1730756312608719 20.699127197265625 0.0 0.0 0.0 1.0
0.6690108776092529 -0.4189015328884125 -0.6139592528343201 -0.9985848665237427 0.6294165253639221 -0.12002027034759521 0.7677434086799622 2.9479310512542725 -0.39529645442962646 -0.9000647664070129 0.18336868286132812 20.72507667541504 0.0 0.0 0.0 1.0
0.6410353779792786 -0.43402060866355896 -0.6330084800720215 -0.7224968671798706 0.649245023727417 -0.133221834897995 0.748820960521698 3.0127880573272705 -0.40933430194854736 -0.890998363494873 0.19638581573963165 20.723703384399414 0.0 0.0 0.0 1.0
0.4926134943962097 -0.4888914227485657 -0.7199424505233765 0.11598173528909683 0.7257493138313293 -0.22572897374629974 0.6498726010322571 2.9005672931671143 -0.480228990316391 -0.8426337242126465 0.24361546337604523 19.848033905029297 0.0 0.0 0.0 1.0
0.4771745502948761 -0.49286216497421265 -0.7275928258895874 0.07819733768701553 0.7303221821784973 -0.23811277747154236 0.6402591466903687 2.657895803451538 -0.48880866169929504 -0.8368925452232361 0.24632683396339417 19.58709144592285 0.0 0.0 0.0 1.0
0.4558919072151184 -0.49950993061065674 -0.7366494536399841 0.0175445768982172 0.7354487180709839 -0.25472867488861084 0.6278761625289917 2.347275495529175 -0.5012761354446411 -0.8280115723609924 0.2512352168560028 19.35466957092285 0.0 0.0 0.0 1.0
0.43984803557395935 -0.5007208585739136 -0.7455282211303711 -0.2730430066585541 0.7403829097747803 -0.2676735520362854 0.6165906190872192 1.9805227518081665 -0.5082979798316956 -0.8231825232505798 0.2529894709587097 19.381752014160156 0.0 0.0 0.0 1.0
0.4227611720561981 -0.5028325319290161 -0.7539445757865906 -0.44152697920799255 0.7481884956359863 -0.27577561140060425 0.6034581661224365 1.726516842842102 -0.5113579034805298 -0.8192113637924194 0.2596262991428375 19.32782745361328 0.0 0.0 0.0 1.0
0.24512627720832825 -0.5446940660476685 -0.8020108938217163 -0.8228303790092468 0.7811902165412903 -0.3789452612400055 0.49612730741500854 0.9420126080513 -0.5741558074951172 -0.7481369376182556 0.3326202630996704 18.872318267822266 0.0 0.0 0.0 1.0
0.2131693959236145 -0.5497068762779236 -0.8077011704444885 -0.9507058262825012 0.782480001449585 -0.3989845812320709 0.4780547320842743 0.9977497458457947 -0.5850502848625183 -0.7339166402816772 0.3450833261013031 19.07768440246582 0.0 0.0 0.0 1.0
0.16948841512203217 -0.5553311705589294 -0.814175009727478 -0.6112143397331238 0.7882840633392334 -0.419445276260376 0.4501931965351105 1.1669059991836548 -0.591508150100708 -0.7181037068367004 0.36666759848594666 19.304912567138672 0.0 0.0 0.0 1.0
0.12852443754673004 -0.5597313642501831 -0.8186466097831726 -0.1068124920129776 0.7978920936584473 -0.431867390871048 0.420545756816864 1.2078537940979004 -0.5889394283294678 -0.7072420716285706 0.3910997211933136 19.35405921936035 0.0 0.0 0.0 1.0
0.09814298897981644 -0.5616868734359741 -0.8215082287788391 0.1664339303970337 0.8002506494522095 -0.44617101550102234 0.4006623327732086 1.0908585786819458 -0.5915799736976624 -0.6967347264289856 0.40570175647735596 19.24787139892578 0.0 0.0 0.0 1.0
-0.06446819752454758 -0.5736976861953735 -0.8165260553359985 -0.18356002867221832 0.7841652035713196 -0.5351820588111877 0.3141099810600281 0.6369555592536926 -0.6171942353248596 -0.6200412511825562 0.4843760132789612 18.994600296020508 0.0 0.0 0.0 1.0
-0.09697965532541275 -0.5780118703842163 -0.810245156288147 -0.24723365902900696 0.7814612984657288 -0.5483741760253906 0.29766416549682617 0.7302327156066895 -0.6163709759712219 -0.6043078899383545 0.5048750638961792 18.901918411254883 0.0 0.0 0.0 1.0
-0.13726751506328583 -0.5797292590141296 -0.8031635284423828 -0.31507253646850586 0.7729355096817017 -0.5697706341743469 0.27916327118873596 0.7685917019844055 -0.6194580793380737 -0.5824735760688782 0.526304304599762 19.028667449951172 0.0 0.0 0.0 1.0
-0.18160071969032288 -0.5794594883918762 -0.794511079788208 -0.33406609296798706 0.7586777806282043 -0.596591055393219 0.26170051097869873 0.8725257515907288 -0.6256430745124817 -0.5552529096603394 0.5479643940925598 19.083051681518555 0.0 0.0 0.0 1.0
-0.23023639619350433 -0.5773298740386963 -0.7833782434463501 -0.19848723709583282 0.7454504370689392 -0.6220945119857788 0.23937848210334778 0.98056560754776 -0.6255356073379517 -0.5288560390472412 0.5735995769500732 19.007503509521484 0.0 0.0 0.0 1.0
-0.3778097331523895 -0.5569886565208435 -0.7396103739738464 -0.9345952272415161 0.6969709992408752 -0.6969423890113831 0.16882747411727905 0.545059323310852 -0.6095007658004761 -0.4517022967338562 0.6515165567398071 19.004457473754883 0.0 0.0 0.0 1.0
-0.40158921480178833 -0.5547274351119995 -0.7286999225616455 -1.1323069334030151 0.6866069436073303 -0.7089155912399292 0.16127485036849976 0.5748119354248047 -0.6060503125190735 -0.43556419014930725 0.6655725836753845 18.951141357421875 0.0 0.0 0.0 1.0
-0.4350246787071228 -0.550166666507721 -0.7127904295921326 -1.0569846630096436 0.67391437292099 -0.7239409685134888 0.14747506380081177 0.6895445585250854 -0.5971540808677673 -0.41620439291000366 0.6856973767280579 18.778413772583008 0.0 0.0 0.0 1.0
-0.4672539532184601 -0.5461406111717224 -0.6952727437019348 -0.9372069239616394 0.6674723625183105 -0.7336062788963318 0.1276809722185135 0.6989868879318237 -0.5797882080078125 -0.40441590547561646 0.7073141932487488 18.79091453552246 0.0 0.0 0.0 1.0
-0.513198733329773 -0.5281466841697693 -0.6765265464782715 -0.7889337539672852 0.6417548060417175 -0.7595316171646118 0.10612502694129944 0.7035425901412964 -0.5698928833007812 -0.3797008991241455 0.7287313342094421 18.84450340270996 0.0 0.0 0.0 1.0
-0.6650810241699219 -0.4605516791343689 -0.5878430008888245 -0.4430956542491913 0.5432523488998413 -0.8385030627250671 0.04230240359902382 0.7067772150039673 -0.5123906135559082 -0.2912125587463379 0.807868242263794 18.48394012451172 0.0 0.0 0.0 1.0
-0.6852302551269531 -0.44660666584968567 -0.5753276944160461 -0.6413102746009827 0.5238605737686157 -0.8510138988494873 0.03668055310845375 0.7571178674697876 -0.5059936046600342 -0.27625685930252075 0.8171001076698303 18.258602142333984 0.0 0.0 0.0 1.0
-0.7051509618759155 -0.43594205379486084 -0.5592107176780701 -0.7127906084060669 0.5069088935852051 -0.8613936901092529 0.03231418877840042 0.9661776423454285 -0.49578773975372314 -0.26068252325057983 0.8283955454826355 18.27245330810547 0.0 0.0 0.0 1.0
-0.7277412414550781 -0.42755264043807983 -0.5362755656242371 -0.5116143226623535 0.49166759848594666 -0.8703732490539551 0.026709383353590965 1.0270097255706787 -0.47817954421043396 -0.24423179030418396 0.843620240688324 18.058137893676758 0.0 0.0 0.0 1.0
-0.7527947425842285 -0.4152545630931854 -0.5107482671737671 -0.390311062335968 0.47244492173194885 -0.8811321258544922 0.020049216225743294 0.9541122317314148 -0.4583622217178345 -0.22620746493339539 0.859496533870697 18.00429344177246 0.0 0.0 0.0 1.0
-0.8869228363037109 -0.30156391859054565 -0.3498958945274353 0.3606874346733093 0.3302490711212158 -0.9435919523239136 -0.023870401084423065 1.32782781124115 -0.3229604959487915 -0.13672399520874023 0.9364843964576721 18.64370346069336 0.0 0.0 0.0 1.0
-0.8972637057304382 -0.2866400480270386 -0.33579057455062866 0.30974969267845154 0.31435081362724304 -0.9488319158554077 -0.03002575971186161 1.2847943305969238 -0.31000223755836487 -0.13249707221984863 0.941457986831665 18.669300079345703 0.0 0.0 0.0 1.0
-0.9058583378791809 -0.27253246307373047 -0.32426342368125916 0.19254986941814423 0.2993042767047882 -0.9535255432128906 -0.034726642072200775 1.2176138162612915 -0.2997293472290039 -0.12851084768772125 0.9453291893005371 18.615562438964844 0.0 0.0 0.0 1.0
-0.9153524041175842 -0.25741177797317505 -0.3096274435520172 0.022074809297919273 0.28226277232170105 -0.95860356092453 -0.037509799003601074 1.08440363407135 -0.28715449571609497 -0.1217309832572937 0.950117826461792 18.488954544067383 0.0 0.0 0.0 1.0
-0.9240788817405701 -0.24425774812698364 -0.2939666509628296 -0.1421879231929779 0.2667217552661896 -0.9630137085914612 -0.03826416656374931 0.978375256061554 -0.27374759316444397 -0.11376640945672989 0.955049455165863 18.27280616760254 0.0 0.0 0.0 1.0
-0.9729374051094055 -0.15706612169742584 -0.16947874426841736 -0.5510314106941223 0.16589057445526123 -0.9853671193122864 -0.03913966938853264 0.7656965851783752 -0.16085126996040344 -0.06619537621736526 0.984756350517273 18.07587242126465 0.0 0.0 0.0 1.0
-0.984050452709198 -0.12526805698871613 -0.12630386650562286 -0.2575295865535736 0.1314866542816162 -0.9904223084449768 -0.04213031008839607 0.6202678680419922 -0.11981657892465591 -0.05806562304496765 0.991096556186676 18.091215133666992 0.0 0.0 0.0 1.0
-0.9894194006919861 -0.10641124844551086 -0.09862010180950165 0.06391841918230057 0.11114586144685745 -0.9928379058837891 -0.04381202533841133 0.5924906134605408 -0.09325168281793594 -0.05430968478322029 0.9941602349281311 18.21196174621582 0.0 0.0 0.0 1.0
-0.9949555397033691 -0.07977908104658127 -0.06081719696521759 0.4936962127685547 0.08251479268074036 -0.9956233501434326 -0.04387964680790901 0.6274142861366272 -0.05705034360289574 -0.048676617443561554 0.9971839785575867 18.167478561401367 0.0 0.0 0.0 1.0
-0.9972613453865051 -0.06312157213687897 -0.03854154422879219 0.5643696784973145 0.06466680765151978 -0.9970946311950684 -0.040255993604660034 0.7497099041938782 -0.03588854521512985 -0.042638104408979416 0.9984458088874817 18.006710052490234 0.0 0.0 0.0 1.0
-0.9993833303451538 0.015201265923678875 0.03165272995829582 -0.21039189398288727 -0.014672563411295414 -0.999750018119812 0.016869045794010162 0.7875381708145142 0.031901247799396515 0.01639421656727791 0.9993565678596497 17.302337646484375 0.0 0.0 0.0 1.0
-0.9986701607704163 0.025945046916604042 0.044550541788339615 -0.20312897861003876 -0.025032082572579384 -0.9994675517082214 0.02092990279197693 0.8411001563072205 0.045069847255945206 0.019786877557635307 0.9987878799438477 17.297229766845703 0.0 0.0 0.0 1.0
-0.997353196144104 0.041743919253349304 0.059531573206186295 -0.41174080967903137 -0.04036354646086693 -0.9988918304443359 0.02420477382838726 0.8520841598510742 0.06047600507736206 0.021737802773714066 0.9979329109191895 17.282350540161133 0.0 0.0 0.0 1.0
-0.9949281811714172 0.06405851244926453 0.07755246013402939 -0.6006416082382202 -0.06207461282610893 -0.9976862072944641 0.027729762718081474 0.738669753074646 0.07914934307336807 0.022775083780288696 0.9966025948524475 17.379453659057617 0.0 0.0 0.0 1.0
-0.9906243085861206 0.08974242955446243 0.10300390422344208 -0.6708008050918579 -0.08699264377355576 -0.9957298040390015 0.0308938417583704 0.6579354405403137 0.10533654689788818 0.021643608808517456 0.9942010641098022 17.54422378540039 0.0 0.0 0.0 1.0
-0.9385008811950684 0.2233908623456955 0.2632730007171631 -0.211025670170784 -0.21235360205173492 -0.9746794104576111 0.07004303485155106 0.8517969250679016 0.27225372195243835 0.009828479960560799 0.9621753096580505 17.76995849609375 0.0 0.0 0.0 1.0
-0.9300091862678528 0.24326124787330627 0.27551206946372986 -0.4175303876399994 -0.22995489835739136 -0.9698964953422546 0.08013462275266647 0.86972576379776 0.28671184182167053 0.011170580983161926 0.9579517245292664 17.733985900878906 0.0 0.0 0.0 1.0
-0.9190576672554016 0.26585882902145386 0.290950208902359 -0.37962010502815247 -0.24806693196296692 -0.963860273361206 0.09714017063379288 0.8292686939239502 0.3062609136104584 0.01710229553282261 0.9517939686775208 17.62385368347168 0.0 0.0 0.0 1.0
-0.9122654795646667 0.2768803536891937 0.3018425405025482 -0.2522534728050232 -0.2562708556652069 -0.960696280002594 0.1067141741514206 0.7277485132217407 0.3195260465145111 0.0199982188642025 0.9473664164543152 17.512720108032227 0.0 0.0 0.0 1.0
-0.9042074084281921 0.2886866629123688 0.3147522211074829 -0.052432578057050705 -0.26589494943618774 -0.9572253823280334 0.11410259455442429 0.6145832538604736 0.3342287242412567 0.019481392577290535 0.9422906637191772 17.458887100219727 0.0 0.0 0.0 1.0
-0.8146594166755676 0.4006129801273346 0.41933196783065796 -0.385039359331131 -0.35403716564178467 -0.9162372350692749 0.1875288188457489 0.9850023984909058 0.45933404564857483 0.004313014447689056 0.8882531523704529 18.125640869140625 0.0 0.0 0.0 1.0
-0.7937503457069397 0.4243864119052887 0.43572530150413513 -0.2787296175956726 -0.371783584356308 -0.9054811000823975 0.2046484500169754 1.0911715030670166 0.481391042470932 0.0004442786448635161 0.8765058517456055 18.124582290649414 0.0 0.0 0.0 1.0
-0.7754176259040833 0.43998298048973083 0.4529265761375427 -0.18862690031528473 -0.38413506746292114 -0.8979745507240295 0.21466705203056335 1.1049792766571045 0.5011664032936096 -0.007528380956500769 0.8653181791305542 18.14643669128418 0.0 0.0 0.0 1.0
-0.7587666511535645 0.4527724087238312 0.46826308965682983 -0.22216972708702087 -0.3935363292694092 -0.8915153741836548 0.2243424504995346 1.1589863300323486 0.5190398097038269 -0.014054962433874607 0.8546345233917236 18.123233795166016 0.0 0.0 0.0 1.0
-0.7402903437614441 0.4684150218963623 0.48224225640296936 -0.33747655153274536 -0.4059925079345703 -0.8832330107688904 0.23466895520687103 1.0930678844451904 0.5358547568321228 -0.02206358313560486 0.8440218567848206 18.02842140197754 0.0 0.0 0.0 1.0
-0.5955862998962402 0.5648502111434937 0.5711577534675598 -0.45079323649406433 -0.4644044041633606 -0.8222746849060059 0.32892686128616333 1.2185438871383667 0.6554429531097412 -0.06934383511543274 0.7520544528961182 19.062585830688477 0.0 0.0 0.0 1.0
-0.5445009469985962 0.5943623185157776 0.591821014881134 -0.4030727744102478 -0.4852994978427887 -0.7987380027770996 0.355671226978302 1.5313893556594849 0.6841075420379639 -0.09354712814092636 0.7233573198318481 19.438173294067383 0.0 0.0 0.0 1.0
-0.510134220123291 0.6107563972473145 0.6055904030799866 -0.14688459038734436 -0.49621158838272095 -0.7840943932533264 0.37278684973716736 1.6023200750350952 0.7025219798088074 -0.11032965034246445 0.7030577659606934 19.5931396484375 0.0 0.0 0.0 1.0
-0.4820629954338074 0.6200556755065918 0.618988037109375 0.15235520899295807 -0.5000905394554138 -0.7748348116874695 0.3867047131061554 1.657453179359436 0.719391942024231 -0.12313403189182281 0.6836031675338745 19.700124740600586 0.0 0.0 0.0 1.0
-0.4511289596557617 0.6291525959968567 0.6329689621925354 0.4350796043872833 -0.5028351545333862 -0.7651381492614746 0.40214478969573975 1.7049634456634521 0.7373191118240356 -0.13685986399650574 0.6615359783172607 19.914278030395508 0.0 0.0 0.0 1.0
-0.32383736968040466 0.6810300946235657 0.6567551493644714 0.26494741439819336 -0.5147843956947327 -0.709246814250946 0.48162850737571716 1.8189998865127563 0.7938050031661987 -0.1821179986000061 0.5802642703056335 19.96178436279297 0.0 0.0 0.0 1.0
-0.31033265590667725 0.6847047805786133 0.65944904088974 -0.069033682346344 -0.5130776166915894 -0.704624354839325 0.4901590347290039 1.7142164707183838 0.8002780675888062 -0.1862361878156662 0.5699746608734131 20.04128074645996 0.0 0.0 0.0 1.0
-0.28481870889663696 0.6908929944038391 0.6644886136054993 -0.5905720591545105 -0.5170897841453552 -0.6944300532341003 0.5003848671913147 1.4914602041244507 0.8071532845497131 -0.20108133554458618 0.5550404191017151 20.242292404174805 0.0 0.0 0.0 1.0
-0.2441442906856537 0.7027965784072876 0.6681845188140869 -0.8367775082588196 -0.5305057168006897 -0.6735827326774597 0.5146358013153076 1.3763214349746704 0.8117617964744568 -0.22883029282093048 0.5372889637947083 20.551132202148438 0.0 0.0 0.0 1.0
-0.20635168254375458 0.71241694688797 0.670731782913208 -0.7729633450508118 -0.5342506170272827 -0.6563206315040588 0.5327471494674683 1.3443233966827393 0.8197531700134277 -0.2484055757522583 0.5160420536994934 20.819082260131836 0.0 0.0 0.0 1.0
-0.037639956921339035 0.7504132390022278 0.6598963737487793 -0.29121625423431396 -0.5260609984397888 -0.5763322114944458 0.6253806948661804 1.1390745639801025 0.8496134877204895 -0.3236064314842224 0.4164562523365021 19.81058692932129 0.0 0.0 0.0 1.0
-0.017080744728446007 0.7572941184043884 0.6528506278991699 -0.38721638917922974 -0.5244398713111877 -0.5627040266990662 0.6390047073364258 1.1998343467712402 0.8512760996818542 -0.3314662277698517 0.4067666530609131 19.759693145751953 0.0 0.0 0.0 1.0
0.0013562730746343732 0.7633589506149292 0.6459731459617615 -0.34934791922569275 -0.5205841064453125 -0.5509999394416809 0.6522202491760254 1.2536901235580444 0.8538092970848083 -0.3371679484844208 0.3966452181339264 19.74913787841797 0.0 0.0 0.0 1.0
0.03199365735054016 0.7717440724372864 0.6351279020309448 -0.33604517579078674 -0.5106726884841919 -0.5336262583732605 0.6741337776184082 1.4218705892562866 0.8591797351837158 -0.3459104895591736 0.3770359754562378 19.627639770507812 0.0 0.0 0.0 1.0
0.0635509192943573 0.7743324637413025 0.6295796632766724 -0.3188130259513855 -0.5081688165664673 -0.5178366899490356 0.6881930232048035 1.4469906091690063 0.8589096069335938 -0.3636680245399475 0.3605825901031494 19.674406051635742 0.0 0.0 0.0 1.0
0.2574029564857483 0.7689968347549438 0.5851389765739441 -0.16846626996994019 -0.4608777165412903 -0.4345304071903229 0.773805558681488 1.1906201839447021 0.8493146896362305 -0.4688573479652405 0.2425640970468521 19.686071395874023 0.0 0.0 0.0 1.0
0.2811558246612549 0.7665030360221863 0.5774292349815369 -0.2409839928150177 -0.4533945918083191 -0.4242161214351654 0.7838839292526245 0.9451321363449097 0.8458042144775391 -0.4821968078613281 0.22825750708580017 19.336416244506836 0.0 0.0 0.0 1.0
0.3138887882232666 0.7631864547729492 0.564818799495697 -0.22107359766960144 -0.445706307888031 -0.40682339668273926 0.7973961234092712 0.9591016173362732 0.8383434414863586 -0.502036988735199 0.2124597281217575 19.203718185424805 0.0 0.0 0.0 1.0
0.3467426896095276 0.7622056007385254 0.5466370582580566 0.0023719940800219774 -0.43132898211479187 -0.3879415988922119 0.8145284652709961 1.071143627166748 0.8329014182090759 -0.5182121992111206 0.19424547255039215 18.96662712097168 0.0 0.0 0.0 1.0
0.36696091294288635 0.7609487771987915 0.5350669622421265 0.17853868007659912 -0.41953253746032715 -0.3779963254928589 0.8252946138381958 1.0630775690078735 0.8302602767944336 -0.5273289084434509 0.18053288757801056 19.04705047607422 0.0 0.0 0.0 1.0
0.5381296873092651 0.7164946794509888 0.44390514492988586 -0.7102959752082825 -0.3477257788181305 -0.2910332977771759 0.8912835717201233 0.9496849775314331 0.7677911520004272 -0.6339834332466125 0.0925300195813179 19.58371925354004 0.0 0.0 0.0 1.0
0.5519315004348755 0.7124004364013672 0.43342500925064087 -0.7241831421852112 -0.3387129306793213 -0.2834305167198181 0.8971848487854004 0.9806084036827087 0.7620007395744324 -0.6419912576675415 0.08486498892307281 19.498966217041016 0.0 0.0 0.0 1.0
0.5881645679473877 0.6965630650520325 0.4109286367893219 -0.722632646560669 -0.32469549775123596 -0.2619762122631073 0.9088131189346313 1.1094255447387695 0.7406991720199585 -0.6679583787918091 0.07208578288555145 19.25787925720215 0.0 0.0 0.0 1.0
0.6076526641845703 0.6879368424415588 0.3968641757965088 -0.7279941439628601 -0.31370604038238525 -0.25116267800331116 0.9156996607780457 1.1251345872879028 0.7296209931373596 -0.6809260249137878 0.0631902664899826 18.995004653930664 0.0 0.0 0.0 1.0
0.6358637809753418 0.6770117282867432 0.3705838620662689 -0.5665230751037598 -0.2902583181858063 -0.23513974249362946 0.9276095032691956 1.1043087244033813 0.7151414752006531 -0.69739830493927 0.04699144884943962 19.23244285583496 0.0 0.0 0.0 1.0
0.7734468579292297 0.5913571715354919 0.22820305824279785 -0.4227154552936554 -0.1539914608001709 -0.17393191158771515 0.9726429581642151 1.0450079441070557 0.6148712038993835 -0.7874289751052856 -0.043463144451379776 19.821258544921875 0.0 0.0 0.0 1.0
0.7862677574157715 0.5833308696746826 0.20373529195785522 -0.16141805052757263 -0.1278209537267685 -0.16903972625732422 0.9772857427597046 0.9982072114944458 0.604520320892334 -0.7944499254226685 -0.058348581194877625 19.512834548950195 0.0 0.0 0.0 1.0
0.8017478585243225 0.5719013214111328 0.17357785999774933 0.00025322509463876486 -0.09742129594087601 -0.1614886075258255 0.9820542335510254 0.9568333029747009 0.5896689295768738 -0.8042700290679932 -0.07375778257846832 19.334911346435547 0.0 0.0 0.0 1.0
0.8120956420898438 0.5633708834648132 0.15203280746936798 -0.07088138908147812 -0.07649041712284088 -0.15551847219467163 0.9848670959472656 0.9114106297492981 0.578489363193512 -0.8114352822303772 -0.08320340514183044 19.024436950683594 0.0 0.0 0.0 1.0
0.8225728273391724 0.5506945252418518 0.14180797338485718 -0.16227377951145172 -0.0684397965669632 -0.15168827772140503 0.9860560894012451 0.8433703780174255 0.5645263195037842 -0.8208082318305969 -0.08708522468805313 18.850797653198242 0.0 0.0 0.0 1.0
0.9115761518478394 0.3910028636455536 -0.1270655244588852 1.4256937503814697 0.17535893619060516 -0.09023725241422653 0.9803603887557983 1.103550672531128 0.3718576729297638 -0.9159552454948425 -0.15082398056983948 18.47599983215332 0.0 0.0 0.0 1.0
0.9154969453811646 0.37114042043685913 -0.15530669689178467 1.5225704908370972 0.19955839216709137 -0.08371111750602722 0.9763036966323853 1.0560319423675537 0.3493448793888092 -0.9247958064079285 -0.15070146322250366 18.450986862182617 0.0 0.0 0.0 1.0
0.9191588163375854 0.3579598069190979 -0.16435296833515167 1.1267367601394653 0.20526030659675598 -0.07917233556509018 0.9754998683929443 0.9078069925308228 0.3361775279045105 -0.9303743839263916 -0.14624688029289246 18.353055953979492 0.0 0.0 0.0 1.0
0.9253422617912292 0.34096354246139526 -0.16578786075115204 0.46839797496795654 0.20301394164562225 -0.07629993557929993 0.9761985540390015 0.7447310090065002 0.32019850611686707 -0.9369750022888184 -0.13982391357421875 18.047378540039062 0.0 0.0 0.0 1.0
0.929148256778717 0.3223825693130493 -0.1809779703617096 0.2574181854724884 0.21500438451766968 -0.07295473664999008 0.9738843441009521 0.656596302986145 0.3007601201534271 -0.9437940120697021 -0.13709942996501923 17.823909759521484 0.0 0.0 0.0 1.0
0.9354027509689331 0.1671585589647293 -0.311576247215271 -0.006551991682499647 0.3233869671821594 -0.048123862594366074 0.9450423121452332 1.3453971147537231 0.14297765493392944 -0.9847548604011536 -0.09907209128141403 17.578964233398438 0.0 0.0 0.0 1.0
0.9311946630477905 0.1348886340856552 -0.33864668011665344 -0.0465470552444458 0.3474099934101105 -0.04710352048277855 0.9365295171737671 1.4752823114395142 0.11037574708461761 -0.9897405505180359 -0.09072420746088028 17.587116241455078 0.0 0.0 0.0 1.0
0.9253650307655334 0.11516844481229782 -0.36115890741348267 0.15037290751934052 0.3680499792098999 -0.044834237545728683 0.928724467754364 1.544834852218628 0.09076747298240662 -0.9923336505889893 -0.08387578278779984 17.5518741607666 0.0 0.0 0.0 1.0
0.918232262134552 0.0866469219326973 -0.3864477574825287 0.46303269267082214 0.39124828577041626 -0.04709521681070328 0.9190793037414551 1.5842437744140625 0.061435550451278687 -0.9951252937316895 -0.0771448090672493 17.350936889648438 0.0 0.0 0.0 1.0
0.9116930365562439 0.06247234717011452 -0.4060947895050049 0.4593370258808136 0.4090912938117981 -0.04610195755958557 0.911328136920929 1.5494056940078735 0.03821104019880295 -0.9969813227653503 -0.0675877258181572 16.784433364868164 0.0 0.0 0.0 1.0
0.8528201580047607 -0.08363106846809387 -0.5154644846916199 0.9803521037101746 0.5140522122383118 -0.039292111992836 0.856858491897583 1.3785784244537354 -0.09191367775201797 -0.9957218170166016 0.00948162842541933 15.463078498840332 0.0 0.0 0.0 1.0
0.8526655435562134 -0.09272119402885437 -0.514163613319397 0.33170896768569946 0.5131784677505493 -0.03601210564374924 0.8575260639190674 1.5278809070587158 -0.09802695363759995 -0.9950406551361084 0.01687624119222164 15.72885799407959 0.0 0.0 0.0 1.0
0.846000075340271 -0.116428904235363 -0.520315408706665 -0.37068161368370056 0.5189319252967834 -0.04431266337633133 0.8536662459373474 1.497423529624939 -0.12244798988103867 -0.9922100305557251 0.02293015643954277 15.946152687072754 0.0 0.0 0.0 1.0
0.8358638286590576 -0.14711469411849976 -0.5288562774658203 -0.43437865376472473 0.5257566571235657 -0.06245742738246918 0.8483389616012573 1.4477219581604004 -0.15783412754535675 -0.9871455430984497 0.025140628218650818 16.03971290588379 0.0 0.0 0.0 1.0
0.8121574521064758 -0.17629775404930115 -0.5561648607254028 -0.026786578819155693 0.550774097442627 -0.08281237632036209 0.8305360078811646 1.499206781387329 -0.1924789696931839 -0.980847179889679 0.02984354831278324 16.171245574951172 0.0 0.0 0.0 1.0