-0.8110979795455933 0.5201514959335327 -0.26751163601875305 -1.533561110496521 -0.571941614151001 -0.609529435634613 0.5489596128463745 -0.14869755506515503 0.1224859207868576 0.5982610583305359 0.7918843626976013 10.004754066467285 0.0 0.0 0.0 1.0
-0.8112381100654602 0.5204293131828308 -0.26654475927352905 -1.5473625659942627 -0.5716081857681274 -0.6098791360855103 0.5489185452461243 -0.14973042905330658 0.12311321496963501 0.5976627469062805 0.7922388315200806 9.963047981262207 0.0 0.0 0.0 1.0
-0.8114363551139832 0.519795835018158 -0.26717665791511536 -1.5619664192199707 -0.5712929964065552 -0.6090267300605774 0.5501915812492371 -0.19735029339790344 0.12326957285404205 0.5990815758705139 0.7911421060562134 9.958091735839844 0.0 0.0 0.0 1.0
-0.8129587173461914 0.5189564824104309 -0.26416340470314026 -1.5594170093536377 -0.5688772797584534 -0.6108566522598267 0.5506657958030701 -0.24730539321899414 0.12440560013055801 0.5979450941085815 0.7918238043785095 9.997121810913086 0.0 0.0 0.0 1.0
-0.815071702003479 0.5165296196937561 -0.2624030113220215 -1.5459506511688232 -0.5658169388771057 -0.6123344898223877 0.5521754026412964 -0.28783801198005676 0.12453652918338776 0.5985345840454102 0.791357696056366 10.056825637817383 0.0 0.0 0.0 1.0
-0.8488478064537048 0.4751104712486267 -0.23179186880588531 -1.5691183805465698 -0.5183318257331848 -0.6618701815605164 0.5415347814559937 -0.507357656955719 0.10387272387742996 0.5798256993293762 0.808091938495636 9.992961883544922 0.0 0.0 0.0 1.0
-0.8596425652503967 0.46234017610549927 -0.21738488972187042 -1.470293402671814 -0.5014739632606506 -0.6822549700737 0.5320263504981995 -0.4686327576637268 0.09766524285078049 0.5663653612136841 0.8183469772338867 9.954007148742676 0.0 0.0 0.0 1.0
-0.8718292713165283 0.44613003730773926 -0.20219232141971588 -1.3497544527053833 -0.4818356931209564 -0.7069706916809082 0.5177130699157715 -0.3372838795185089 0.08802330493927002 0.5487808585166931 0.8313190937042236 9.91750717163086 0.0 0.0 0.0 1.0
-0.8822982311248779 0.4322732985019684 -0.18625138700008392 -1.3109550476074219 -0.46333399415016174 -0.7279343008995056 0.5054040551185608 -0.26622653007507324 0.08289391547441483 0.5322137475013733 0.8425420522689819 9.980522155761719 0.0 0.0 0.0 1.0
-0.8961520195007324 0.41192618012428284 -0.16501028835773468 -1.2911734580993652 -0.4373634457588196 -0.7570734620094299 0.4853380024433136 -0.3072955310344696 0.07499852776527405 0.5071061253547668 0.8586143851280212 10.035253524780273 0.0 0.0 0.0 1.0
-0.9432400465011597 0.3177137076854706 -0.09672768414020538 -1.1523406505584717 -0.3291987180709839 -0.8559414148330688 0.39873865246772766 -1.3089178800582886 0.04389151558279991 0.40794888138771057 0.9119491577148438 9.474722862243652 0.0 0.0 0.0 1.0
-0.9483099579811096 0.30455294251441956 -0.08919475227594376 -0.9773677587509155 -0.31464827060699463 -0.8657798171043396 0.38912951946258545 -1.2974761724472046 0.04128752276301384 0.3970803916454315 0.9168546795845032 9.405664443969727 0.0 0.0 0.0 1.0
-0.9528265595436096 0.29212334752082825 -0.08237414062023163 -0.9890509247779846 -0.30097371339797974 -0.8743351697921753 0.38072672486305237 -1.2933071851730347 0.03919655829668045 0.3875589966773987 0.921011209487915 9.227766036987305 0.0 0.0 0.0 1.0
-0.9601799249649048 0.2697784900665283 -0.07262255251407623 -1.036402702331543 -0.2774345874786377 -0.8900694847106934 0.3616716265678406 -1.2921291589736938 0.0329321026802063 0.3674178421497345 0.9294727444648743 9.012235641479492 0.0 0.0 0.0 1.0
-0.9687792062759399 0.23991231620311737 -0.06252190470695496 -1.0442726612091064 -0.24687129259109497 -0.9102555513381958 0.3323994576931 -1.252213478088379 0.022835811600089073 0.33745652437210083 0.9410640597343445 8.90172290802002 0.0 0.0 0.0 1.0
-0.9979982376098633 0.06140150502324104 -0.015146203339099884 -1.0720512866973877 -0.06281992048025131 -0.9901109933853149 0.12543454766273499 -0.7933106422424316 -0.0072945524007081985 0.1261349320411682 0.9919862747192383 9.185705184936523 0.0 0.0 0.0 1.0
-0.9992469549179077 0.037273745983839035 -0.01078050583600998 -0.9971465468406677 -0.038156721740961075 -0.9943926930427551 0.09862690418958664 -0.8521363139152527 -0.007043861784040928 0.09896397590637207 0.9950661063194275 9.108314514160156 0.0 0.0 0.0 1.0
-0.9997395277023315 0.020852547138929367 -0.009276232682168484 -0.9685397744178772 -0.021542362868785858 -0.9964143633842468 0.08181922137737274 -0.9745380282402039 -0.007536832243204117 0.08199774473905563 0.9966040253639221 8.887829780578613 0.0 0.0 0.0 1.0
-0.9999788999557495 -0.0006274260231293738 -0.00646760081872344 -0.9071410298347473 0.00022906306548975408 -0.9981124997138977 0.06141126900911331 -1.1401515007019043 -0.006493924185633659 0.06140848994255066 0.9980915784835815 8.567553520202637 0.0 0.0 0.0 1.0
-0.9998459815979004 -0.016594933345913887 -0.005706920754164457 -0.786195695400238 0.01630222052335739 -0.9987146258354187 0.04799282178282738 -1.236975908279419 -0.006496022921055555 0.04789239540696144 0.9988313913345337 8.427183151245117 0.0 0.0 0.0 1.0
-0.9874781370162964 -0.15729928016662598 -0.01199420727789402 -0.7059054374694824 0.15772216022014618 -0.9828371405601501 -0.0956808552145958 -1.048613429069519 0.0032621766440570354 -0.0963745042681694 0.9953398108482361 8.482845306396484 0.0 0.0 0.0 1.0
-0.9832621812820435 -0.1814967393875122 -0.015951568260788918 -0.8541341423988342 0.1820504367351532 -0.9751982688903809 -0.12588059902191162 -0.9393573999404907 0.0072909751906991005 -0.12667761743068695 0.9919171333312988 8.616860389709473 0.0 0.0 0.0 1.0
-0.9797336459159851 -0.19929905235767365 -0.02004755102097988 -0.9239134788513184 0.2000524252653122 -0.9685634970664978 -0.1478639841079712 -0.8803672790527344 0.010051824152469635 -0.14887787401676178 0.9888045191764832 8.671191215515137 0.0 0.0 0.0 1.0
-0.9743865132331848 -0.2234305590391159 -0.025488797575235367 -0.9469605088233948 0.22433745861053467 -0.9579063057899475 -0.17913196980953217 -0.782585859298706 0.015607675537467003 -0.18026186525821686 0.9834948182106018 8.812647819519043 0.0 0.0 0.0 1.0
-0.969417154788971 -0.24364814162254333 -0.02942773886024952 -0.9167928695678711 0.24445733428001404 -0.94804847240448 -0.20357970893383026 -0.6607463359832764 0.021702894940972328 -0.20454749464988708 0.9786159992218018 8.875076293945312 0.0 0.0 0.0 1.0
-0.91689133644104 -0.3925311863422394 -0.072316013276577 -0.957064151763916 0.3887683153152466 -0.8372632265090942 -0.3845120072364807 -0.47081345319747925 0.09038540720939636 -0.38066989183425903 0.9202830791473389 9.75741195678711 0.0 0.0 0.0 1.0
-0.9076846837997437 -0.4116083085536957 -0.0817750096321106 -0.9259095788002014 0.4073576033115387 -0.8173769116401672 -0.4073754549026489 -0.5662102699279785 0.10083810985088348 -0.40308013558387756 0.9095922708511353 9.751565933227539 0.0 0.0 0.0 1.0
-0.8950814604759216 -0.4359228014945984 -0.09381075203418732 -0.8455071449279785 0.43053746223449707 -0.7901433706283569 -0.43624645471572876 -0.5111179351806641 0.11604582518339157 -0.43086516857147217 0.8949238061904907 9.720096588134766 0.0 0.0 0.0 1.0
-0.8805060982704163 -0.4618110656738281 -0.10695585608482361 -0.9528722167015076 0.45511946082115173 -0.7604711651802063 -0.4631952941417694 -0.4862228035926819 0.13257186114788055 -0.45652395486831665 0.8797786831855774 9.666194915771484 0.0 0.0 0.0 1.0
-0.8684890866279602 -0.4810826778411865 -0.11952477693557739 -0.9248014092445374 0.47448524832725525 -0.7369813919067383 -0.4813753366470337 -0.5220977067947388 0.14349380135536194 -0.47478196024894714 0.8683269023895264 9.60419750213623 0.0 0.0 0.0 1.0
-0.7555630207061768 -0.6121277213096619 -0.23329003155231476 -0.9973817467689514 0.6130541563034058 -0.5352396368980408 -0.58110511302948 -0.35009145736694336 0.23084445297718048 -0.5820809602737427 0.7796747088432312 9.829034805297852 0.0 0.0 0.0 1.0
-0.7381447553634644 -0.625440239906311 -0.25291672348976135 -1.0868349075317383 0.6282497048377991 -0.5006353259086609 -0.5955389142036438 -0.3408539295196533 0.2458549588918686 -0.5984887480735779 0.7624739408493042 9.800450325012207 0.0 0.0 0.0 1.0
-0.7137849926948547 -0.6419458389282227 -0.2800295650959015 -1.1025272607803345 0.6470662355422974 -0.45146629214286804 -0.6143968105316162 -0.4014526307582855 0.2679855525493622 -0.6197448968887329 0.7376313209533691 9.861078262329102 0.0 0.0 0.0 1.0
-0.6960859298706055 -0.6513586640357971 -0.3019872009754181 -1.086647629737854 0.6585051417350769 -0.41162535548210144 -0.6300281882286072 -0.4469720125198364 0.28606870770454407 -0.6374139189720154 0.7154496312141418 9.829780578613281 0.0 0.0 0.0 1.0
-0.672109067440033 -0.6624095439910889 -0.33088219165802 -1.0637595653533936 0.6715739965438843 -0.3571290075778961 -0.6491897106170654 -0.4570762515068054 0.3118618130683899 -0.6585381627082825 0.684886634349823 9.821457862854004 0.0 0.0 0.0 1.0
-0.5620592832565308 -0.6825369596481323 -0.46715378761291504 -0.9243759512901306 0.6963308453559875 -0.08569760620594025 -0.7125863432884216 -0.08806822448968887 0.44633257389068604 -0.7258093357086182 0.5234386920928955 10.58723258972168 0.0 0.0 0.0 1.0
-0.5474979281425476 -0.6804359555244446 -0.4870861768722534 -0.876101016998291 0.6970810294151306 -0.04882769659161568 -0.715327799320221 -0.20770210027694702 0.4629514515399933 -0.7311790585517883 0.5010520815849304 10.51049518585205 0.0 0.0 0.0 1.0
-0.5236151814460754 -0.679308295249939 -0.5141666531562805 -0.8755108714103699 0.6989713311195374 0.0025199444498866796 -0.7151452302932739 -0.31912097334861755 0.4870997667312622 -0.7338486909866333 0.47349753975868225 10.230522155761719 0.0 0.0 0.0 1.0
-0.5046666264533997 -0.6771543025970459 -0.5355125069618225 -0.9521234035491943 0.6996284127235413 0.042629290372133255 -0.713234007358551 -0.31808456778526306 0.5057980418205261 -0.7346051931381226 0.45224282145500183 10.083454132080078 0.0 0.0 0.0 1.0
-0.47888854146003723 -0.671942949295044 -0.5649411082267761 -1.0184558629989624 0.7008495330810547 0.09489882737398148 -0.7069682478904724 -0.24116010963916779 0.5286545753479004 -0.7344977259635925 0.42548495531082153 9.957414627075195 0.0 0.0 0.0 1.0
-0.3457285165786743 -0.5975574254989624 -0.7234617471694946 -0.7495400905609131 0.6782145500183105 0.37368592619895935 -0.6327589750289917 -0.18178007006645203 0.6484572887420654 -0.7094250917434692 0.2760782539844513 10.28866958618164 0.0 0.0 0.0 1.0
-0.3178914785385132 -0.5718436241149902 -0.7562670707702637 -0.8555468916893005 0.6631299257278442 0.4359939694404602 -0.6084142923355103 -0.12335259467363358 0.677645742893219 -0.6949130296707153 0.2406078428030014 10.37807559967041 0.0 0.0 0.0 1.0
-0.29098808765411377 -0.5435320734977722 -0.787336528301239 -1.1472499370574951 0.6426093578338623 0.498639851808548 -0.5817314982414246 0.014127412810921669 0.7087870836257935 -0.6752267479896545 0.2041805386543274 10.359798431396484 0.0 0.0 0.0 1.0
-0.2666968107223511 -0.5232081413269043 -0.8093985915184021 -1.38547945022583 0.6286624670028687 0.5421171188354492 -0.5575774312019348 0.05502450466156006 0.7305178642272949 -0.6575425863265991 0.18434041738510132 10.33669662475586 0.0 0.0 0.0 1.0
-0.23680174350738525 -0.5013799071311951 -0.8321917653083801 -1.5163183212280273 0.6068122982978821 0.592612087726593 -0.5297072529792786 0.17878976464271545 0.7587514519691467 -0.6304197907447815 0.16391190886497498 10.478025436401367 0.0 0.0 0.0 1.0
-0.1528686136007309 -0.3533223569393158 -0.9229271411895752 -0.8687705397605896 0.47499778866767883 0.7926839590072632 -0.3821376860141754 0.08667358011007309 0.8666073679924011 -0.49680519104003906 0.04665083438158035 9.990734100341797 0.0 0.0 0.0 1.0
-0.13512979447841644 -0.3254569172859192 -0.9358513355255127 -0.6745815277099609 0.4498802125453949 0.8213892579078674 -0.3506101965904236 0.15828384459018707 0.8828067183494568 -0.46839889883995056 0.03542246297001839 9.845551490783691 0.0 0.0 0.0 1.0
-0.12006121128797531 -0.3038898706436157 -0.9451117515563965 -0.7312904000282288 0.430493026971817 0.8419005870819092 -0.32539069652557373 0.15065957605838776 0.8945730924606323 -0.4459308385848999 0.029742863029241562 9.724949836730957 0.0 0.0 0.0 1.0
-0.10716220736503601 -0.2706137001514435 -0.9567050337791443 -0.8929978609085083 0.40127885341644287 0.8686197400093079 -0.2906458377838135 0.07543405890464783 0.9096656441688538 -0.41505175828933716 0.015508347190916538 9.823716163635254 0.0 0.0 0.0 1.0
-0.09123420715332031 -0.23178187012672424 -0.9684799909591675 -0.9578816294670105 0.3711697459220886 0.8945423364639282 -0.24905221164226532 -0.15118756890296936 0.9240721464157104 -0.38219255208969116 0.00441755773499608 9.843923568725586 0.0 0.0 0.0 1.0
-0.0546385832130909 -0.017012234777212143 -0.9983612895011902 -1.2936115264892578 0.17202776670455933 0.9847437739372253 -0.026194972917437553 -0.7396196722984314 0.9835756421089172 -0.173177108168602 -0.05087842419743538 10.884047508239746 0.0 0.0 0.0 1.0
-0.05362909287214279 0.008468523621559143 -0.9985250234603882 -1.2112795114517212 0.13888335227966309 0.9903082847595215 0.0009396471432410181 -0.7036405801773071 0.9888555407524109 -0.13862811028957367 -0.05428547412157059 10.890172004699707 0.0 0.0 0.0 1.0
-0.05491981282830238 0.025742048397660255 -0.998158872127533 -1.1831068992614746 0.1166653111577034 0.9929859042167664 0.019189583137631416 -0.7396274209022522 0.9916516542434692 -0.11539662629365921 -0.057537805289030075 10.930035591125488 0.0 0.0 0.0 1.0
-0.05442306026816368 0.0474320724606514 -0.9973907470703125 -1.2928335666656494 0.08658886700868607 0.9953325390815735 0.042609430849552155 -0.840569257736206 0.9947565197944641 -0.08404400199651718 -0.05827613174915314 10.946612358093262 0.0 0.0 0.0 1.0
-0.05771038681268692 0.06432449072599411 -0.9962589144706726 -1.2479095458984375 0.062185145914554596 0.9962159395217896 0.060719508677721024 -0.9261587858200073 0.9963947534561157 -0.05844835937023163 -0.061492033302783966 11.002816200256348 0.0 0.0 0.0 1.0
-0.10155805200338364 0.2389165461063385 -0.965714693069458 -1.017592430114746 -0.1491161584854126 0.9561110138893127 0.2522222101688385 -1.2534582614898682 0.9835905432701111 0.1696188598871231 -0.06147446110844612 10.646671295166016 0.0 0.0 0.0 1.0
-0.10895881056785583 0.25970396399497986 -0.9595216512680054 -1.0347336530685425 -0.17171570658683777 0.945840060710907 0.2755001187324524 -1.397550106048584 0.9791024923324585 0.19478310644626617 -0.05846235901117325 10.461725234985352 0.0 0.0 0.0 1.0
-0.11957991868257523 0.28685250878334045 -0.9504821300506592 -1.0676459074020386 -0.19779080152511597 0.9312781691551208 0.30594080686569214 -1.4926764965057373 0.9729231595993042 0.22458098828792572 -0.054625384509563446 10.340469360351562 0.0 0.0 0.0 1.0
-0.12805069983005524 0.3165751099586487 -0.9398846626281738 -1.2559640407562256 -0.22137467563152313 0.9146525263786316 0.33823662996292114 -1.5741106271743774 0.9667451977729797 0.2513780891895294 -0.0470401830971241 10.24079704284668 0.0 0.0 0.0 1.0
-0.14211460947990417 0.3356565237045288 -0.9312025308609009 -1.4739415645599365 -0.24099090695381165 0.9007115364074707 0.36144450306892395 -1.6665199995040894 0.960066020488739 0.2757778763771057 -0.04711409658193588 10.352487564086914 0.0 0.0 0.0 1.0
-0.25059714913368225 0.4894604980945587 -0.8352421522140503 -0.9713666439056396 -0.37228772044181824 0.7477017641067505 0.5498581528663635 -1.1380834579467773 0.8936458826065063 0.4487432837486267 -0.005151788238435984 10.711795806884766 0.0 0.0 0.0 1.0
-0.2634604871273041 0.5024464130401611 -0.8234902024269104 -0.9512431025505066 -0.381661593914032 0.7297059893608093 0.5673302412033081 -1.2594623565673828 0.8859587907791138 0.46376368403434753 -0.00048420115490444005 10.626429557800293 0.0 0.0 0.0 1.0
-0.27891090512275696 0.5225784778594971 -0.8056800961494446 -0.9829233288764954 -0.39468806982040405 0.702458918094635 0.5922607779502869 -1.4010212421417236 0.8754599094390869 0.48318031430244446 0.010332033969461918 10.504545211791992 0.0 0.0 0.0 1.0
-0.292163223028183 0.5396625995635986 -0.7895599603652954 -1.00254487991333 -0.4045484662055969 0.6783441305160522 0.6133431196212769 -1.5868974924087524 0.8665916919708252 0.49861156940460205 0.02013246715068817 10.427309036254883 0.0 0.0 0.0 1.0
-0.3125934302806854 0.564750075340271 -0.76376873254776 -0.9257674813270569 -0.4202915132045746 0.6388397216796875 0.6443902850151062 -1.8713163137435913 0.8518452644348145 0.5224376916885376 0.03766255080699921 10.517327308654785 0.0 0.0 0.0 1.0
-0.45671191811561584 0.665969967842102 -0.5898289680480957 -0.9015358090400696 -0.5117391347885132 0.34566691517829895 0.7865350842475891 -1.7246323823928833 0.7276931405067444 0.6610584855079651 0.18293271958827972 10.882646560668945 0.0 0.0 0.0 1.0
-0.4729716181755066 0.6681824326515198 -0.5743083953857422 -0.904585063457489 -0.5191065669059753 0.3153507709503174 0.7944068908691406 -1.7194139957427979 0.7119172811508179 0.6738591194152832 0.19770589470863342 11.012044906616211 0.0 0.0 0.0 1.0
-0.49421635270118713 0.6692714095115662 -0.5548206567764282 -0.9359146952629089 -0.5270602107048035 0.276863157749176 0.8034639358520508 -1.712638258934021 0.6913448572158813 0.6895089149475098 0.21591603755950928 10.950264930725098 0.0 0.0 0.0 1.0
-0.5101140141487122 0.6692922711372375 -0.5402143597602844 -0.9641643762588501 -0.5333184599876404 0.24663102626800537 0.8091629147529602 -1.7073414325714111 0.6748000979423523 0.7008715867996216 0.23113594949245453 10.819008827209473 0.0 0.0 0.0 1.0
-0.5321250557899475 0.6700389981269836 -0.517581582069397 -0.9515427947044373 -0.5404185652732849 0.20179526507854462 0.8168392777442932 -1.7139619588851929 0.651759684085846 0.714371383190155 0.25472119450569153 10.78664493560791 0.0 0.0 0.0 1.0
-0.6795809268951416 0.6608617305755615 -0.3184832036495209 -1.1023993492126465 -0.5278475284576416 -0.1390034705400467 0.8378872275352478 -1.9149781465530396 0.5094573497772217 0.7375227212905884 0.44329833984375 10.840609550476074 0.0 0.0 0.0 1.0
-0.7038828134536743 0.653374969959259 -0.27865785360336304 -0.9221863150596619 -0.5159872174263 -0.20071561634540558 0.8327487111091614 -1.9979480504989624 0.4881661534309387 0.7299413681030273 0.4784133732318878 10.84088134765625 0.0 0.0 0.0 1.0
-0.7266504764556885 0.6430594325065613 -0.24177201092243195 -0.8308690786361694 -0.5031614899635315 -0.25853604078292847 0.824613630771637 -2.1500589847564697 0.46776875853538513 0.720856249332428 0.5114280581474304 10.698746681213379 0.0 0.0 0.0 1.0
-0.743519127368927 0.6335328817367554 -0.214045450091362 -0.7170261144638062 -0.49197274446487427 -0.30143141746520996 0.8167631030082703 -2.309375286102295 0.45292624831199646 0.7125834822654724 0.5358009338378906 10.712607383728027 0.0 0.0 0.0 1.0
-0.7675313949584961 0.6159066557884216 -0.17763595283031464 -0.7080253958702087 -0.4749976098537445 -0.36039355397224426 0.8028036952018738 -2.615997552871704 0.4304332733154297 0.7005537152290344 0.5691675543785095 10.658799171447754 0.0 0.0 0.0 1.0
-0.8797318339347839 0.47529029846191406 -0.01307887863367796 -1.0302259922027588 -0.35382798314094543 -0.636042594909668 0.6857517957687378 -2.5747103691101074 0.3176124691963196 0.607905387878418 0.727717936038971 10.720778465270996 0.0 0.0 0.0 1.0
-0.890293538570404 0.45535871386528015 0.005086717661470175 -1.0030471086502075 -0.3363184928894043 -0.6650013327598572 0.6668306589126587 -2.4605941772460938 0.3070298135280609 0.5919642448425293 0.7451919317245483 10.844690322875977 0.0 0.0 0.0 1.0
-0.89622563123703 0.44320911169052124 0.018583061173558235 -0.9235277771949768 -0.32384365797042847 -0.6823331713676453 0.6553981304168701 -2.3172805309295654 0.3031582832336426 0.5813665986061096 0.7550548911094666 10.935748100280762 0.0 0.0 0.0 1.0
-0.9019402861595154 0.4307151138782501 0.03143628314137459 -0.8221204280853271 -0.3116897940635681 -0.6996212005615234 0.6429461240768433 -2.199878215789795 0.2989200949668884 0.5701006054878235 0.7652660012245178 10.976497650146484 0.0 0.0 0.0 1.0
-0.90614253282547 0.4209490120410919 0.04132382199168205 -0.6830165982246399 -0.30231621861457825 -0.7128890752792358 0.6327670216560364 -2.1510300636291504 0.2958219349384308 0.5608842372894287 0.7732387781143188 10.952726364135742 0.0 0.0 0.0 1.0
-0.934403121471405 0.3400658369064331 0.1060471385717392 -0.2810642123222351 -0.23174364864826202 -0.8064204454421997 0.5440413355827332 -1.9335356950759888 0.2705284655094147 0.4837782084941864 0.8323298692703247 10.666251182556152 0.0 0.0 0.0 1.0
-0.9424257278442383 0.3106570243835449 0.12379810214042664 -0.31747564673423767 -0.20881013572216034 -0.8358051180839539 0.5077677965164185 -1.9397655725479126 0.26121270656585693 0.45268312096595764 0.852552592754364 10.80119514465332 0.0 0.0 0.0 1.0
-0.9479937553405762 0.28724583983421326 0.13710446655750275 -0.2999100089073181 -0.1907852292060852 -0.8576100468635559 0.477604478597641 -1.9393471479415894 0.2547720670700073 0.4266085624694824 0.8678112030029297 10.873706817626953 0.0 0.0 0.0 1.0
-0.9541197419166565 0.25691214203834534 0.15379108488559723 -0.31363019347190857 -0.1676035374403 -0.8838581442832947 0.4366965591907501 -1.988985300064087 0.24812214076519012 0.3908848762512207 0.8863658308982849 10.952927589416504 0.0 0.0 0.0 1.0
-0.9577885270118713 0.23592860996723175 0.16425228118896484 -0.3296298384666443 -0.1520780622959137 -0.9007014632225037 0.4069509506225586 -1.9967862367630005 0.2439536452293396 0.3647938072681427 0.8985611200332642 11.049139022827148 0.0 0.0 0.0 1.0
-0.9675620794296265 0.1578151136636734 0.1972765326499939 0.006461318116635084 -0.09872329980134964 -0.9549813866615295 0.27975744009017944 -1.3344860076904297 0.2325453758239746 0.2512068748474121 0.9395838379859924 11.477375984191895 0.0 0.0 0.0 1.0
-0.9687808156013489 0.14711949229240417 0.19954842329025269 0.034032367169857025 -0.09105326980352402 -0.9597845673561096 0.26556140184402466 -1.3938233852386475 0.2305927574634552 0.23910126090049744 0.9432166218757629 11.35822868347168 0.0 0.0 0.0 1.0
-0.9701346755027771 0.1350620985031128 0.2014869749546051 0.018742095679044724 -0.08186078071594238 -0.9642099738121033 0.25218623876571655 -1.3902913331985474 0.22833655774593353 0.22816072404384613 0.946469783782959 11.291510581970215 0.0 0.0 0.0 1.0
-0.9723639488220215 0.11284108459949493 0.20438982546329498 -0.015729879960417747 -0.06485088169574738 -0.9715341329574585 0.22785039246082306 -1.3679628372192383 0.22428257763385773 0.20829865336418152 0.9520026445388794 11.135994911193848 0.0 0.0 0.0 1.0
-0.9742081761360168 0.09101305156946182 0.20648245513439178 -0.03547477722167969 -0.048178233206272125 -0.9778465032577515 0.2037033587694168 -1.3478670120239258 0.22044780850410461 0.1885015219449997 0.9570109248161316 11.052336692810059 0.0 0.0 0.0 1.0
-0.9765520691871643 -0.10935312509536743 0.18543988466262817 -0.1627306491136551 0.10459749400615692 -0.9938890933990479 -0.03526736795902252 -1.8022565841674805 0.18816328048706055 -0.015043874271214008 0.9820225238800049 11.498089790344238 0.0 0.0 0.0 1.0
-0.9752873182296753 -0.12821705639362335 0.17993077635765076 -0.17654475569725037 0.11951759457588196 -0.9911112189292908 -0.05843008682131767 -1.7786327600479126 0.18582314252853394 -0.035481229424476624 0.981942355632782 11.514349937438965 0.0 0.0 0.0 1.0
-0.973546028137207 -0.14858561754226685 0.1735813170671463 -0.17021627724170685 0.13598468899726868 -0.9872760772705078 -0.08242641389369965 -1.6895649433135986 0.18362006545066833 -0.056641507893800735 0.9813640713691711 11.510913848876953 0.0 0.0 0.0 1.0
-0.971807062625885 -0.16428185999393463 0.1691226214170456 -0.14729611575603485 0.1484728753566742 -0.9836102724075317 -0.10230641067028046 -1.5428757667541504 0.18315784633159637 -0.07431197166442871 0.9802708625793457 11.465044975280762 0.0 0.0 0.0 1.0
-0.9705199003219604 -0.17403481900691986 0.16674241423606873 -0.1143762394785881 0.156178817152977 -0.9810237288475037 -0.11489371210336685 -1.393788456916809 0.18357378244400024 -0.08546500653028488 0.9792836308479309 11.442964553833008 0.0 0.0 0.0 1.0
-0.9609803557395935 -0.23477374017238617 0.14628082513809204 -0.07507045567035675 0.20192188024520874 -0.9568135142326355 -0.209130197763443 -0.5786280632019043 0.1890617460012436 -0.1714327037334442 0.9668849110603333 11.208083152770996 0.0 0.0 0.0 1.0
-0.9593741297721863 -0.24462811648845673 0.14056438207626343 -0.1135830357670784 0.20990660786628723 -0.951774001121521 -0.22375309467315674 -0.6360540986061096 0.1885218322277069 -0.18515753746032715 0.9644564390182495 11.170498847961426 0.0 0.0 0.0 1.0
-0.9572167992591858 -0.2576676607131958 0.13169407844543457 -0.15634310245513916 0.22105172276496887 -0.9447994828224182 -0.2418472170829773 -0.7182570099830627 0.1867406964302063 -0.20238903164863586 0.9613358378410339 11.074585914611816 0.0 0.0 0.0 1.0
-0.9554924964904785 -0.2669948637485504 0.12549015879631042 -0.17534297704696655 0.22910813987255096 -0.9395357966423035 -0.25452300906181335 -0.7683563828468323 0.1858588308095932 -0.21444401144981384 0.9588901400566101 11.019611358642578 0.0 0.0 0.0 1.0
-0.9536979794502258 -0.277001291513443 0.11717714369297028 -0.2014531046152115 0.2381204068660736 -0.9333965182304382 -0.2684578001499176 -0.749846339225769 0.1837358921766281 -0.22812537848949432 0.956138014793396 10.988544464111328 0.0 0.0 0.0 1.0
-0.9461992383003235 -0.3104199171066284 0.09135881811380386 -0.5007081627845764 0.2714841663837433 -0.915185809135437 -0.2978779971599579 -0.2008882761001587 0.17607755959033966 -0.25704947113990784 0.9502221941947937 10.985589981079102 0.0 0.0 0.0 1.0
-0.9456554651260376 -0.31240618228912354 0.09021154791116714 -0.4912221133708954 0.2735522389411926 -0.914299726486206 -0.2987058162689209 -0.1938769668340683 0.1757979393005371 -0.25779521465301514 0.9500719308853149 10.959651947021484 0.0 0.0 0.0 1.0