-0.9970602989196777 -0.07412637025117874 0.019390851259231567 -0.6326847672462463 0.07354791462421417 -0.9968695640563965 -0.02901434898376465 1.212049126625061 0.021480876952409744 -0.02750289812684059 0.9993909001350403 14.048179626464844 0.0 0.0 0.0 1.0
-0.9964924454689026 -0.08246833086013794 0.014205293729901314 -0.6397907733917236 0.0820540264248848 -0.9962449073791504 -0.027626365423202515 1.2297029495239258 0.01643025130033493 -0.026363862678408623 0.9995173811912537 13.974126815795898 0.0 0.0 0.0 1.0
-0.9958633184432983 -0.09008701890707016 0.011858661659061909 -0.5878017544746399 0.08975926786661148 -0.9956304430961609 -0.025755133479833603 1.2380831241607666 0.01412704773247242 -0.024584166705608368 0.99959796667099 13.969305038452148 0.0 0.0 0.0 1.0
-0.9953668713569641 -0.09560130536556244 0.010255081579089165 -0.5212753415107727 0.0953119769692421 -0.995114803314209 -0.025732101872563362 1.23245108127594 0.012665005400776863 -0.024635450914502144 0.999616265296936 13.961791038513184 0.0 0.0 0.0 1.0
-0.9947975277900696 -0.10142562538385391 0.009525947272777557 -0.44220104813575745 0.10117080062627792 -0.9945739507675171 -0.02423088438808918 1.253808856010437 0.011931891553103924 -0.023141076788306236 0.9996610283851624 14.017576217651367 0.0 0.0 0.0 1.0
-0.9872874617576599 -0.15077656507492065 -0.05029773712158203 0.42750251293182373 0.15069344639778137 -0.9885654449462891 0.005462643224745989 1.9902997016906738 -0.05054624378681183 -0.002186340047046542 0.998719334602356 14.67428207397461 0.0 0.0 0.0 1.0
-0.9848915934562683 -0.15990327298641205 -0.06647932529449463 0.4820670485496521 0.1596825271844864 -0.9871304631233215 0.008655613288283348 2.0385777950286865 -0.06700782477855682 -0.0020907451398670673 0.9977502822875977 14.809271812438965 0.0 0.0 0.0 1.0
-0.9808446168899536 -0.1746438592672348 -0.086274653673172 0.5084688067436218 0.17423497140407562 -0.9846271872520447 0.012305698357522488 2.0999186038970947 -0.08709748834371567 -0.0029620840214192867 0.996195375919342 14.92828369140625 0.0 0.0 0.0 1.0
-0.9747528433799744 -0.19360984861850739 -0.11122994124889374 0.4315463602542877 0.19296707212924957 -0.98106449842453 0.016619110479950905 2.169123411178589 -0.11234136670827866 -0.005264191422611475 0.9936557412147522 15.058003425598145 0.0 0.0 0.0 1.0
-0.9658399224281311 -0.2188214212656021 -0.13881780207157135 0.3002856373786926 0.21746481955051422 -0.9757465720176697 0.025054631754755974 2.1811635494232178 -0.14093346893787384 -0.005989223252981901 0.9900009632110596 15.103934288024902 0.0 0.0 0.0 1.0
-0.8592042326927185 -0.3963339030742645 -0.32355448603630066 -1.335369348526001 0.3910732865333557 -0.9165037274360657 0.08415799587965012 1.5518306493759155 -0.329893559217453 -0.05422460660338402 0.9424595236778259 15.55076789855957 0.0 0.0 0.0 1.0
-0.8383691906929016 -0.420856773853302 -0.34643423557281494 -1.4631224870681763 0.41509854793548584 -0.9048362970352173 0.09468076378107071 1.6112786531448364 -0.3533133268356323 -0.06442690640687943 0.9332839250564575 15.604103088378906 0.0 0.0 0.0 1.0
-0.8185875415802002 -0.44184961915016174 -0.3669922947883606 -1.5210734605789185 0.43605390191078186 -0.8939326405525208 0.1036410927772522 1.683138370513916 -0.3738601505756378 -0.07518912106752396 0.9244323372840881 15.703082084655762 0.0 0.0 0.0 1.0
-0.8011578321456909 -0.45896074175834656 -0.38405880331993103 -1.5375956296920776 0.4510621726512909 -0.8848564624786377 0.11649879068136215 1.6409262418746948 -0.3933052718639374 -0.07990047335624695 0.9159294962882996 15.614848136901855 0.0 0.0 0.0 1.0
-0.7841067910194397 -0.4738614857196808 -0.40078896284103394 -1.5416117906570435 0.4642689526081085 -0.8764108419418335 0.12789995968341827 1.4881770610809326 -0.41186267137527466 -0.08578664809465408 0.9071988463401794 15.527458190917969 0.0 0.0 0.0 1.0
-0.6601306200027466 -0.556100070476532 -0.5049557089805603 -1.2079955339431763 0.5399316549301147 -0.818641722202301 0.19570283591747284 1.0277032852172852 -0.5222081542015076 -0.14345212280750275 0.8406664729118347 14.49598217010498 0.0 0.0 0.0 1.0
-0.6337540745735168 -0.5674120187759399 -0.5257369875907898 -1.1817578077316284 0.5500834584236145 -0.8084280490875244 0.2094091773033142 1.0380009412765503 -0.5438418388366699 -0.15648533403873444 0.8244685530662537 14.512977600097656 0.0 0.0 0.0 1.0
-0.6097941994667053 -0.5806167721748352 -0.5394768118858337 -1.158982276916504 0.5622408986091614 -0.7966523170471191 0.2218788117170334 1.12372887134552 -0.5586020350456238 -0.16801553964614868 0.8122404217720032 14.648369789123535 0.0 0.0 0.0 1.0
-0.5844951868057251 -0.5942054986953735 -0.5525261759757996 -1.1629493236541748 0.5725874304771423 -0.7845374941825867 0.2380012422800064 1.1477596759796143 -0.5748991370201111 -0.17725896835327148 0.7987929582595825 14.621864318847656 0.0 0.0 0.0 1.0
-0.5572595000267029 -0.6038768291473389 -0.5699076056480408 -1.1645561456680298 0.5813379883766174 -0.7738165855407715 0.25150352716445923 1.1977949142456055 -0.5928810834884644 -0.19115620851516724 0.7822731733322144 14.54285717010498 0.0 0.0 0.0 1.0
-0.4134339988231659 -0.6571137309074402 -0.6302966475486755 -0.9326764345169067 0.6203989386558533 -0.7099709510803223 0.3332361876964569 0.9590358138084412 -0.6664664149284363 -0.2532641887664795 0.7011988162994385 14.803305625915527 0.0 0.0 0.0 1.0
-0.38401398062705994 -0.665118932723999 -0.6404296159744263 -0.7108606100082397 0.6277991533279419 -0.6966935396194458 0.3471113443374634 0.9709386825561523 -0.6770535111427307 -0.26876556873321533 0.6851011514663696 15.129701614379883 0.0 0.0 0.0 1.0
-0.34882408380508423 -0.6745043992996216 -0.6506654620170593 -0.39185449481010437 0.6338551044464111 -0.6811929941177368 0.36633843183517456 1.0138715505599976 -0.6903256177902222 -0.28463995456695557 0.6651545763015747 15.377009391784668 0.0 0.0 0.0 1.0
-0.3141324520111084 -0.6826723217964172 -0.6597570180892944 -0.06098218634724617 0.6393879055976868 -0.6658282279968262 0.3845203220844269 1.0310039520263672 -0.7017862200737 -0.3010503649711609 0.6456506848335266 15.737022399902344 0.0 0.0 0.0 1.0
-0.27518701553344727 -0.6907905340194702 -0.6686407923698425 0.20407480001449585 0.6445221900939941 -0.6486120820045471 0.40483763813972473 1.051859974861145 -0.713346540927887 -0.31954777240753174 0.6237194538116455 15.973700523376465 0.0 0.0 0.0 1.0
0.03719503432512283 -0.7297487258911133 -0.6827029585838318 -1.2267848253250122 0.65813809633255 -0.4962001442909241 0.5662505626678467 1.8396528959274292 -0.7519779205322266 -0.4703744947910309 0.46181926131248474 17.073307037353516 0.0 0.0 0.0 1.0
0.08378742635250092 -0.7329159379005432 -0.6751399040222168 -1.625704288482666 0.6586236357688904 -0.4677028954029083 0.5894649028778076 1.8480262756347656 -0.7477931380271912 -0.49405285716056824 0.4435281455516815 16.740585327148438 0.0 0.0 0.0 1.0
0.1262810230255127 -0.7319462299346924 -0.6695579290390015 -1.8841103315353394 0.6565399169921875 -0.44431453943252563 0.6095407605171204 1.7447566986083984 -0.7436453700065613 -0.5165649652481079 0.42444339394569397 16.27440643310547 0.0 0.0 0.0 1.0
0.15608608722686768 -0.7288571000099182 -0.6666366457939148 -2.0051233768463135 0.6559455990791321 -0.42811354994773865 0.6216543912887573 1.6134310960769653 -0.7384933829307556 -0.5343089699745178 0.41126805543899536 16.01214599609375 0.0 0.0 0.0 1.0
0.17474402487277985 -0.7277725338935852 -0.6631829738616943 -1.9093024730682373 0.6581782102584839 -0.4146072268486023 0.6284125447273254 1.4837841987609863 -0.7323018312454224 -0.5463038682937622 0.40655389428138733 15.906630516052246 0.0 0.0 0.0 1.0
0.2862590253353119 -0.7106309533119202 -0.6426969766616821 -0.5465825796127319 0.6661096215248108 -0.33455905318260193 0.666609525680542 0.9917029142379761 -0.6887334585189819 -0.6189296245574951 0.37758755683898926 15.21585464477539 0.0 0.0 0.0 1.0
0.3118939995765686 -0.7062487006187439 -0.6355587244033813 -0.6257197856903076 0.6590331196784973 -0.32103487849235535 0.6801558136940002 1.1066851615905762 -0.6843956708908081 -0.630990743637085 0.36531245708465576 15.142123222351074 0.0 0.0 0.0 1.0
0.33560922741889954 -0.7022441029548645 -0.6278691291809082 -0.6624908447265625 0.6515517234802246 -0.308327853679657 0.6931192278862 1.2265549898147583 -0.6803284287452698 -0.6417064666748047 0.3540706932544708 15.031232833862305 0.0 0.0 0.0 1.0
0.3597949147224426 -0.6976496577262878 -0.6195422410964966 -0.6673231720924377 0.6425666809082031 -0.29617074131965637 0.7066760063171387 1.3368526697158813 -0.676502525806427 -0.6523556113243103 0.3417256772518158 14.914877891540527 0.0 0.0 0.0 1.0
0.38743501901626587 -0.6915627717971802 -0.6096187233924866 -0.6584522724151611 0.6319772601127625 -0.2822023034095764 0.7217801809310913 1.4146232604980469 -0.6711921095848083 -0.6649081110954285 0.3277169167995453 14.862601280212402 0.0 0.0 0.0 1.0
0.6194511651992798 -0.6069638133049011 -0.49787068367004395 -1.0736628770828247 0.5105928182601929 -0.17022445797920227 0.8428040146827698 1.4817613363265991 -0.5963013172149658 -0.7762851119041443 0.20446564257144928 14.840457916259766 0.0 0.0 0.0 1.0
0.6576759815216064 -0.5870807766914368 -0.4720153510570526 -1.2017372846603394 0.4814176857471466 -0.1543785035610199 0.8627886772155762 1.421136736869812 -0.5793956518173218 -0.794671893119812 0.1811000257730484 14.938782691955566 0.0 0.0 0.0 1.0
0.692249059677124 -0.5663446187973022 -0.4472638666629791 -1.275673747062683 0.4536304175853729 -0.14052456617355347 0.8800410628318787 1.3888440132141113 -0.56125807762146 -0.8121001124382019 0.15963314473628998 15.159215927124023 0.0 0.0 0.0 1.0
0.7238420248031616 -0.5455817580223083 -0.42236626148223877 -1.3366057872772217 0.4269424378871918 -0.12670867145061493 0.8953574895858765 1.333816409111023 -0.5420082211494446 -0.8284235000610352 0.14121495187282562 15.134194374084473 0.0 0.0 0.0 1.0
0.7514142990112305 -0.5245181322097778 -0.40032148361206055 -1.3025785684585571 0.4034190773963928 -0.11489800363779068 0.9077728390693665 1.3085881471633911 -0.5221394300460815 -0.8436108231544495 0.12526461482048035 15.241528511047363 0.0 0.0 0.0 1.0
0.856826901435852 -0.41283467411994934 -0.30889350175857544 0.061762019991874695 0.31154146790504456 -0.06283651292324066 0.9481526613235474 1.6823797225952148 -0.41084009408950806 -0.9086358547210693 0.07477510720491409 14.737959861755371 0.0 0.0 0.0 1.0
0.8722181916236877 -0.3961041569709778 -0.28694406151771545 0.09137992560863495 0.28912562131881714 -0.05565161257982254 0.9556721448898315 1.7365447282791138 -0.39451462030410767 -0.9165175557136536 0.06598351150751114 14.59042739868164 0.0 0.0 0.0 1.0
0.8886845707893372 -0.3766922652721405 -0.26142433285713196 0.10253733396530151 0.2625689208507538 -0.04932687431573868 0.9636515974998474 1.7600412368774414 -0.37589535117149353 -0.9250242114067078 0.055071644484996796 14.41614055633545 0.0 0.0 0.0 1.0
0.9043418169021606 -0.35570624470710754 -0.23587912321090698 0.10055229067802429 0.23610113561153412 -0.04347632825374603 0.970755398273468 1.7958544492721558 -0.3555589020252228 -0.933586061000824 0.04466518759727478 14.44365406036377 0.0 0.0 0.0 1.0
0.9197293519973755 -0.33230963349342346 -0.20896951854228973 0.012010077014565468 0.2081545740365982 -0.03848252817988396 0.9773386120796204 1.8741542100906372 -0.33282071352005005 -0.9423849582672119 0.03377826139330864 14.30016803741455 0.0 0.0 0.0 1.0
0.9804229736328125 -0.18763186037540436 -0.05970815196633339 -0.05992461368441582 0.05816088616847992 -0.013745861127972603 0.9982125759124756 2.173158884048462 -0.18811722099781036 -0.982143223285675 -0.002563923830166459 15.322617530822754 0.0 0.0 0.0 1.0
0.9846045970916748 -0.17055468261241913 -0.03827311098575592 0.006621370557695627 0.036837927997112274 -0.011572682298719883 0.9992542266845703 2.132812023162842 -0.17087040841579437 -0.9852802753448486 -0.005111635196954012 15.46938419342041 0.0 0.0 0.0 1.0
0.9884854555130005 -0.15034988522529602 -0.017071330919861794 0.12104111164808273 0.015512795187532902 -0.011532895267009735 0.9998131394386292 2.0758957862854004 -0.15051867067813873 -0.9885655641555786 -0.00906775239855051 15.564359664916992 0.0 0.0 0.0 1.0
0.9914695620536804 -0.1302175223827362 0.005614525638520718 0.27676838636398315 -0.007171896286308765 -0.011493896134197712 0.9999082088470459 2.09574294090271 -0.13014103472232819 -0.9914188385009766 -0.012329754419624805 15.791485786437988 0.0 0.0 0.0 1.0
0.9940414428710938 -0.10475922375917435 0.03011900931596756 0.44002968072891235 -0.03146940842270851 -0.011261209845542908 0.9994412660598755 2.1721599102020264 -0.10436151176691055 -0.9944338798522949 -0.014490819536149502 15.988626480102539 0.0 0.0 0.0 1.0
0.9814062118530273 0.027311181649565697 0.18998920917510986 0.7969272136688232 -0.18941465020179749 -0.022299932315945625 0.9816439151763916 1.958512544631958 0.031046602874994278 -0.9993782043457031 -0.01671215333044529 16.363422393798828 0.0 0.0 0.0 1.0
0.9755931496620178 0.04423895478248596 0.21508359909057617 0.7717883586883545 -0.21413004398345947 -0.025324765592813492 0.9764768481254578 1.9203293323516846 0.0486452542245388 -0.998699963092804 -0.015233778394758701 16.2789363861084 0.0 0.0 0.0 1.0
0.9693292379379272 0.06194224953651428 0.23783180117607117 0.7495678663253784 -0.23633258044719696 -0.030606070533394814 0.9711900949478149 1.9234269857406616 0.06743679940700531 -0.997610330581665 -0.015028387308120728 16.58980369567871 0.0 0.0 0.0 1.0
0.9624963402748108 0.07653796672821045 0.2602744400501251 0.6538624167442322 -0.25828418135643005 -0.03501851111650467 0.9654340744018555 1.9558143615722656 0.08300678431987762 -0.9964514970779419 -0.013936641626060009 16.602394104003906 0.0 0.0 0.0 1.0
0.954553484916687 0.09357084333896637 0.2829701900482178 0.49175021052360535 -0.2805844247341156 -0.038015469908714294 0.9590762257575989 2.028892993927002 0.10049881786108017 -0.994886577129364 -0.010033276863396168 16.53928565979004 0.0 0.0 0.0 1.0
0.886551558971405 0.23005962371826172 0.4013713300228119 -0.9723531007766724 -0.394400954246521 -0.07763305306434631 0.9156533479690552 1.4104002714157104 0.2418145388364792 -0.9700750708580017 0.021910028532147408 14.966856956481934 0.0 0.0 0.0 1.0
0.8762163519859314 0.2573148310184479 0.40747272968292236 -0.8560460805892944 -0.3993980586528778 -0.08541280031204224 0.9127901196479797 1.4248557090759277 0.2696778476238251 -0.9625454545021057 0.027930952608585358 15.341219902038574 0.0 0.0 0.0 1.0
0.8649129271507263 0.28057342767715454 0.41617804765701294 -0.8161423206329346 -0.4060351848602295 -0.09631709009408951 0.9087675213813782 1.3829065561294556 0.2950610816478729 -0.9549877643585205 0.030616778880357742 15.120814323425293 0.0 0.0 0.0 1.0
0.851199746131897 0.3012790381908417 0.42975565791130066 -0.8253284692764282 -0.4176364839076996 -0.10710256546735764 0.902279794216156 1.5150697231292725 0.31786590814590454 -0.9475019574165344 0.03465943783521652 15.488089561462402 0.0 0.0 0.0 1.0
0.8344330191612244 0.3183424770832062 0.44986626505851746 -0.925672173500061 -0.4372622072696686 -0.11442399770021439 0.8920251727104187 1.6789911985397339 0.33544498682022095 -0.9410447478294373 0.04371996596455574 15.523725509643555 0.0 0.0 0.0 1.0
0.7083455920219421 0.39176422357559204 0.5871689319610596 -0.9920623898506165 -0.5796344876289368 -0.15188658237457275 0.8005962371826172 1.8952337503433228 0.40282803773880005 -0.9074421525001526 0.11949185281991959 15.551580429077148 0.0 0.0 0.0 1.0
0.6830704808235168 0.4089079201221466 0.6051520705223083 -0.887374222278595 -0.5967441201210022 -0.16523945331573486 0.7852339744567871 1.7657043933868408 0.42108339071273804 -0.8974910974502563 0.13114319741725922 15.521679878234863 0.0 0.0 0.0 1.0
0.6559213399887085 0.42718496918678284 0.6223183870315552 -0.8917565941810608 -0.6109699010848999 -0.18368500471115112 0.7700490951538086 1.6186727285385132 0.4432639479637146 -0.8853094577789307 0.14051426947116852 15.774128913879395 0.0 0.0 0.0 1.0
0.6207086443901062 0.4464820325374603 0.6444956064224243 -1.0202581882476807 -0.6316509246826172 -0.2022055834531784 0.7484183311462402 1.4370875358581543 0.46447595953941345 -0.871645987033844 0.15651004016399384 15.768043518066406 0.0 0.0 0.0 1.0
0.5818933844566345 0.46566063165664673 0.6667535305023193 -1.195048451423645 -0.650567352771759 -0.2254418432712555 0.7252159118652344 1.3615177869796753 0.48801863193511963 -0.8557664155960083 0.17176048457622528 16.000743865966797 0.0 0.0 0.0 1.0
0.3778057396411896 0.5428521037101746 0.7500495910644531 -2.196284055709839 -0.722761869430542 -0.3333989083766937 0.6053597927093506 1.6139873266220093 0.578686535358429 -0.7708156704902649 0.2663927674293518 15.953840255737305 0.0 0.0 0.0 1.0
0.35636594891548157 0.5507522821426392 0.7547683119773865 -2.0635464191436768 -0.7255426049232483 -0.3458697199821472 0.594947099685669 1.5887272357940674 0.5887199640274048 -0.7596355080604553 0.27633804082870483 15.814469337463379 0.0 0.0 0.0 1.0
0.3351258933544159 0.5580559372901917 0.7591207027435303 -1.9260362386703491 -0.7275208234786987 -0.3586852252483368 0.5848575234413147 1.5309925079345703 0.5986685752868652 -0.7482770085334778 0.28579261898994446 15.613764762878418 0.0 0.0 0.0 1.0
0.3070388436317444 0.5657338500022888 0.7652923464775085 -1.8794186115264893 -0.7315597534179688 -0.3740417957305908 0.5700114369392395 1.4711453914642334 0.6087260842323303 -0.7348726987838745 0.2990227937698364 15.389049530029297 0.0 0.0 0.0 1.0
0.2743336260318756 0.5743268728256226 0.7712909579277039 -1.8963637351989746 -0.7349587082862854 -0.3920149505138397 0.5533172488212585 1.423179268836975 0.6201425194740295 -0.7186605334281921 0.31456366181373596 15.215274810791016 0.0 0.0 0.0 1.0
0.10153097659349442 0.6094274520874023 0.7863139510154724 -1.552017092704773 -0.7319239377975464 -0.4895605444908142 0.4739386737346649 1.3762688636779785 0.6737795472145081 -0.6236414313316345 0.3963489532470703 15.338427543640137 0.0 0.0 0.0 1.0
0.07332546263933182 0.6142036318778992 0.7857335805892944 -1.6152374744415283 -0.7318518757820129 -0.5020795464515686 0.46076998114585876 1.5300610065460205 0.6775073409080505 -0.608826756477356 0.4126908481121063 15.259147644042969 0.0 0.0 0.0 1.0
0.04193558171391487 0.6178191304206848 0.7852011919021606 -1.7405048608779907 -0.7327621579170227 -0.5152232050895691 0.4445275366306305 1.5674635171890259 0.6791914701461792 -0.5940071940422058 0.431108295917511 14.990896224975586 0.0 0.0 0.0 1.0
0.00804457813501358 0.6191207766532898 0.7852545380592346 -1.8574349880218506 -0.7332153916358948 -0.5303154587745667 0.42562979459762573 1.5630115270614624 0.6799489259719849 -0.5791847109794617 0.44968271255493164 14.848058700561523 0.0 0.0 0.0 1.0
-0.027997368946671486 0.6208941340446472 0.7833942770957947 -1.8868869543075562 -0.7328029870986938 -0.5457684993743896 0.40636998414993286 1.5230836868286133 0.6798646450042725 -0.5626963376998901 0.4702731668949127 14.729463577270508 0.0 0.0 0.0 1.0
-0.279010146856308 0.5933032631874084 0.7550791501998901 -1.6222180128097534 -0.6891393065452576 -0.6713042855262756 0.2728325426578522 1.2055224180221558 0.6687602996826172 -0.44423168897628784 0.5961692929267883 16.285213470458984 0.0 0.0 0.0 1.0
-0.32533472776412964 0.5845946669578552 0.743240475654602 -1.6298258304595947 -0.6752427816390991 -0.693867564201355 0.25019001960754395 1.4333995580673218 0.6619701981544495 -0.42047226428985596 0.6204825043678284 16.27337646484375 0.0 0.0 0.0 1.0
-0.3648546040058136 0.575083315372467 0.7322297096252441 -1.7371859550476074 -0.662015974521637 -0.7132317423820496 0.23029400408267975 1.6326227188110352 0.6546877026557922 -0.4007239043712616 0.6409401893615723 16.223886489868164 0.0 0.0 0.0 1.0
-0.40138500928878784 0.5655446648597717 0.720450758934021 -1.8719969987869263 -0.6475727558135986 -0.7315013408660889 0.21343682706356049 1.81509530544281 0.6477187871932983 -0.3808739185333252 0.6598449945449829 16.20682144165039 0.0 0.0 0.0 1.0
-0.4338710904121399 0.5606687068939209 0.7052704691886902 -1.9201363325119019 -0.6345788240432739 -0.7458460330963135 0.20254237949848175 1.8517709970474243 0.6395823955535889 -0.3596724271774292 0.6793895363807678 15.876938819885254 0.0 0.0 0.0 1.0
-0.5780195593833923 0.5041702389717102 0.6416429877281189 -1.0553627014160156 -0.5580520629882812 -0.8179174661636353 0.13996051251888275 1.3852882385253906 0.5953749418258667 -0.2771702706813812 0.7541255354881287 14.50576114654541 0.0 0.0 0.0 1.0
-0.6007646322250366 0.49251386523246765 0.6296919584274292 -0.8981480598449707 -0.5440487861633301 -0.8290210962295532 0.12936340272426605 1.3505675792694092 0.5857411623001099 -0.2648662030696869 0.765998125076294 14.640213966369629 0.0 0.0 0.0 1.0
-0.6227319240570068 0.4834839403629303 0.6151814460754395 -0.7603978514671326 -0.5313982367515564 -0.8384329080581665 0.12102147191762924 1.291980266571045 0.5743002891540527 -0.25154241919517517 0.7790414094924927 14.570157051086426 0.0 0.0 0.0 1.0
-0.6426722407341003 0.4731907546520233 0.6025470495223999 -0.6319902539253235 -0.5196852087974548 -0.8471208214759827 0.11096639931201935 1.2894105911254883 0.562938392162323 -0.24181976914405823 0.7903313040733337 14.828348159790039 0.0 0.0 0.0 1.0
-0.6602078676223755 0.466830313205719 0.5883834362030029 -0.5596251487731934 -0.5115860104560852 -0.8530611395835876 0.10279299318790436 1.3187929391860962 0.5499139428138733 -0.23314398527145386 0.8020215630531311 14.855319023132324 0.0 0.0 0.0 1.0
-0.770658552646637 0.40473848581314087 0.4922114610671997 -0.6151450872421265 -0.4401847720146179 -0.8966192007064819 0.04807712882757187 0.7823697924613953 0.460784912109375 -0.17961294949054718 0.8691469430923462 14.452014923095703 0.0 0.0 0.0 1.0
-0.7933264374732971 0.3839273154735565 0.4724753499031067 -0.5490454435348511 -0.41675108671188354 -0.9082158207893372 0.03824368864297867 0.8119981288909912 0.4437923729419708 -0.16656488180160522 0.8805137276649475 14.430035591125488 0.0 0.0 0.0 1.0
-0.8156445622444153 0.3629058301448822 0.45058104395866394 -0.4977404475212097 -0.393668532371521 -0.9188430905342102 0.02743101865053177 0.8370558619499207 0.4239681363105774 -0.15500561892986298 0.8923140168190002 14.518383026123047 0.0 0.0 0.0 1.0
-0.8375899791717529 0.3402121663093567 0.42743268609046936 -0.4304119944572449 -0.36877018213272095 -0.9293636083602905 0.017084773629903793 0.9141482710838318 0.40305280685424805 -0.143314391374588 0.9038857221603394 14.508947372436523 0.0 0.0 0.0 1.0
-0.8586592078208923 0.31595122814178467 0.4035828709602356 -0.3069029450416565 -0.3418177664279938 -0.9397284388542175 0.008432863280177116 1.024785041809082 0.3819226622581482 -0.13071084022521973 0.9149042367935181 14.517756462097168 0.0 0.0 0.0 1.0
-0.9487105011940002 0.1913614720106125 0.25165295600891113 0.012043359689414501 -0.20169907808303833 -0.9793217778205872 -0.015694480389356613 1.5035741329193115 0.24344590306282043 -0.0656476840376854 0.9676902890205383 14.057292938232422 0.0 0.0 0.0 1.0
-0.9581464529037476 0.17462961375713348 0.2268477976322174 -0.1805933564901352 -0.1832493394613266 -0.9829134941101074 -0.017341548576951027 1.3301118612289429 0.21994341909885406 -0.05818545073270798 0.9737758040428162 13.861629486083984 0.0 0.0 0.0 1.0
-0.9654683470726013 0.15892401337623596 0.2064317762851715 -0.3992910385131836 -0.16654928028583527 -0.985830545425415 -0.019986798986792564 1.164494514465332 0.20033037662506104 -0.05367768555879593 0.9782568216323853 13.591049194335938 0.0 0.0 0.0 1.0
-0.9714997410774231 0.1417900174856186 0.189957395195961 -0.5272101759910583 -0.14861488342285156 -0.9886480569839478 -0.022104419767856598 0.985177755355835 0.18466682732105255 -0.049704935401678085 0.9815434813499451 13.15583610534668 0.0 0.0 0.0 1.0
-0.9769592881202698 0.12197311222553253 0.17513732612133026 -0.5430226922035217 -0.12776941061019897 -0.9915561676025391 -0.02216729335486889 0.8088281750679016 0.17095467448234558 -0.04403373599052429 0.9842944145202637 12.914748191833496 0.0 0.0 0.0 1.0
-0.9969635009765625 0.020697815343737602 0.07506892830133438 -0.9668959975242615 -0.022618258371949196 -0.9994359612464905 -0.024823039770126343 0.5401706099510193 0.07451280206441879 -0.02644559182226658 0.9968693256378174 12.831439971923828 0.0 0.0 0.0 1.0
-0.9978546500205994 0.014476118609309196 0.06384754925966263 -0.9746035933494568 -0.015940742567181587 -0.9996199607849121 -0.022489918395876884 0.6533576846122742 0.06349771469831467 -0.02345944754779339 0.9977062344551086 12.847813606262207 0.0 0.0 0.0 1.0
-0.9983106255531311 0.009489821270108223 0.057322025299072266 -0.9004872441291809 -0.010691843926906586 -0.9997285604476929 -0.020699473097920418 0.7607187628746033 0.05711003392934799 -0.021277381107211113 0.9981411099433899 12.889728546142578 0.0 0.0 0.0 1.0
-0.9986006021499634 0.006139110773801804 0.05252724513411522 -0.8016793727874756 -0.007116746623069048 -0.9998045563697815 -0.018445221707224846 0.8647011518478394 0.05240374058485031 -0.01879323460161686 0.9984491467475891 12.938813209533691 0.0 0.0 0.0 1.0
-0.9988842010498047 0.003413648810237646 0.04710359871387482 -0.6875939965248108 -0.004161118064075708 -0.9998668432235718 -0.01577969826757908 0.9573566913604736 0.047043461352586746 -0.015958094969391823 0.9987653493881226 12.982614517211914 0.0 0.0 0.0 1.0
-0.9993462562561035 -0.018556347116827965 0.03102737106382847 0.1318744271993637 0.01827290840446949 -0.9997888803482056 -0.009393833577632904 1.0941801071166992 0.031195135787129402 -0.008820733055472374 0.9994744062423706 13.165181159973145 0.0 0.0 0.0 1.0
-0.9993299245834351 -0.02294878289103508 0.028514795005321503 0.12373340874910355 0.022737938910722733 -0.999711811542511 -0.0076966239139437675 1.107671856880188 0.02868320606648922 -0.007043099030852318 0.9995637536048889 13.072762489318848 0.0 0.0 0.0 1.0