-0.9958826303482056 -0.07009969651699066 -0.05747932568192482 0.13573086261749268 0.069058857858181 -0.9974140524864197 0.019901206716895103 1.0415722131729126 -0.058725755661726 0.015849808230996132 0.9981483221054077 6.801743507385254 0.0 0.0 0.0 1.0
-0.9957575798034668 -0.07105135917663574 -0.05846870318055153 0.14322686195373535 0.06990773230791092 -0.9973242878913879 0.021380644291639328 1.054168462753296 -0.05983138456940651 0.017202522605657578 0.9980602860450745 6.809817314147949 0.0 0.0 0.0 1.0
-0.9957305788993835 -0.07009732723236084 -0.06005861237645149 0.15008169412612915 0.06885802745819092 -0.9973735213279724 0.022464390844106674 1.0617009401321411 -0.061475563794374466 0.018232962116599083 0.9979420304298401 6.810910224914551 0.0 0.0 0.0 1.0
-0.9956494569778442 -0.07198391109704971 -0.05916445329785347 0.15529274940490723 0.07077514380216599 -0.9972434043884277 0.02228109911084175 1.0632309913635254 -0.0606052428483963 0.017996791750192642 0.9979995489120483 6.816076755523682 0.0 0.0 0.0 1.0
-0.9956046342849731 -0.07226506620645523 -0.05957508459687233 0.15935292840003967 0.07097198069095612 -0.9972003698348999 0.02354535087943077 1.0700238943099976 -0.06110980361700058 0.01921369880437851 0.9979460835456848 6.813088893890381 0.0 0.0 0.0 1.0
-0.9931575059890747 -0.07608194649219513 -0.0885988399386406 0.06645504385232925 0.07313212007284164 -0.996669352054596 0.03608211874961853 1.0378444194793701 -0.0910489484667778 0.02935580536723137 0.9954136610031128 6.8105244636535645 0.0 0.0 0.0 1.0
-0.9914272427558899 -0.08796434849500656 -0.09661425650119781 0.056556932628154755 0.08474456518888474 -0.995717465877533 0.03694666177034378 1.0335028171539307 -0.0994504913687706 0.028442393988370895 0.9946359395980835 6.809324741363525 0.0 0.0 0.0 1.0
-0.9906418323516846 -0.08886658400297165 -0.10359305888414383 0.0560932494699955 0.08528542518615723 -0.9956120848655701 0.03850968927145004 1.037573218345642 -0.10656072199344635 0.029314331710338593 0.9938739538192749 6.807769775390625 0.0 0.0 0.0 1.0
-0.9887592792510986 -0.09693560749292374 -0.11383576691150665 0.086403988301754 0.09273501485586166 -0.9948194622993469 0.04164614528417587 1.059912085533142 -0.11728303134441376 0.030621452257037163 0.9926263093948364 6.828919410705566 0.0 0.0 0.0 1.0
-0.986230194568634 -0.10691370815038681 -0.1261725276708603 0.12262268364429474 0.10192101448774338 -0.9937558770179749 0.04540247470140457 1.0799373388290405 -0.1302388310432434 0.03191765770316124 0.9909687638282776 6.817770004272461 0.0 0.0 0.0 1.0
-0.9527159333229065 -0.1779276579618454 -0.24632114171981812 0.12287520617246628 0.17353007197380066 -0.9840309023857117 0.039628978818655014 0.7803481817245483 -0.24943871796131134 -0.0049889651127159595 0.9683777093887329 7.020580768585205 0.0 0.0 0.0 1.0
-0.9490013718605042 -0.18962588906288147 -0.2518697679042816 0.1536993533372879 0.18684791028499603 -0.9817605018615723 0.03513038530945778 0.7433527112007141 -0.25393742322921753 -0.013722556643188 0.96712327003479 7.033815383911133 0.0 0.0 0.0 1.0
-0.9415345191955566 -0.214132621884346 -0.2601153552532196 0.2569849491119385 0.21234296262264252 -0.9765570759773254 0.035309333354234695 0.7487999796867371 -0.26157838106155396 -0.02198871038854122 0.9649317264556885 6.974674701690674 0.0 0.0 0.0 1.0
-0.9309549331665039 -0.23558756709098816 -0.2789648175239563 0.32090625166893005 0.2342202067375183 -0.9714118242263794 0.0387292355298996 0.7755517959594727 -0.2801138460636139 -0.029284019023180008 0.9595200419425964 6.883016586303711 0.0 0.0 0.0 1.0
-0.9179051518440247 -0.2586504817008972 -0.30091536045074463 0.3658609092235565 0.25608372688293457 -0.9654281735420227 0.048677846789360046 0.8576638698577881 -0.3031027317047119 -0.032377880066633224 0.952407717704773 6.740231513977051 0.0 0.0 0.0 1.0
-0.8245765566825867 -0.3364601731300354 -0.4548274874687195 0.5783681869506836 0.31114763021469116 -0.9411339163780212 0.13211390376091003 1.1724060773849487 -0.4725046455860138 -0.03258047252893448 0.8807257413864136 6.807065963745117 0.0 0.0 0.0 1.0
-0.8187734484672546 -0.33945366740226746 -0.463013231754303 0.6362967491149902 0.3110111355781555 -0.9401453733444214 0.13927927613258362 1.1889867782592773 -0.4825786352157593 -0.02996409498155117 0.875339925289154 6.807518482208252 0.0 0.0 0.0 1.0
-0.8038082122802734 -0.3465597331523895 -0.48351702094078064 0.6932466626167297 0.3105625510215759 -0.9376967549324036 0.15580672025680542 1.2209802865982056 -0.5073886513710022 -0.024923570454120636 0.861356794834137 6.7817206382751465 0.0 0.0 0.0 1.0
-0.7841028571128845 -0.3576498031616211 -0.5072172284126282 0.6956466436386108 0.32008835673332214 -0.933222770690918 0.1632135808467865 1.219818353652954 -0.531719982624054 -0.03437807783484459 0.8462222218513489 6.815143585205078 0.0 0.0 0.0 1.0
-0.7640244364738464 -0.36427241563796997 -0.5325150489807129 0.6933814883232117 0.3229823112487793 -0.930443525314331 0.17308160662651062 1.2104763984680176 -0.5585240721702576 -0.03975437209010124 0.8285351395606995 6.826409816741943 0.0 0.0 0.0 1.0
-0.6144424080848694 -0.45349523425102234 -0.6456025242805481 0.6914737224578857 0.41391658782958984 -0.8819273710250854 0.22555974125862122 1.2544050216674805 -0.6716647744178772 -0.1286320984363556 0.7296027541160583 7.306722640991211 0.0 0.0 0.0 1.0
-0.5775717496871948 -0.4688946604728699 -0.6682429909706116 0.5979707837104797 0.4284873604774475 -0.8708866238594055 0.24073860049247742 1.290743350982666 -0.6948449015617371 -0.14728985726833344 0.7039149403572083 7.416663646697998 0.0 0.0 0.0 1.0
-0.5460013747215271 -0.47558754682540894 -0.6897093653678894 0.5316004753112793 0.43578699231147766 -0.864338219165802 0.25101616978645325 1.286777138710022 -0.7155223488807678 -0.16351120173931122 0.6791847348213196 7.497806549072266 0.0 0.0 0.0 1.0
-0.517977237701416 -0.47847068309783936 -0.709059476852417 0.4893868565559387 0.44407522678375244 -0.8588860630989075 0.2551703155040741 1.2340550422668457 -0.7310928702354431 -0.18270334601402283 0.6573604345321655 7.549343585968018 0.0 0.0 0.0 1.0
-0.48892828822135925 -0.47977593541145325 -0.7285356521606445 0.4343583583831787 0.4491014778614044 -0.854423463344574 0.26128220558166504 1.1775552034378052 -0.7478348612785339 -0.1994381546974182 0.6332198977470398 7.529811859130859 0.0 0.0 0.0 1.0
-0.3368840515613556 -0.49744805693626404 -0.7994089126586914 0.5644522905349731 0.45711269974708557 -0.828675389289856 0.3230248987674713 1.347579002380371 -0.8231385946273804 -0.25659802556037903 0.5065573453903198 7.419491291046143 0.0 0.0 0.0 1.0
-0.3197407126426697 -0.5110579133033752 -0.7978631854057312 0.7164676189422607 0.4553905725479126 -0.8213205337524414 0.34358707070350647 1.4975264072418213 -0.8308942914009094 -0.25348058342933655 0.4953405559062958 7.420712947845459 0.0 0.0 0.0 1.0
-0.29921650886535645 -0.522962749004364 -0.7981098890304565 0.8462699055671692 0.4550239145755768 -0.813403308391571 0.3623924255371094 1.6154934167861938 -0.8387029767036438 -0.25472530722618103 0.4813442826271057 7.367528915405273 0.0 0.0 0.0 1.0
-0.273580402135849 -0.5300674438476562 -0.8026096820831299 0.9134945273399353 0.4520569443702698 -0.8074007630348206 0.37914183735847473 1.674180030822754 -0.8489983677864075 -0.2590995132923126 0.46050968766212463 7.340465545654297 0.0 0.0 0.0 1.0
-0.24196051061153412 -0.5323077440261841 -0.8112358450889587 0.8883900046348572 0.44591307640075684 -0.8035610318183899 0.394273042678833 1.6431424617767334 -0.8617520928382874 -0.2663421630859375 0.4317930340766907 7.322784900665283 0.0 0.0 0.0 1.0
0.0014467225410044193 -0.5258051156997681 -0.8506038188934326 0.6066593527793884 0.44512659311294556 -0.7613502144813538 0.4713895916938782 1.279916763305664 -0.8954664468765259 -0.3793083727359772 0.23294837772846222 7.6571455001831055 0.0 0.0 0.0 1.0
0.05553261563181877 -0.531305193901062 -0.8453584313392639 0.4713105857372284 0.42758649587631226 -0.7524437308311462 0.5009972453117371 1.3449736833572388 -0.9022670984268188 -0.38928553462028503 0.18539376556873322 7.784327507019043 0.0 0.0 0.0 1.0
0.10300957411527634 -0.5238159894943237 -0.8455801606178284 0.3978739082813263 0.4362257122993469 -0.7401988506317139 0.5116764307022095 1.2986980676651 -0.8939217925071716 -0.42157137393951416 0.15225444734096527 7.925327777862549 0.0 0.0 0.0 1.0
0.1463099718093872 -0.515963077545166 -0.8440234065055847 0.3832942545413971 0.44794386625289917 -0.7261653542518616 0.5215651392936707 1.2869330644607544 -0.8820089101791382 -0.45438528060913086 0.12487726658582687 8.01683235168457 0.0 0.0 0.0 1.0
0.1859613060951233 -0.5157605409622192 -0.8363070487976074 0.4067005217075348 0.45150506496429443 -0.7111110091209412 0.5389474034309387 1.373090386390686 -0.8726749420166016 -0.4778202176094055 0.10062935948371887 8.051482200622559 0.0 0.0 0.0 1.0
0.3661750853061676 -0.4645850360393524 -0.8062732815742493 0.8046539425849915 0.39405229687690735 -0.7075138092041016 0.5866404175758362 1.2601051330566406 -0.8429938554763794 -0.5325269103050232 -0.07600314915180206 7.681651592254639 0.0 0.0 0.0 1.0
0.39053329825401306 -0.47006964683532715 -0.7915290594100952 0.9436823725700378 0.3857562839984894 -0.6971198916435242 0.6043310165405273 1.3732006549835205 -0.8358682990074158 -0.5413486957550049 -0.09091620147228241 7.664001941680908 0.0 0.0 0.0 1.0
0.41967833042144775 -0.48149988055229187 -0.7694335579872131 0.9832599759101868 0.36582863330841064 -0.6860705018043518 0.6288694143295288 1.5075476169586182 -0.8306861519813538 -0.5454036593437195 -0.11178246885538101 7.591979503631592 0.0 0.0 0.0 1.0
0.45355451107025146 -0.47920045256614685 -0.7514354586601257 0.9653851985931396 0.35420703887939453 -0.6767725944519043 0.6453806757926941 1.5196622610092163 -0.8178176283836365 -0.558879017829895 -0.13721710443496704 7.659955978393555 0.0 0.0 0.0 1.0
0.48414480686187744 -0.47298115491867065 -0.7361335754394531 0.9933124780654907 0.3415433466434479 -0.6724113821983337 0.65666663646698 1.4664424657821655 -0.8055755496025085 -0.5693432688713074 -0.16400092840194702 7.747389316558838 0.0 0.0 0.0 1.0
0.6973291039466858 -0.4061312973499298 -0.5905840396881104 0.7311875224113464 0.2451755255460739 -0.6391096115112305 0.7289910316467285 1.4106875658035278 -0.6735139489173889 -0.6531434059143066 -0.3460962772369385 8.032038688659668 0.0 0.0 0.0 1.0
0.7359132766723633 -0.38846302032470703 -0.5545521378517151 0.574482262134552 0.22580422461032867 -0.6313402056694031 0.7419043183326721 1.425309181213379 -0.6383134722709656 -0.6711974740028381 -0.3768950402736664 8.15506362915039 0.0 0.0 0.0 1.0
0.7688725590705872 -0.36487677693367004 -0.5250713229179382 0.4837195873260498 0.21660365164279938 -0.6240025162696838 0.7508020401000977 1.4193161725997925 -0.6015960574150085 -0.6910035014152527 -0.40074479579925537 8.263359069824219 0.0 0.0 0.0 1.0
0.7942769527435303 -0.3492525815963745 -0.49713853001594543 0.4746305048465729 0.20222103595733643 -0.6196316480636597 0.7583951950073242 1.4164155721664429 -0.5729142427444458 -0.7029076814651489 -0.42153292894363403 8.34719467163086 0.0 0.0 0.0 1.0
0.8127471208572388 -0.33238664269447327 -0.4784989356994629 0.5443902611732483 0.19320286810398102 -0.6210594773292542 0.7595773935317993 1.3711856603622437 -0.5496496558189392 -0.7097916603088379 -0.4405462443828583 8.399097442626953 0.0 0.0 0.0 1.0
0.9064857363700867 -0.28370749950408936 -0.31271979212760925 0.7104868292808533 0.0934736505150795 -0.5874137282371521 0.8038704991340637 1.608016848564148 -0.41175997257232666 -0.757928192615509 -0.5059630274772644 7.939304351806641 0.0 0.0 0.0 1.0
0.9164647459983826 -0.2654383182525635 -0.2993907928466797 0.872577428817749 0.09260644763708115 -0.5872253775596619 0.8041084408760071 1.5711376667022705 -0.38925105333328247 -0.7646625638008118 -0.5135900974273682 7.701136589050293 0.0 0.0 0.0 1.0
0.924358606338501 -0.2700510621070862 -0.2695061266422272 0.9987788796424866 0.06595774739980698 -0.5826445817947388 0.8100461959838867 1.5309468507766724 -0.3757801353931427 -0.7665492296218872 -0.5207605957984924 7.684913635253906 0.0 0.0 0.0 1.0
0.9360470771789551 -0.25894391536712646 -0.2382517009973526 0.9904406070709229 0.046628955751657486 -0.5798394680023193 0.8133953213691711 1.4544336795806885 -0.34877151250839233 -0.7724857330322266 -0.5306827425956726 7.876520156860352 0.0 0.0 0.0 1.0
0.951954185962677 -0.229843407869339 -0.20237408578395844 0.8949265480041504 0.03215968236327171 -0.5821499228477478 0.8124452233314514 1.403763771057129 -0.3045472502708435 -0.779918909072876 -0.5467883348464966 7.776968479156494 0.0 0.0 0.0 1.0
0.9852797389030457 -0.16736003756523132 0.03484976664185524 0.49859896302223206 -0.128229022026062 -0.5887171626091003 0.7981036305427551 1.2525635957717896 -0.11305399984121323 -0.7908240556716919 -0.6015114784240723 8.124466896057129 0.0 0.0 0.0 1.0
0.9870063066482544 -0.1408664733171463 0.07729944586753845 0.4044209420681 -0.1462341845035553 -0.5881239175796509 0.795440673828125 1.2623507976531982 -0.06658926606178284 -0.7964087724685669 -0.6010814905166626 8.39241886138916 0.0 0.0 0.0 1.0
0.9878997206687927 -0.10296083986759186 0.11598818749189377 0.27417856454849243 -0.15456266701221466 -0.5917208194732666 0.7911869883537292 1.2639228105545044 -0.012828654609620571 -0.7995408177375793 -0.6004747152328491 8.525362968444824 0.0 0.0 0.0 1.0
0.9844156503677368 -0.07053739577531815 0.1610911339521408 0.08983133733272552 -0.1712595373392105 -0.5926307439804077 0.7870571613311768 1.3189184665679932 0.039950598031282425 -0.8023797273635864 -0.5954751968383789 8.455399513244629 0.0 0.0 0.0 1.0
0.9771593809127808 -0.049405939877033234 0.20668470859527588 -0.11588313430547714 -0.195370614528656 -0.5915016531944275 0.7822762131690979 1.3841993808746338 0.08360525965690613 -0.8047887086868286 -0.5876438617706299 8.408011436462402 0.0 0.0 0.0 1.0
0.9140878319740295 0.05857181176543236 0.401263952255249 -0.6477710008621216 -0.2912280261516571 -0.5937561988830566 0.7500932216644287 1.5207529067993164 0.282187283039093 -0.8025103807449341 -0.525687575340271 7.774022102355957 0.0 0.0 0.0 1.0
0.9072260856628418 0.06784899532794952 0.41513532400131226 -0.5338253378868103 -0.2995324432849884 -0.5887014865875244 0.7508068680763245 1.5676624774932861 0.29533225297927856 -0.8054980635643005 -0.513762354850769 7.661084175109863 0.0 0.0 0.0 1.0
0.8917216658592224 0.07886697351932526 0.4456596076488495 -0.5949223041534424 -0.32160574197769165 -0.5824119448661804 0.7465695142745972 1.6030590534210205 0.3184371590614319 -0.8090589046478271 -0.49398526549339294 7.702404022216797 0.0 0.0 0.0 1.0
0.8802227973937988 0.10032593458890915 0.46383464336395264 -0.5754005312919617 -0.32652679085731506 -0.5812127590179443 0.7453669905662537 1.6393027305603027 0.34436625242233276 -0.8075434565544128 -0.47883760929107666 7.66914701461792 0.0 0.0 0.0 1.0
0.8666898012161255 0.10799414664506912 0.48701751232147217 -0.5357778668403625 -0.34104856848716736 -0.5842060446739197 0.7364707589149475 1.609801173210144 0.3640531301498413 -0.8043882846832275 -0.46949419379234314 7.661875247955322 0.0 0.0 0.0 1.0
0.7244312167167664 0.16528499126434326 0.6692386269569397 -0.6699386239051819 -0.441486120223999 -0.6343615651130676 0.6345670819282532 1.2335020303726196 0.5294236540794373 -0.7551597356796265 -0.38658028841018677 8.215685844421387 0.0 0.0 0.0 1.0
0.6898976564407349 0.19140003621578217 0.6981456279754639 -0.7630504369735718 -0.4475100338459015 -0.6452964544296265 0.619134247303009 1.258652925491333 0.569013237953186 -0.739566445350647 -0.3595350682735443 8.324908256530762 0.0 0.0 0.0 1.0
0.6585684418678284 0.21018186211585999 0.7225726246833801 -0.8370768427848816 -0.45171549916267395 -0.6575539112091064 0.6029726266860962 1.226894736289978 0.6018643379211426 -0.7234959602355957 -0.338101863861084 8.500316619873047 0.0 0.0 0.0 1.0
0.6261473298072815 0.23472434282302856 0.7435348033905029 -0.916507363319397 -0.45111390948295593 -0.6687372922897339 0.5910048484802246 1.2361689805984497 0.6359526515007019 -0.7054749727249146 -0.31284064054489136 8.61471176147461 0.0 0.0 0.0 1.0
0.5950070023536682 0.26313525438308716 0.7594251036643982 -0.978888213634491 -0.4424465000629425 -0.6815874576568604 0.5828204154968262 1.2884433269500732 0.6709752082824707 -0.6827871799468994 -0.28912603855133057 8.723712921142578 0.0 0.0 0.0 1.0
0.4264766275882721 0.3318704664707184 0.841415286064148 -0.8374212384223938 -0.4546208083629608 -0.7255625128746033 0.5166032910346985 1.4832345247268677 0.781944751739502 -0.6028441190719604 -0.15856024622917175 8.136621475219727 0.0 0.0 0.0 1.0
0.3940534293651581 0.3358292579650879 0.8555352687835693 -0.8214593529701233 -0.4721241593360901 -0.7246872186660767 0.5019235610961914 1.4560248851776123 0.7885560989379883 -0.6017035841941833 -0.12701238691806793 8.177836418151855 0.0 0.0 0.0 1.0
0.3760368824005127 0.34334149956703186 0.8606467843055725 -0.6364415287971497 -0.47441816329956055 -0.7265035510063171 0.49711164832115173 1.4552732706069946 0.7959420084953308 -0.5952388048171997 -0.11030469834804535 8.154531478881836 0.0 0.0 0.0 1.0
0.3512985110282898 0.3482804000377655 0.869074285030365 -0.5226145386695862 -0.4913446009159088 -0.7215632200241089 0.48777759075164795 1.4506099224090576 0.7969754338264465 -0.5983704924583435 -0.08235840499401093 8.078508377075195 0.0 0.0 0.0 1.0
0.3150296211242676 0.3576183617115021 0.8791276812553406 -0.546784520149231 -0.4930580258369446 -0.7298156023025513 0.47356414794921875 1.391964077949524 0.8109562993049622 -0.5826476812362671 -0.0535869300365448 8.063241004943848 0.0 0.0 0.0 1.0
0.03520604223012924 0.38254594802856445 0.9232654571533203 -1.2494345903396606 -0.5148125290870667 -0.7848897576332092 0.34484219551086426 1.2455216646194458 0.856579601764679 -0.48744916915893555 0.16930657625198364 8.142234802246094 0.0 0.0 0.0 1.0
-0.020690184086561203 0.3994999825954437 0.916499674320221 -1.3600895404815674 -0.5120431780815125 -0.7915791869163513 0.33348792791366577 1.2730215787887573 0.8587104678153992 -0.4623875021934509 0.22093915939331055 8.443021774291992 0.0 0.0 0.0 1.0
-0.08735659718513489 0.4106058180332184 0.9076187014579773 -1.644527792930603 -0.4818864166736603 -0.8148269057273865 0.3222462236881256 1.2919763326644897 0.8718683123588562 -0.40921878814697266 0.2690458595752716 8.321555137634277 0.0 0.0 0.0 1.0
-0.12687650322914124 0.39943763613700867 0.9079383015632629 -1.7138351202011108 -0.4633327126502991 -0.8332056403160095 0.3018130958080292 1.2214876413345337 0.8770548105239868 -0.3823845088481903 0.2907867431640625 8.430832862854004 0.0 0.0 0.0 1.0
-0.14731310307979584 0.39744776487350464 0.905722975730896 -1.5624957084655762 -0.46359965205192566 -0.8366413712501526 0.2917304039001465 1.2630013227462769 0.8737128973007202 -0.37691715359687805 0.3075048625469208 8.463462829589844 0.0 0.0 0.0 1.0
-0.34030529856681824 0.409519761800766 0.846454918384552 -1.301148533821106 -0.4657004475593567 -0.8554298877716064 0.22663359344005585 1.602009892463684 0.8168937563896179 -0.31706979870796204 0.48182085156440735 7.449892520904541 0.0 0.0 0.0 1.0
-0.3583046495914459 0.4036584496498108 0.8418299555778503 -1.0438100099563599 -0.4453997313976288 -0.8663766980171204 0.22585497796535492 1.5099533796310425 0.8205101490020752 -0.2940259277820587 0.4902161657810211 7.470402240753174 0.0 0.0 0.0 1.0
-0.3841336965560913 0.4186791777610779 0.8228906393051147 -0.8077491521835327 -0.458451509475708 -0.8601270914077759 0.22361493110656738 1.5122628211975098 0.8014134764671326 -0.2913574278354645 0.5223478674888611 7.31126070022583 0.0 0.0 0.0 1.0
-0.42007309198379517 0.42531517148017883 0.8016517758369446 -0.7317488193511963 -0.46591538190841675 -0.8591381907463074 0.21167045831680298 1.4537346363067627 0.7787563800811768 -0.2845848500728607 0.5590617060661316 7.195106029510498 0.0 0.0 0.0 1.0
-0.4409872889518738 0.41876518726348877 0.7938299179077148 -0.7304403185844421 -0.45752617716789246 -0.8658137917518616 0.20257417857646942 1.3797857761383057 0.7721399068832397 -0.27386534214019775 0.5734089016914368 7.141373634338379 0.0 0.0 0.0 1.0
-0.7490840554237366 0.3175983428955078 0.5813814401626587 -1.1298526525497437 -0.32904866337776184 -0.9400553107261658 0.08957096189260483 1.105302333831787 0.5749782919883728 -0.12420661002397537 0.8086857795715332 6.440461158752441 0.0 0.0 0.0 1.0
-0.7998981475830078 0.2851713001728058 0.528053343296051 -1.333600640296936 -0.2929629981517792 -0.9534739255905151 0.07113457471132278 1.1071443557739258 0.5237706303596497 -0.09779967367649078 0.8462266325950623 6.439122200012207 0.0 0.0 0.0 1.0
-0.8253957033157349 0.25079789757728577 0.5057888031005859 -1.2335652112960815 -0.2621884346008301 -0.963720440864563 0.05000084638595581 0.9804017543792725 0.4999791383743286 -0.09134149551391602 0.8612070679664612 6.455450057983398 0.0 0.0 0.0 1.0
-0.8528865575790405 0.22910889983177185 0.46914142370224 -1.1431396007537842 -0.23574645817279816 -0.9707491993904114 0.0454922579228878 0.9607306122779846 0.4658413529396057 -0.07179869711399078 0.8819505572319031 6.391965866088867 0.0 0.0 0.0 1.0
-0.8681644201278687 0.22153359651565552 0.44408711791038513 -1.1429226398468018 -0.225777268409729 -0.9731806516647339 0.044091396033763885 0.9961985945701599 0.4419447183609009 -0.06198619306087494 0.8948980569839478 6.3160529136657715 0.0 0.0 0.0 1.0
-0.9526731371879578 0.13529044389724731 0.27223214507102966 0.033668190240859985 -0.13873234391212463 -0.9903075098991394 0.0066581424325704575 0.8207353353500366 0.2704943120479584 -0.03142436966300011 0.9622085690498352 6.119028091430664 0.0 0.0 0.0 1.0
-0.968883752822876 0.11538295447826385 0.2189771980047226 -0.054072536528110504 -0.11713321506977081 -0.993103563785553 0.005017625167965889 0.8071147799491882 0.21804596483707428 -0.020788008347153664 0.9757170677185059 6.169723987579346 0.0 0.0 0.0 1.0
-0.9777818918228149 0.10817274451255798 0.17955851554870605 -0.0010613464983180165 -0.11144756525754929 -0.9937363266944885 -0.008221416734158993 0.7024881839752197 0.1775444746017456 -0.02805011160671711 0.983712911605835 6.297731876373291 0.0 0.0 0.0 1.0
-0.9808244705200195 0.11233995854854584 0.1592579483985901 0.03834115341305733 -0.11647366732358932 -0.9930511116981506 -0.0168337170034647 0.6164153218269348 0.1562601923942566 -0.035060279071331024 0.987093448638916 6.337583541870117 0.0 0.0 0.0 1.0
-0.9894152879714966 0.07634768635034561 0.12340366095304489 0.03326515108346939 -0.07974942773580551 -0.9965528249740601 -0.022858357056975365 0.5432208180427551 0.12123308330774307 -0.032457780092954636 0.9920932650566101 6.368457317352295 0.0 0.0 0.0 1.0
-0.9990115761756897 -0.036950550973415375 -0.024708859622478485 -0.19135074317455292 0.03691478818655014 -0.9993166327476501 0.0019020790932700038 0.960096538066864 -0.02476225607097149 0.0009880767902359366 0.9996928572654724 6.867196083068848 0.0 0.0 0.0 1.0
-0.9990501999855042 -0.02913825213909149 -0.03239923343062401 -0.19601792097091675 0.029045740142464638 -0.9995725750923157 0.0033224669750779867 1.0127346515655518 -0.032482195645570755 0.002378251636400819 0.9994694590568542 6.886119842529297 0.0 0.0 0.0 1.0
-0.9991759061813354 -0.027009999379515648 -0.03029746189713478 -0.15420757234096527 0.02701680362224579 -0.9996349811553955 0.00018482022278476506 0.9942795634269714 -0.030291395261883736 -0.000633872696198523 0.9995409250259399 6.902587890625 0.0 0.0 0.0 1.0
-0.9992979764938354 -0.02509627863764763 -0.0278154406696558 -0.12123001366853714 0.025118347257375717 -0.9996843934059143 -0.0004442098143044859 0.9865260124206543 -0.027795514091849327 -0.0011425758711993694 0.9996129870414734 6.893615245819092 0.0 0.0 0.0 1.0
-0.9993619918823242 -0.01970985159277916 -0.02978554740548134 -0.10399921238422394 0.01962646096944809 -0.9998025894165039 0.003089477773755789 0.9974098801612854 -0.029840560629963875 0.002502921735867858 0.99955153465271 6.878703594207764 0.0 0.0 0.0 1.0
-0.999993085861206 -0.0030316030606627464 -0.0021590860560536385 0.26449382305145264 0.003032161621376872 -0.9999953508377075 -0.00025548654957674444 0.9480522871017456 -0.0021583016496151686 -0.0002620314771775156 0.999997615814209 6.819156169891357 0.0 0.0 0.0 1.0
-1.0 0.0 0.0 0.30324986577033997 0.0 -1.0 0.0 0.9595143795013428 0.0 0.0 1.0 6.825286865234375 0.0 0.0 0.0 1.0
-0.9999833106994629 0.005774860270321369 -8.983895895653404e-06 0.33111584186553955 -0.005774862132966518 -0.9999833106994629 0.0002303953660884872 0.9673938751220703 -7.653244210814591e-06 0.00023044340196065605 1.0 6.85167121887207 0.0 0.0 0.0 1.0
-0.999975323677063 0.007017023395746946 -0.00037206654087640345 0.3452601432800293 -0.007017146330326796 -0.999975323677063 0.0003304262354504317 0.9801797270774841 -0.000369738758308813 0.0003330289328005165 0.9999998807907104 6.818881034851074 0.0 0.0 0.0 1.0
-0.9999957084655762 0.002714302157983184 0.001080449321307242 0.35091322660446167 -0.00271399412304163 -0.9999963045120239 0.0002864287525881082 1.0053131580352783 0.00108122278470546 0.00028349520289339125 0.9999994039535522 6.809898853302002 0.0 0.0 0.0 1.0
-0.9996904134750366 0.021406488493084908 -0.012683241628110409 0.39129048585891724 -0.02149631828069687 -0.9997444748878479 0.0069891298189759254 1.1350173950195312 -0.012530388310551643 0.007259609177708626 0.9998951554298401 6.7058868408203125 0.0 0.0 0.0 1.0
-0.9995940923690796 0.02191312052309513 -0.01820547692477703 0.3551623225212097 -0.022052785381674767 -0.9997286200523376 0.007506548427045345 1.1489942073822021 -0.018036045134067535 0.00790498312562704 0.9998061060905457 6.695026397705078 0.0 0.0 0.0 1.0