0.997071385383606 -0.03844780474901199 0.066108837723732 0.23074403405189514 -0.06455947458744049 0.04023325815796852 0.9971024990081787 3.116422653198242 -0.04099617525935173 -0.9984503388404846 0.0376332625746727 12.732690811157227 0.0 0.0 0.0 1.0
0.9970792531967163 -0.040492016822099686 0.06475657969713211 0.2482229769229889 -0.06316109001636505 0.039513781666755676 0.9972208142280579 3.0917787551879883 -0.04293825849890709 -0.9983982443809509 0.03684085234999657 12.748251914978027 0.0 0.0 0.0 1.0
0.9971463084220886 -0.04190026968717575 0.06279775500297546 0.2711218595504761 -0.061162080615758896 0.039240479469299316 0.9973561763763428 3.0726146697998047 -0.04425370693206787 -0.9983509182929993 0.03656579554080963 12.777558326721191 0.0 0.0 0.0 1.0
0.9972566962242126 -0.04303967207670212 0.06022202596068382 0.29765164852142334 -0.05854244530200958 0.03927423804998398 0.9975120425224304 3.059248924255371 -0.0452977679669857 -0.998301088809967 0.036646850407123566 12.79544448852539 0.0 0.0 0.0 1.0
0.9974008798599243 -0.043887700885534286 0.057143256068229675 0.325778603553772 -0.05541928485035896 0.03954256325960159 0.9976798295974731 3.0529966354370117 -0.046045467257499695 -0.998253583908081 0.037007562816143036 12.811305046081543 0.0 0.0 0.0 1.0
0.9965417385101318 -0.0816163569688797 0.015597940422594547 0.24761110544204712 -0.012678702361881733 0.03616464510560036 0.9992654323577881 3.107830762863159 -0.08212049305438995 -0.99600750207901 0.035004790872335434 13.087007522583008 0.0 0.0 0.0 1.0
0.9950818419456482 -0.09905070811510086 -0.001030213781632483 0.2263125479221344 0.004450803156942129 0.0343189537525177 0.9994010329246521 3.1034960746765137 -0.09895602613687515 -0.994490385055542 0.03459102287888527 13.141836166381836 0.0 0.0 0.0 1.0
0.992093026638031 -0.1239193007349968 -0.019886380061507225 0.20910094678401947 0.024056408554315567 0.032246097922325134 0.9991903901100159 3.1211273670196533 -0.12317772209644318 -0.9917682409286499 0.034972183406353 13.159567832946777 0.0 0.0 0.0 1.0
0.9858742952346802 -0.16311825811862946 -0.03800397366285324 0.25890663266181946 0.043263040482997894 0.028809260576963425 0.9986482262611389 3.155963659286499 -0.16180290281772614 -0.9861857891082764 0.03545930236577988 13.206558227539062 0.0 0.0 0.0 1.0
0.9777697324752808 -0.2014513909816742 -0.058169540017843246 0.34526872634887695 0.06412526220083237 0.02315971441566944 0.9976730942726135 3.17527174949646 -0.19963544607162476 -0.979224681854248 0.035562992095947266 13.305898666381836 0.0 0.0 0.0 1.0
0.8980574607849121 -0.4012734591960907 -0.18020090460777283 0.8588309288024902 0.18827718496322632 -0.019585762172937393 0.981920599937439 3.1045989990234375 -0.39754804968833923 -0.9157488942146301 0.05796149745583534 14.04468059539795 0.0 0.0 0.0 1.0
0.8856026530265808 -0.4218028783798218 -0.1943972408771515 0.8669630289077759 0.20187117159366608 -0.027365921065211296 0.9790297150611877 3.040843963623047 -0.41827741265296936 -0.9062744975090027 0.06091450899839401 14.103827476501465 0.0 0.0 0.0 1.0
0.8739088773727417 -0.439605176448822 -0.20743803679943085 0.8668678998947144 0.2142077535390854 -0.03479563444852829 0.976168155670166 2.972736358642578 -0.43634653091430664 -0.8975169062614441 0.06375862658023834 14.125927925109863 0.0 0.0 0.0 1.0
0.8627364635467529 -0.45637962222099304 -0.21772322058677673 0.8351297974586487 0.223775714635849 -0.041521962732076645 0.9737557768821716 2.900149345397949 -0.45344260334968567 -0.8888158202171326 0.06630416214466095 14.115394592285156 0.0 0.0 0.0 1.0
0.8515946865081787 -0.47213277220726013 -0.22776557505130768 0.8098633289337158 0.23344720900058746 -0.04745691269636154 0.9712107181549072 2.808309555053711 -0.4693494439125061 -0.8802490830421448 0.06980402022600174 14.085600852966309 0.0 0.0 0.0 1.0
0.7649755477905273 -0.5711331963539124 -0.2976900041103363 1.0525527000427246 0.30164259672164917 -0.0906761884689331 0.9490993618965149 2.201159715652466 -0.5690554976463318 -0.8158337473869324 0.1029130220413208 13.540313720703125 0.0 0.0 0.0 1.0
0.7455735802650452 -0.5887747406959534 -0.31219282746315 1.0960617065429688 0.31653597950935364 -0.09937518835067749 0.9433607459068298 2.1465446949005127 -0.5864512324333191 -0.8021650910377502 0.11227688193321228 13.396743774414062 0.0 0.0 0.0 1.0
0.725822925567627 -0.6052541732788086 -0.3268768787384033 1.095413327217102 0.3319491744041443 -0.10801662504673004 0.9370923638343811 2.0946927070617676 -0.6024872064590454 -0.7886696457862854 0.12251269072294235 13.279054641723633 0.0 0.0 0.0 1.0
0.7060711979866028 -0.6209039688110352 -0.34050217270851135 1.0611026287078857 0.3461977243423462 -0.1167982965707779 0.9308626651763916 2.076381206512451 -0.6177464127540588 -0.7751363515853882 0.13248763978481293 13.1345853805542 0.0 0.0 0.0 1.0
0.6860877275466919 -0.6345853209495544 -0.3557880222797394 1.0595238208770752 0.3626195788383484 -0.12567944824695587 0.9234238862991333 2.1030945777893066 -0.6307064890861511 -0.7625654935836792 0.14388594031333923 12.995698928833008 0.0 0.0 0.0 1.0
0.5736101865768433 -0.696381151676178 -0.43130573630332947 0.6363466382026672 0.45515426993370056 -0.16680513322353363 0.8746488690376282 3.2855024337768555 -0.6810330152511597 -0.6980181336402893 0.22127974033355713 12.411165237426758 0.0 0.0 0.0 1.0
0.548858106136322 -0.7096050977706909 -0.44183191657066345 0.5520838499069214 0.4667232930660248 -0.17835843563079834 0.8662318587303162 3.4513351917266846 -0.6934869885444641 -0.6816515922546387 0.233295738697052 12.409650802612305 0.0 0.0 0.0 1.0
0.5204702615737915 -0.7243329286575317 -0.4521642327308655 0.5067400336265564 0.47743111848831177 -0.19217079877853394 0.857397198677063 3.592158794403076 -0.707933783531189 -0.6621270179748535 0.24579989910125732 12.42324161529541 0.0 0.0 0.0 1.0
0.49023476243019104 -0.7386125326156616 -0.46273258328437805 0.45031222701072693 0.4883536696434021 -0.20697161555290222 0.8477461338043213 3.675075054168701 -0.7219283580780029 -0.6415717601776123 0.25923943519592285 12.479825973510742 0.0 0.0 0.0 1.0
0.474949449300766 -0.7453235983848572 -0.4678843319416046 0.431342214345932 0.49339380860328674 -0.21472053229808807 0.8428865075111389 3.708669424057007 -0.728687584400177 -0.631179690361023 0.26575663685798645 12.52216911315918 0.0 0.0 0.0 1.0
0.23559045791625977 -0.8177773356437683 -0.5251070261001587 1.3250404596328735 0.5558174848556519 -0.32985079288482666 0.7630631327629089 4.261628150939941 -0.7972227334976196 -0.47163406014442444 0.3768252432346344 12.555309295654297 0.0 0.0 0.0 1.0
0.20176666975021362 -0.8226836919784546 -0.5314901471138 1.5481089353561401 0.5643008947372437 -0.345888614654541 0.7496169805526733 4.350829601287842 -0.8005340099334717 -0.45116809010505676 0.3944523334503174 12.514933586120605 0.0 0.0 0.0 1.0
0.16831353306770325 -0.8262999653816223 -0.5374931693077087 1.8144280910491943 0.5741806030273438 -0.3610338866710663 0.7348272800445557 4.463506698608398 -0.8012410402297974 -0.43229952454566956 0.41367852687835693 12.503499031066895 0.0 0.0 0.0 1.0
0.1382986158132553 -0.8286030292510986 -0.5424854755401611 2.0276551246643066 0.5839131474494934 -0.3742047846317291 0.7204278111457825 4.521737098693848 -0.7999492883682251 -0.4163985848426819 0.4320802390575409 12.46557331085205 0.0 0.0 0.0 1.0
0.11177358031272888 -0.8301488757133484 -0.546222984790802 2.2270641326904297 0.5958234071731567 -0.3839215934276581 0.7054067850112915 4.513393402099609 -0.7952994108200073 -0.4042982757091522 0.4517098367214203 12.327112197875977 0.0 0.0 0.0 1.0
0.05423608049750328 -0.8296653628349304 -0.5556201934814453 1.5851939916610718 0.5924662351608276 -0.42116865515708923 0.6867318749427795 4.087568283081055 -0.8037675023078918 -0.36643186211586 0.4687062203884125 11.931123733520508 0.0 0.0 0.0 1.0
0.048304732888936996 -0.8298331499099731 -0.555916965007782 1.3096551895141602 0.5904994606971741 -0.4251636862754822 0.6859636902809143 4.016584873199463 -0.8055911064147949 -0.3614039421081543 0.4694786071777344 11.819218635559082 0.0 0.0 0.0 1.0
0.039939045906066895 -0.8292694091796875 -0.557420015335083 1.0241988897323608 0.587319552898407 -0.4318378269672394 0.6845231056213379 3.953822612762451 -0.8083691000938416 -0.35472288727760315 0.4697989523410797 11.737573623657227 0.0 0.0 0.0 1.0
0.02888953872025013 -0.8294689059257507 -0.5578052401542664 0.7618235945701599 0.5843282341957092 -0.4387456774711609 0.6826878786087036 3.928299903869629 -0.8110030293464661 -0.3456639051437378 0.47200697660446167 11.671826362609863 0.0 0.0 0.0 1.0
0.011916069313883781 -0.8287585973739624 -0.5594794154167175 0.5761761665344238 0.5821073651313782 -0.44918569922447205 0.6777781844139099 3.928496837615967 -0.813024640083313 -0.3337535262107849 0.47707393765449524 11.60201358795166 0.0 0.0 0.0 1.0
-0.21354088187217712 -0.8055304288864136 -0.5527395009994507 1.6639238595962524 0.5909155011177063 -0.5570554137229919 0.5835307240486145 4.326391696929932 -0.777958333492279 -0.20201466977596283 0.5949545502662659 11.894990921020508 0.0 0.0 0.0 1.0
-0.2645200788974762 -0.7939939498901367 -0.5473597645759583 2.0259850025177 0.5912320017814636 -0.5819193124771118 0.5584036707878113 4.270111083984375 -0.7618883848190308 -0.17590761184692383 0.6233639717102051 11.955217361450195 0.0 0.0 0.0 1.0
-0.28914323449134827 -0.7874146103858948 -0.5444027781486511 2.183485269546509 0.5906558632850647 -0.5942829251289368 0.5458511710166931 4.23716926574707 -0.7533404231071472 -0.16372554004192352 0.6369239687919617 11.985626220703125 0.0 0.0 0.0 1.0
-0.3347170650959015 -0.7737236022949219 -0.5378812551498413 2.3468596935272217 0.5857182145118713 -0.6179724335670471 0.5244466066360474 4.1755242347717285 -0.7381725311279297 -0.13950563967227936 0.660029947757721 11.939361572265625 0.0 0.0 0.0 1.0
-0.3765081465244293 -0.7579474449157715 -0.5326887369155884 2.3739817142486572 0.5770067572593689 -0.6417121291160583 0.5052412748336792 4.104496002197266 -0.7247791886329651 -0.11713752150535583 0.6789506077766418 11.854382514953613 0.0 0.0 0.0 1.0
-0.5423645377159119 -0.6673964858055115 -0.5103162527084351 1.268890619277954 0.5150510668754578 -0.7440151572227478 0.42563343048095703 4.043318748474121 -0.6637492775917053 -0.031990449875593185 0.7472707033157349 11.281013488769531 0.0 0.0 0.0 1.0
-0.5699137449264526 -0.6492694020271301 -0.5036343932151794 1.2395710945129395 0.5036420822143555 -0.7602993249893188 0.4102311432361603 4.00014591217041 -0.6492633819580078 -0.019855115562677383 0.7603043913841248 11.237889289855957 0.0 0.0 0.0 1.0
-0.5988902449607849 -0.6284157633781433 -0.4964112639427185 1.264839768409729 0.492854505777359 -0.7777988314628601 0.39003002643585205 3.9010257720947266 -0.631209135055542 -0.011073361150920391 0.7755336165428162 11.2870512008667 0.0 0.0 0.0 1.0
-0.6285901665687561 -0.6062217950820923 -0.4872058629989624 1.3710116147994995 0.48213163018226624 -0.7952861785888672 0.3675173819065094 3.805184841156006 -0.6102651357650757 -0.0038795575965195894 0.7921877503395081 11.33962345123291 0.0 0.0 0.0 1.0
-0.6562419533729553 -0.5828903317451477 -0.4791506230831146 1.5476516485214233 0.4698695242404938 -0.812549889087677 0.34494245052337646 3.7138454914093018 -0.5903974175453186 0.0012274500913918018 0.8071117401123047 11.432658195495605 0.0 0.0 0.0 1.0
-0.769000768661499 -0.4616946876049042 -0.44212648272514343 1.583874225616455 0.41013476252555847 -0.8868618607521057 0.21275688707828522 3.0926942825317383 -0.4903338551521301 -0.017721235752105713 0.8713545203208923 12.076278686523438 0.0 0.0 0.0 1.0
-0.7872024178504944 -0.4426511526107788 -0.4293859302997589 1.5833877325057983 0.39980995655059814 -0.8964434266090393 0.19115754961967468 2.9915897846221924 -0.46953630447387695 -0.021193083375692368 0.8826587796211243 12.171736717224121 0.0 0.0 0.0 1.0
-0.8030076026916504 -0.424073725938797 -0.4187365174293518 1.5449457168579102 0.3869644105434418 -0.9053689241409302 0.17483027279376984 2.939573049545288 -0.4532519578933716 -0.021646086126565933 0.8911195993423462 12.20252799987793 0.0 0.0 0.0 1.0
-0.8186683058738708 -0.4080218970775604 -0.40410441160202026 1.4995298385620117 0.37445002794265747 -0.9127980470657349 0.1630549281835556 2.9759700298309326 -0.4353956878185272 -0.017829012125730515 0.900062620639801 12.206169128417969 0.0 0.0 0.0 1.0
-0.8335393071174622 -0.3927326798439026 -0.38855278491973877 1.4115910530090332 0.3619055449962616 -0.9195604920387268 0.15307816863059998 3.067664384841919 -0.4174165725708008 -0.013022733852267265 0.9086219072341919 12.18673038482666 0.0 0.0 0.0 1.0
-0.910133957862854 -0.29942527413368225 -0.28635767102241516 0.7518250942230225 0.2867078185081482 -0.9541134834289551 0.08640657365322113 2.817338466644287 -0.29909002780914307 -0.003459423780441284 0.9542186260223389 12.06018352508545 0.0 0.0 0.0 1.0
-0.9237553477287292 -0.2808900475502014 -0.2603398859500885 0.8323939442634583 0.27163416147232056 -0.9597293138504028 0.07165603339672089 2.692866563796997 -0.2699832618236542 -0.0045245615765452385 0.9628543853759766 12.060099601745605 0.0 0.0 0.0 1.0
-0.9358269572257996 -0.26083648204803467 -0.2370491325855255 0.923426628112793 0.25401806831359863 -0.9653720259666443 0.05942768231034279 2.5854575634002686 -0.24434150755405426 -0.004600738175213337 0.9696783423423767 12.038935661315918 0.0 0.0 0.0 1.0
-0.9457729458808899 -0.23972941935062408 -0.21918779611587524 0.9760011434555054 0.23442846536636353 -0.9708321690559387 0.050280775874853134 2.4973931312561035 -0.22484835982322693 -0.0038296591956168413 0.9743862152099609 12.016037940979004 0.0 0.0 0.0 1.0
-0.9547438025474548 -0.2177698016166687 -0.20258468389511108 1.0103284120559692 0.21322669088840485 -0.9759997129440308 0.044260017573833466 2.4576539993286133 -0.20736108720302582 -0.000939483055844903 0.9782640337944031 11.998048782348633 0.0 0.0 0.0 1.0
-0.9964336156845093 -0.05282142758369446 -0.06580238789319992 0.6520277261734009 0.052274949848651886 -0.998582661151886 0.010000324808061123 2.626889705657959 -0.06623736023902893 0.006524842698127031 0.9977825880050659 12.411566734313965 0.0 0.0 0.0 1.0
-0.9985625147819519 -0.03043779917061329 -0.04411890730261803 0.5066860318183899 0.030162472277879715 -0.9995212554931641 0.006893021985888481 2.6740384101867676 -0.04430759325623512 0.005552378017455339 0.9990025162696838 12.492766380310059 0.0 0.0 0.0 1.0
-0.999667227268219 -0.01379713136702776 -0.02179679088294506 0.3737143576145172 0.013730897568166256 -0.9999006390571594 0.003185470122843981 2.6877825260162354 -0.02183857560157776 0.002885120455175638 0.9997573494911194 12.537635803222656 0.0 0.0 0.0 1.0
-1.0 8.26131654321216e-05 0.00011459647794254124 0.26676493883132935 -8.258868911070749e-05 -1.0 0.00021353525517042726 2.7092998027801514 0.00011461411486379802 0.0002135257818736136 1.0 12.484627723693848 0.0 0.0 0.0 1.0
-0.9995826482772827 0.01567104272544384 0.02426810748875141 0.20536507666110992 -0.01569090597331524 -0.9998766779899597 -0.0006282764952629805 2.7340481281280518 0.02425527013838291 -0.0010088029084727168 0.9997053146362305 12.367575645446777 0.0 0.0 0.0 1.0
-0.9798895716667175 0.12298756092786789 0.1571321338415146 -0.08001964539289474 -0.12474319338798523 -0.9921881556510925 -0.001322102965787053 2.4484238624572754 0.15574203431606293 -0.020896678790450096 0.9875767230987549 11.406928062438965 0.0 0.0 0.0 1.0
-0.9706553816795349 0.14862589538097382 0.18904632329940796 0.007886278443038464 -0.15118461847305298 -0.9885051250457764 0.0008956036763265729 2.311276912689209 0.1870063692331314 -0.027711572125554085 0.9819677472114563 11.191405296325684 0.0 0.0 0.0 1.0
-0.9599128365516663 0.17381855845451355 0.21989640593528748 0.10933642834424973 -0.17730838060379028 -0.9841475486755371 0.003922329284250736 2.1555471420288086 0.21709227561950684 -0.03522438183426857 0.9755153656005859 11.04395866394043 0.0 0.0 0.0 1.0
-0.9478546380996704 0.1982821524143219 0.24951109290122986 0.1678210347890854 -0.202891543507576 -0.9791734218597412 0.007378087844699621 2.0041379928588867 0.24577757716178894 -0.04363033547997475 0.9683438539505005 10.931824684143066 0.0 0.0 0.0 1.0
-0.934380829334259 0.22000615298748016 0.2802317142486572 0.18123438954353333 -0.22566579282283783 -0.9741266965866089 0.012332944199442863 1.8878214359283447 0.27569451928138733 -0.05171504244208336 0.9598531723022461 10.859198570251465 0.0 0.0 0.0 1.0
-0.8386048674583435 0.34750908613204956 0.41949886083602905 -0.3001181483268738 -0.36366569995880127 -0.9304980635643005 0.04382532462477684 1.9548959732055664 0.4055725634098053 -0.11580522358417511 0.9066973328590393 10.691962242126465 0.0 0.0 0.0 1.0
-0.811815619468689 0.3751256763935089 0.4474775195121765 -0.3735250234603882 -0.39428359270095825 -0.9174145460128784 0.05376841500401497 2.01731014251709 0.43069228529930115 -0.13278301060199738 0.892677366733551 10.734128952026367 0.0 0.0 0.0 1.0
-0.78252112865448 0.40216827392578125 0.475311815738678 -0.40093544125556946 -0.42445695400238037 -0.9030889272689819 0.06531961262226105 2.0466063022613525 0.45551833510398865 -0.15063542127609253 0.8773893117904663 10.844817161560059 0.0 0.0 0.0 1.0
-0.74912428855896 0.4268938899040222 0.5065317749977112 -0.32579272985458374 -0.4521535336971283 -0.8883472681045532 0.0799768716096878 2.0812149047851562 0.4841177463531494 -0.1691175252199173 0.858504056930542 10.921500205993652 0.0 0.0 0.0 1.0
-0.7166731357574463 0.44840553402900696 0.5341460704803467 -0.2647584080696106 -0.4779667854309082 -0.8735437989234924 0.09202708303928375 2.076512098312378 0.5078654885292053 -0.18935075402259827 0.8403683304786682 10.976012229919434 0.0 0.0 0.0 1.0
-0.501473605632782 0.5170809626579285 0.6936508417129517 0.32159969210624695 -0.5477800369262695 -0.8103406429290771 0.20805059373378754 1.6415678262710571 0.6696724891662598 -0.275636225938797 0.6896110773086548 10.291258811950684 0.0 0.0 0.0 1.0
-0.4743563234806061 0.522639811038971 0.7084022164344788 0.14477108418941498 -0.5527507662773132 -0.8031238913536072 0.2223929911851883 1.6042455434799194 0.6851661801338196 -0.2860763370990753 0.6698564291000366 10.170011520385742 0.0 0.0 0.0 1.0
-0.45406481623649597 0.527633786201477 0.7179329991340637 -0.16567042469978333 -0.5585818290710449 -0.7963482141494751 0.23198248445987701 1.554721474647522 0.6941264271736145 -0.2956892251968384 0.656320333480835 10.110814094543457 0.0 0.0 0.0 1.0
-0.44439181685447693 0.5300365090370178 0.7222030162811279 -0.3253743350505829 -0.561750054359436 -0.7928621768951416 0.23623380064964294 1.5368658304214478 0.6978200078010559 -0.3007172644138336 0.6500895023345947 10.091410636901855 0.0 0.0 0.0 1.0
-0.4161827266216278 0.5346370935440063 0.7354965209960938 -0.5051345825195312 -0.5645115375518799 -0.7860351204872131 0.2519434988498688 1.5566171407699585 0.7128244042396545 -0.3103417456150055 0.6289430260658264 10.030978202819824 0.0 0.0 0.0 1.0
-0.18323437869548798 0.559272050857544 0.8084800243377686 0.018863914534449577 -0.5790793299674988 -0.7259848117828369 0.370962530374527 2.157263994216919 0.794413149356842 -0.4002009630203247 0.4568882882595062 10.267620086669922 0.0 0.0 0.0 1.0
-0.1343056857585907 0.5605064630508423 0.8171869516372681 0.31538206338882446 -0.5820269584655762 -0.7120436429977417 0.39273208379745483 2.294159412384033 0.8020015954971313 -0.4228786826133728 0.4218613803386688 10.396418571472168 0.0 0.0 0.0 1.0
-0.08407212793827057 0.5597089529037476 0.8244135975837708 0.6405956149101257 -0.5838679075241089 -0.6981093883514404 0.4144170880317688 2.4132602214813232 0.8074838519096375 -0.44650769233703613 0.3854876458644867 10.542485237121582 0.0 0.0 0.0 1.0
-0.030510203912854195 0.5568605065345764 0.8300455212593079 0.9775037169456482 -0.5844132304191589 -0.6836348176002502 0.437155157327652 2.496157169342041 0.8108824491500854 -0.471751868724823 0.34629446268081665 10.690082550048828 0.0 0.0 0.0 1.0
0.02655370905995369 0.5535837411880493 0.8323701024055481 1.299652099609375 -0.5792015790939331 -0.6701334118843079 0.4641623795032501 2.585966110229492 0.8147517442703247 -0.49443531036376953 0.30284205079078674 10.78205394744873 0.0 0.0 0.0 1.0
0.12641359865665436 0.5352078676223755 0.8352078199386597 0.12441925704479218 -0.5874170064926147 -0.6380771398544312 0.497793972492218 2.733017921447754 0.7993503212928772 -0.553543210029602 0.2337285727262497 11.176834106445312 0.0 0.0 0.0 1.0
0.1292555183172226 0.5330330729484558 0.8361631035804749 -0.2761097848415375 -0.5902487635612488 -0.6362223029136658 0.4968174397945404 2.761810302734375 0.796805739402771 -0.5577606558799744 0.23238685727119446 11.294891357421875 0.0 0.0 0.0 1.0
0.1443210393190384 0.5309918522834778 0.8349964618682861 -0.4557807147502899 -0.5886823534965515 -0.6321919560432434 0.5037721991539001 2.786161422729492 0.7953769564628601 -0.5642526149749756 0.22134694457054138 11.386090278625488 0.0 0.0 0.0 1.0
0.161087304353714 0.5276641249656677 0.8340392708778381 -0.5937731266021729 -0.5886662602424622 -0.6269269585609436 0.510327935218811 2.7061216831207275 0.7921634316444397 -0.5731781125068665 0.20962809026241302 11.458808898925781 0.0 0.0 0.0 1.0
0.18835799396038055 0.5230057835578918 0.8312557935714722 -0.6251457333564758 -0.5879867672920227 -0.6178920269012451 0.5219970941543579 2.5586698055267334 0.7866338491439819 -0.5870897173881531 0.19113557040691376 11.471277236938477 0.0 0.0 0.0 1.0
0.38760411739349365 0.4743218421936035 0.7904314398765564 -0.27010589838027954 -0.5711525678634644 -0.549474835395813 0.6098049879074097 2.385448455810547 0.7235659956932068 -0.6878198981285095 0.057931456714868546 11.139902114868164 0.0 0.0 0.0 1.0
0.4018808603286743 0.4701225757598877 0.7857967615127563 -0.3220873475074768 -0.5700376033782959 -0.5431432723999023 0.6164839863777161 2.4110958576202393 0.7166232466697693 -0.6956868171691895 0.04970865696668625 11.070466041564941 0.0 0.0 0.0 1.0
0.43080633878707886 0.46063390374183655 0.7760298252105713 -0.42515718936920166 -0.5672560930252075 -0.5305784940719604 0.6298468112945557 2.443650484085083 0.7018735408782959 -0.7115496397018433 0.03272080793976784 10.959293365478516 0.0 0.0 0.0 1.0
0.4633413553237915 0.44955936074256897 0.7636826634407043 -0.4965701401233673 -0.5622383952140808 -0.5169853568077087 0.6454564929008484 2.462761402130127 0.6849837899208069 -0.7284383773803711 0.01321884524077177 10.918744087219238 0.0 0.0 0.0 1.0
0.5028171539306641 0.43536755442619324 0.746746301651001 -0.4966323673725128 -0.5528045892715454 -0.5021722912788391 0.6650038361549377 2.4811289310455322 0.6645163893699646 -0.7471801042556763 -0.011827651411294937 10.89426040649414 0.0 0.0 0.0 1.0
0.7400182485580444 0.3175666332244873 0.5928949117660522 0.4185246527194977 -0.45416736602783203 -0.41425418853759766 0.7887492775917053 2.4935715198516846 0.4960896670818329 -0.8529624342918396 -0.16232727468013763 10.842716217041016 0.0 0.0 0.0 1.0
0.7703034281730652 0.294953852891922 0.5653625726699829 0.5485243797302246 -0.4358091354370117 -0.40372177958488464 0.8044122457504272 2.42931866645813 0.465513676404953 -0.8660317063331604 -0.18244469165802002 10.856707572937012 0.0 0.0 0.0 1.0
0.7989783883094788 0.27145227789878845 0.5366070866584778 0.6739791631698608 -0.4162292778491974 -0.39441248774528503 0.8192630410194397 2.380463123321533 0.43403539061546326 -0.8779250979423523 -0.2021406590938568 10.851143836975098 0.0 0.0 0.0 1.0
0.8246253132820129 0.24790948629379272 0.5084623694419861 0.7279579043388367 -0.3977471590042114 -0.38503095507621765 0.8327955007553101 2.381530284881592 0.4022316634654999 -0.8889837265014648 -0.21890096366405487 10.821516036987305 0.0 0.0 0.0 1.0
0.8472231030464172 0.22474463284015656 0.4813551902770996 0.7492631673812866 -0.3801354467868805 -0.3764759302139282 0.8448449373245239 2.3920788764953613 0.3710930049419403 -0.8987523317337036 -0.23352570831775665 10.764366149902344 0.0 0.0 0.0 1.0
0.928721010684967 0.12803669273853302 0.3479711711406708 0.9206784963607788 -0.28564149141311646 -0.3512987792491913 0.8916266560554504 1.7831451892852783 0.23640277981758118 -0.927467405796051 -0.2896859645843506 10.124954223632812 0.0 0.0 0.0 1.0
0.933495044708252 0.12134091556072235 0.3374364972114563 0.8908851146697998 -0.27780652046203613 -0.3502882719039917 0.8944951891899109 1.6193232536315918 0.22673891484737396 -0.9287489056587219 -0.293283075094223 9.95540714263916 0.0 0.0 0.0 1.0
0.9372150897979736 0.11577392369508743 0.3289746046066284 0.8628247380256653 -0.2709890604019165 -0.3520217835903168 0.8959048986434937 1.4350847005844116 0.2195286601781845 -0.9288040995597839 -0.2985466718673706 9.801873207092285 0.0 0.0 0.0 1.0
0.9382990002632141 0.11347044259309769 0.3266793489456177 0.7672384977340698 -0.2693231403827667 -0.35279881954193115 0.8961015939712524 1.2906131744384766 0.21693313121795654 -0.9287935495376587 -0.30047059059143066 9.670547485351562 0.0 0.0 0.0 1.0
0.9382807612419128 0.1103629395365715 0.32779446244239807 0.6272268295288086 -0.2711586058139801 -0.35361990332603455 0.8952239751815796 1.1542012691497803 0.2147141993045807 -0.9288557171821594 -0.30186891555786133 9.582698822021484 0.0 0.0 0.0 1.0
0.941087543964386 0.10080160200595856 0.3227897882461548 0.2209179848432541 -0.2685256004333496 -0.35743534564971924 0.8945021033287048 0.7341123223304749 0.20554372668266296 -0.9284821152687073 -0.3093101382255554 9.23358154296875 0.0 0.0 0.0 1.0
0.9421414732933044 0.09983289986848831 0.3200044631958008 0.27190423011779785 -0.2660260498523712 -0.3581623136997223 0.8949580192565918 0.731076180934906 0.20395979285240173 -0.9283065795898438 -0.3108814060688019 9.156597137451172 0.0 0.0 0.0 1.0