0.9822776317596436 0.04843437299132347 -0.18106575310230255 0.01799757219851017 0.16033926606178284 0.28314903378486633 0.9455780982971191 0.7625507116317749 0.09706708043813705 -0.9578521251678467 0.27036502957344055 9.184326171875 0.0 0.0 0.0 1.0
0.9821187257766724 0.0475306361913681 -0.18216374516487122 0.05183911323547363 0.1612948179244995 0.28658023476600647 0.9443811774253845 0.7631413340568542 0.09709156304597855 -0.9568765163421631 0.2737893760204315 9.064562797546387 0.0 0.0 0.0 1.0
0.98268061876297 0.057848334312438965 -0.17604666948318481 0.2357519418001175 0.15221817791461945 0.2898097038269043 0.9449020624160767 0.7531144022941589 0.10568104684352875 -0.9553344249725342 0.27598482370376587 9.059694290161133 0.0 0.0 0.0 1.0
0.9824550151824951 0.14147663116455078 -0.12151744216680527 0.07026945054531097 0.0763305053114891 0.289469838142395 0.9541388154029846 0.7088825702667236 0.17016398906707764 -0.9466739296913147 0.27359211444854736 9.043938636779785 0.0 0.0 0.0 1.0
0.9690443277359009 0.22924256324768066 -0.09165642410516739 0.0860779657959938 0.021654615178704262 0.29089686274528503 0.9565093517303467 0.6228912472724915 0.24593521654605865 -0.928884744644165 0.27692779898643494 9.181584358215332 0.0 0.0 0.0 1.0
0.9020168781280518 0.4298699200153351 0.03971656411886215 0.3333674371242523 -0.17621095478534698 0.2826351821422577 0.9429035186767578 0.5662164688110352 0.394100546836853 -0.8575133681297302 0.33068951964378357 8.727397918701172 0.0 0.0 0.0 1.0
0.8991275429725647 0.430440217256546 0.07931511104106903 0.2554537355899811 -0.22038008272647858 0.2886580526828766 0.9317237734794617 0.6028625965118408 0.3781564235687256 -0.8552179336547852 0.3544008433818817 8.70906925201416 0.0 0.0 0.0 1.0
0.8550550937652588 0.498364120721817 0.14322714507579803 0.19026246666908264 -0.29933875799179077 0.24885700643062592 0.9211224317550659 0.3837824761867523 0.4234112799167633 -0.8304838538169861 0.36196616291999817 8.81123161315918 0.0 0.0 0.0 1.0
0.8110580444335938 0.561723530292511 0.16325300931930542 0.4182693064212799 -0.3397584557533264 0.22517822682857513 0.9131587743759155 0.3347461521625519 0.4761817455291748 -0.7960913777351379 0.37348294258117676 8.77115535736084 0.0 0.0 0.0 1.0
0.7825328707695007 0.599662721157074 0.16747219860553741 0.42643973231315613 -0.35295039415359497 0.20567211508750916 0.9127568006515503 0.27438634634017944 0.5129019021987915 -0.7733715772628784 0.3725963830947876 8.81375789642334 0.0 0.0 0.0 1.0
0.5753755569458008 0.7563067674636841 0.3113567531108856 0.313218355178833 -0.5718168616294861 0.09979423135519028 0.8142890334129333 0.3845290243625641 0.5847806930541992 -0.6465610265731812 0.48988810181617737 8.401001930236816 0.0 0.0 0.0 1.0
0.5331636667251587 0.77396160364151 0.34164300560951233 0.30524688959121704 -0.6209210753440857 0.08369762450456619 0.779391884803772 0.5136306285858154 0.5746247172355652 -0.627676784992218 0.5251936316490173 8.180132865905762 0.0 0.0 0.0 1.0
0.4041702151298523 0.8400688171386719 0.36184370517730713 0.4327739477157593 -0.6521084308624268 -0.012762448750436306 0.7580182552337646 0.6976761817932129 0.641405463218689 -0.542329728603363 0.542657732963562 8.458985328674316 0.0 0.0 0.0 1.0
0.3407232165336609 0.8570398092269897 0.38651058077812195 0.21140137314796448 -0.6807857751846313 -0.05862560495734215 0.7301326990127563 0.5943964719772339 0.6484122276306152 -0.5119040608406067 0.5634854435920715 8.567395210266113 0.0 0.0 0.0 1.0
0.30120015144348145 0.8657963871955872 0.39959362149238586 -0.14469212293624878 -0.7081705331802368 -0.07752694934606552 0.7017720341682434 0.5242809057235718 0.63857102394104 -0.4943542778491974 0.5897803902626038 8.344690322875977 0.0 0.0 0.0 1.0
0.04007021710276604 0.9201151728630066 0.389592707157135 0.008395025506615639 -0.7647563815116882 -0.222697913646698 0.6046100854873657 0.876354455947876 0.6430723667144775 -0.3221703767776489 0.694740355014801 7.9963154792785645 0.0 0.0 0.0 1.0
-0.0003394560480955988 0.9181710481643677 0.3961840271949768 0.09365827590227127 -0.7723548412322998 -0.2518933415412903 0.5831103920936584 1.0460654497146606 0.6351912021636963 -0.30579671263694763 0.7092393636703491 8.086441040039062 0.0 0.0 0.0 1.0
-0.11441788077354431 0.9091507792472839 0.4004414975643158 0.12835070490837097 -0.7485197186470032 -0.34392082691192627 0.5669538378715515 1.3085308074951172 0.6531667113304138 -0.23486869037151337 0.719868004322052 8.194132804870605 0.0 0.0 0.0 1.0
-0.14784927666187286 0.9052229523658752 0.39838674664497375 0.14138004183769226 -0.7425392270088196 -0.3676745295524597 0.5598668456077576 1.3813302516937256 0.6532809734344482 -0.21304188668727875 0.7265239953994751 8.255828857421875 0.0 0.0 0.0 1.0
-0.12866133451461792 0.9095594882965088 0.3951554298400879 0.27113860845565796 -0.7555371522903442 -0.3480045795440674 0.5550283193588257 1.3333796262741089 0.6423471570014954 -0.22714392840862274 0.7319806814193726 8.20937442779541 0.0 0.0 0.0 1.0
-0.3535082936286926 0.831509530544281 0.42851343750953674 0.16535720229148865 -0.7202668786048889 -0.5342476963996887 0.44248729944229126 1.0376754999160767 0.5968647599220276 -0.15222108364105225 0.7877697944641113 8.271696090698242 0.0 0.0 0.0 1.0
-0.3860144317150116 0.8214046955108643 0.4198656678199768 0.025442153215408325 -0.7261321544647217 -0.5512713193893433 0.41089174151420593 0.9982098340988159 0.5689682960510254 -0.146267831325531 0.8092470169067383 8.281206130981445 0.0 0.0 0.0 1.0
-0.4645055830478668 0.7828516960144043 0.41397804021835327 -0.13091407716274261 -0.7069072723388672 -0.6093525886535645 0.35912612080574036 1.0029972791671753 0.5334010720252991 -0.12582798302173615 0.8364512324333191 8.560072898864746 0.0 0.0 0.0 1.0
-0.5330765247344971 0.7338992953300476 0.42097654938697815 -0.008874957449734211 -0.6621562838554382 -0.6716213822364807 0.3323759436607361 0.9659067988395691 0.5266672968864441 -0.10157045722007751 0.8439816236495972 8.547887802124023 0.0 0.0 0.0 1.0
-0.566945493221283 0.7074140310287476 0.42206424474716187 -0.06122944504022598 -0.6403995752334595 -0.7007753849029541 0.3143281638622284 0.8529314398765564 0.5181323885917664 -0.09208284318447113 0.8503291010856628 8.453828811645508 0.0 0.0 0.0 1.0
-0.7589532136917114 0.5418975353240967 0.36102229356765747 -0.203416109085083 -0.5058133602142334 -0.8397988677024841 0.1972072869539261 0.7516041994094849 0.41005223989486694 -0.03293878957629204 0.9114670753479004 8.571381568908691 0.0 0.0 0.0 1.0
-0.7586328983306885 0.5462510585784912 0.3550857901573181 -0.04334118589758873 -0.5082628726959229 -0.8371785283088684 0.20199251174926758 0.7406833171844482 0.4076088070869446 -0.027238762006163597 0.9127503037452698 8.470322608947754 0.0 0.0 0.0 1.0
-0.7882645726203918 0.5161228775978088 0.3350464701652527 0.08564827591180801 -0.48330140113830566 -0.856316328048706 0.1820496916770935 0.8391788005828857 0.38086578249931335 -0.0184251070022583 0.9244467616081238 8.49322509765625 0.0 0.0 0.0 1.0
-0.8696319460868835 0.3956514894962311 0.29529669880867004 -0.043007124215364456 -0.3704775869846344 -0.9183248281478882 0.13937655091285706 0.9186879992485046 0.3263228237628937 0.011805502697825432 0.9451846480369568 8.639993667602539 0.0 0.0 0.0 1.0
-0.905655562877655 0.33651378750801086 0.257966011762619 -0.3552282452583313 -0.3192571699619293 -0.9415602087974548 0.10742097347974777 0.8236736059188843 0.2790391743183136 0.014928904362022877 0.9601636528968811 8.634575843811035 0.0 0.0 0.0 1.0
-0.974564254283905 0.1703805923461914 0.1455851048231125 -0.027732789516448975 -0.16296552121639252 -0.9847123026847839 0.06151389703154564 1.0159138441085815 0.15384021401405334 0.036223892122507095 0.987431526184082 8.573005676269531 0.0 0.0 0.0 1.0
-0.9761152863502502 0.1673591136932373 0.13852755725383759 -0.046576328575611115 -0.1592942476272583 -0.9849230051040649 0.06746882200241089 0.9450803399085999 0.1477304995059967 0.043790701776742935 0.9880577325820923 8.476746559143066 0.0 0.0 0.0 1.0
-0.9781762361526489 0.16600778698921204 0.12495056539773941 0.05179604887962341 -0.1576802134513855 -0.9847219586372375 0.07388906180858612 0.996431291103363 0.13530772924423218 0.05257429555058479 0.9894077777862549 8.353038787841797 0.0 0.0 0.0 1.0
-0.9844957590103149 0.14561204612255096 0.0978020578622818 0.20701879262924194 -0.14043386280536652 -0.9883939623832703 0.057928405702114105 1.1269758939743042 0.1051020398736 0.04329554736614227 0.9935185313224792 8.448594093322754 0.0 0.0 0.0 1.0
-0.9975424408912659 0.040091026574373245 0.0574616976082325 0.19608129560947418 -0.038318779319524765 -0.9987651705741882 0.03161952644586563 1.262100338935852 0.058658402413129807 0.029339956119656563 0.9978468418121338 8.677023887634277 0.0 0.0 0.0 1.0
-0.9828969836235046 -0.17003017663955688 -0.07073396444320679 0.28351932764053345 0.17169100046157837 -0.9849853515625 -0.018058236688375473 1.2770156860351562 -0.0666014701128006 -0.029893770813941956 0.9973317384719849 8.886248588562012 0.0 0.0 0.0 1.0
-0.9729229211807251 -0.2099878340959549 -0.09657149016857147 0.10140591859817505 0.2126181721687317 -0.9769752621650696 -0.017688389867544174 1.1661114692687988 -0.09063360840082169 -0.03774229437112808 0.9951688647270203 8.773818016052246 0.0 0.0 0.0 1.0
-0.9739713668823242 -0.20546744763851166 -0.0957229733467102 0.16381125152111053 0.20711711049079895 -0.9782872200012207 -0.007521149702370167 1.0409942865371704 -0.09209921211004257 -0.02715124934911728 0.995379626750946 8.600363731384277 0.0 0.0 0.0 1.0
-0.9734331369400024 -0.20423538982868195 -0.10351715236902237 0.25223496556282043 0.20605377852916718 -0.978515088558197 -0.0070728883147239685 0.9856860041618347 -0.09984856098890305 -0.028215086087584496 0.9946025013923645 8.522431373596191 0.0 0.0 0.0 1.0
-0.9468575716018677 -0.26882264018058777 -0.17662128806114197 -0.0449182465672493 0.27404165267944336 -0.9617027640342712 -0.00538413692265749 1.0923622846603394 -0.1684097945690155 -0.05349959805607796 0.9842641353607178 8.701066970825195 0.0 0.0 0.0 1.0
-0.8834604620933533 -0.38183853030204773 -0.27147188782691956 0.09340551495552063 0.39489907026290894 -0.9186974167823792 0.007059069350361824 1.1723967790603638 -0.25209593772888184 -0.10096758604049683 0.9624204635620117 8.624242782592773 0.0 0.0 0.0 1.0
-0.8226542472839355 -0.4705674946308136 -0.31907081604003906 0.03519226610660553 0.49306520819664 -0.8699137568473816 0.011693122796714306 1.3181198835372925 -0.2830665111541748 -0.14770333468914032 0.9476587176322937 8.789103507995605 0.0 0.0 0.0 1.0
-0.7792415022850037 -0.5208134651184082 -0.3486202359199524 -0.06511908024549484 0.5527383089065552 -0.833301842212677 0.00940333865582943 1.2624945640563965 -0.29540327191352844 -0.18536828458309174 0.9372168779373169 8.999824523925781 0.0 0.0 0.0 1.0
-0.7654638886451721 -0.5263280272483826 -0.37019434571266174 -0.27259916067123413 0.5616755485534668 -0.8272265791893005 0.01472267135977745 1.0718696117401123 -0.3139835596084595 -0.19665943086147308 0.9288376569747925 8.814931869506836 0.0 0.0 0.0 1.0
-0.7631057500839233 -0.5308365821838379 -0.3686218857765198 -0.2957102358341217 0.565717875957489 -0.8244413733482361 0.0161170344799757 0.9446538090705872 -0.31246262788772583 -0.1962369829416275 0.9294397234916687 8.742985725402832 0.0 0.0 0.0 1.0
-0.609771192073822 -0.6189025640487671 -0.49511483311653137 -0.4776403307914734 0.6808562874794006 -0.7288188338279724 0.07251104712486267 1.0780824422836304 -0.40572628378868103 -0.292886883020401 0.8657964468002319 8.605575561523438 0.0 0.0 0.0 1.0
-0.5938300490379333 -0.6220846772193909 -0.5102710127830505 -0.38969823718070984 0.6838032007217407 -0.7244160771369934 0.08737567812204361 1.1036540269851685 -0.42400360107421875 -0.2970386743545532 0.8555635213851929 8.505910873413086 0.0 0.0 0.0 1.0
-0.4951910376548767 -0.669945478439331 -0.5531355142593384 -0.47196289896965027 0.7475915551185608 -0.6529411673545837 0.12155129015445709 1.1679891347885132 -0.4425976872444153 -0.35332831740379333 0.8241761922836304 8.471779823303223 0.0 0.0 0.0 1.0
-0.3802011013031006 -0.7099364995956421 -0.592821478843689 -0.6420948505401611 0.8125881552696228 -0.5625299215316772 0.15251407027244568 1.1780966520309448 -0.44175514578819275 -0.4237336814403534 0.7907605171203613 8.472135543823242 0.0 0.0 0.0 1.0
-0.34008660912513733 -0.7248199582099915 -0.5991469621658325 -0.898954451084137 0.8268991112709045 -0.533918559551239 0.1765468567609787 1.245663046836853 -0.44786038994789124 -0.4353928864002228 0.7809315323829651 8.463933944702148 0.0 0.0 0.0 1.0
-0.1288597732782364 -0.7541691660881042 -0.6439130306243896 -0.9679431915283203 0.883037269115448 -0.3827464282512665 0.2715701460838318 1.3665051460266113 -0.45126524567604065 -0.5336047410964966 0.7152801156044006 8.831319808959961 0.0 0.0 0.0 1.0
-0.14586475491523743 -0.7587610483169556 -0.6348268389701843 -0.7737327814102173 0.8831928372383118 -0.38899990916252136 0.2620104253292084 1.4336382150650024 -0.445750892162323 -0.5224564671516418 0.7268736958503723 8.819416999816895 0.0 0.0 0.0 1.0
-0.16923752427101135 -0.7702168226242065 -0.6149184107780457 -0.42704465985298157 0.8794490694999695 -0.3996541202068329 0.25854575634002686 1.6424580812454224 -0.44489097595214844 -0.4970338046550751 0.7450029850006104 8.735066413879395 0.0 0.0 0.0 1.0
-0.1479136347770691 -0.7692872881889343 -0.6215453147888184 -0.1465834677219391 0.8793789744377136 -0.3898818790912628 0.27328503131866455 1.7604680061340332 -0.45256397128105164 -0.5061513185501099 0.7341639399528503 8.784174919128418 0.0 0.0 0.0 1.0
-0.011945963837206364 -0.7611088156700134 -0.6485142111778259 -0.36028483510017395 0.9016796946525574 -0.2885528802871704 0.3220418095588684 1.7606250047683716 -0.43223950266838074 -0.580905020236969 0.6897234320640564 8.994437217712402 0.0 0.0 0.0 1.0
0.23599623143672943 -0.7054056525230408 -0.6683626770973206 -0.12351255863904953 0.8892417550086975 -0.12058631330728531 0.44125738739967346 1.6091006994247437 -0.39186084270477295 -0.6984710693359375 0.5988182425498962 9.172486305236816 0.0 0.0 0.0 1.0
0.2936305105686188 -0.681042492389679 -0.670792281627655 -0.3312053382396698 0.8769115805625916 -0.08743879944086075 0.47263145446777344 1.5248515605926514 -0.38053539395332336 -0.7270045280456543 0.5715393424034119 9.232403755187988 0.0 0.0 0.0 1.0
0.30155959725379944 -0.6806997656822205 -0.6676149368286133 -0.3796367347240448 0.8743546009063721 -0.08179771155118942 0.4783441722393036 1.4557873010635376 -0.38021811842918396 -0.727981448173523 0.5705060958862305 8.953137397766113 0.0 0.0 0.0 1.0
0.26921170949935913 -0.6909055113792419 -0.6709505319595337 -0.1544996052980423 0.877280592918396 -0.11152507364749908 0.4668414294719696 1.2182308435440063 -0.3973711431026459 -0.7142910361289978 0.5760941505432129 9.042520523071289 0.0 0.0 0.0 1.0
0.26455625891685486 -0.6954449415206909 -0.6681065559387207 0.005335893481969833 0.8758925199508667 -0.11659956723451614 0.46820592880249023 1.2481985092163086 -0.4035123586654663 -0.7090563774108887 0.5782878994941711 8.787610054016113 0.0 0.0 0.0 1.0
0.43056049942970276 -0.6132997274398804 -0.6621790528297424 0.2397712618112564 0.8437635898590088 0.013035488314926624 0.5365566611289978 1.2160557508468628 -0.3204382359981537 -0.7897427082061768 0.5230925679206848 9.026965141296387 0.0 0.0 0.0 1.0
0.44642844796180725 -0.604417085647583 -0.6598345637321472 0.22602178156375885 0.8306254744529724 0.005653657019138336 0.5568027496337891 1.1446969509124756 -0.332810640335083 -0.7966479659080505 0.5045682191848755 8.971656799316406 0.0 0.0 0.0 1.0
0.4900617003440857 -0.5795580744743347 -0.651115894317627 0.057148464024066925 0.8043593168258667 0.012801907025277615 0.5940052270889282 1.0855419635772705 -0.33592501282691956 -0.8148303627967834 0.4724466800689697 9.119485855102539 0.0 0.0 0.0 1.0
0.5577284693717957 -0.5376855731010437 -0.6323236227035522 -0.2422237992286682 0.771791934967041 0.05563344433903694 0.6334367394447327 1.0793695449829102 -0.3054114580154419 -0.8413079977035522 0.4460097551345825 9.063899040222168 0.0 0.0 0.0 1.0
0.5638425350189209 -0.5311723351478577 -0.6324061751365662 -0.13890770077705383 0.7758066058158875 0.07807111740112305 0.626122236251831 1.1048712730407715 -0.28320610523223877 -0.8436592221260071 0.4561068117618561 8.87464714050293 0.0 0.0 0.0 1.0
0.7216312885284424 -0.37772634625434875 -0.5801474452018738 -0.4447876513004303 0.6647130846977234 0.14394326508045197 0.7331008315086365 1.0878570079803467 -0.1934031844139099 -0.9146600961685181 0.3549536168575287 9.499176025390625 0.0 0.0 0.0 1.0
0.7067615389823914 -0.38770702481269836 -0.591752827167511 -0.26005423069000244 0.6782610416412354 0.13354988396167755 0.7225831151008606 0.9113205671310425 -0.20112203061580658 -0.9120568633079529 0.3573544919490814 9.322208404541016 0.0 0.0 0.0 1.0
0.6924158334732056 -0.3988095223903656 -0.6012580394744873 -0.015199324116110802 0.691159188747406 0.12752187252044678 0.7113628387451172 0.8334224820137024 -0.2070247381925583 -0.9081239700317383 0.3639390468597412 9.061115264892578 0.0 0.0 0.0 1.0
0.7056649327278137 -0.38921239972114563 -0.5920732021331787 0.08224815875291824 0.6785876154899597 0.1308288276195526 0.7227742671966553 0.8321417570114136 -0.20385247468948364 -0.911810040473938 0.3564360439777374 9.041373252868652 0.0 0.0 0.0 1.0
0.7685977816581726 -0.3265136182308197 -0.5501329898834229 -0.16639330983161926 0.6212185621261597 0.17554809153079987 0.7637214064598083 0.893365204334259 -0.1527906358242035 -0.9287474155426025 0.3377622067928314 8.895256042480469 0.0 0.0 0.0 1.0
0.863028347492218 -0.21972130239009857 -0.4548676609992981 -0.27458828687667847 0.502437949180603 0.2800869047641754 0.8179898858070374 1.3097306489944458 -0.05232732743024826 -0.9344912171363831 0.3521192669868469 8.82392406463623 0.0 0.0 0.0 1.0
0.8949840068817139 -0.14427582919597626 -0.4221233129501343 -0.27291274070739746 0.44606950879096985 0.3001626133918762 0.8431633114814758 1.2330348491668701 0.005057544447481632 -0.9429140686988831 0.33299779891967773 8.958063125610352 0.0 0.0 0.0 1.0
0.9110645055770874 -0.09903564304113388 -0.4001917541027069 -0.30047351121902466 0.41035863757133484 0.31106460094451904 0.8572307825088501 1.1284267902374268 0.03958909586071968 -0.9452146291732788 0.3240400552749634 8.848922729492188 0.0 0.0 0.0 1.0
0.9123860597610474 -0.09676383435726166 -0.39772915840148926 -0.29263535141944885 0.40698468685150146 0.3183305561542511 0.856171190738678 1.1224896907806396 0.0437629371881485 -0.9430283308029175 0.32982176542282104 8.76667594909668 0.0 0.0 0.0 1.0
0.9139464497566223 -0.09432784467935562 -0.3947203755378723 -0.21041817963123322 0.4031614661216736 0.32248228788375854 0.8564262986183167 1.0673260688781738 0.046505481004714966 -0.9418638348579407 0.33276087045669556 8.828536033630371 0.0 0.0 0.0 1.0
0.9587996006011963 0.12523311376571655 -0.25499022006988525 -0.6266542673110962 0.1918143332004547 0.37670090794563293 0.9062580466270447 0.9162547588348389 0.20954856276512146 -0.9178306460380554 0.3371591567993164 8.330230712890625 0.0 0.0 0.0 1.0
0.959906280040741 0.1474214345216751 -0.23842567205429077 -0.4963143765926361 0.1669948846101761 0.38241344690322876 0.9087753891944885 1.0534610748291016 0.22515015304088593 -0.9121550917625427 0.3424624502658844 8.366350173950195 0.0 0.0 0.0 1.0
0.9449326395988464 0.26105043292045593 -0.19737009704113007 -0.39740052819252014 0.09213943779468536 0.3664807379245758 0.9258521199226379 1.0704841613769531 0.31402644515037537 -0.8930534720420837 0.32224658131599426 8.551338195800781 0.0 0.0 0.0 1.0
0.9201238751411438 0.3641478419303894 -0.14411263167858124 -0.6451834440231323 0.0071601178497076035 0.35228022933006287 0.935867190361023 1.0725700855255127 0.3915620446205139 -0.8621455430984497 0.32153409719467163 8.526923179626465 0.0 0.0 0.0 1.0
0.9136229753494263 0.386521577835083 -0.12607209384441376 -0.646588146686554 -0.013682848773896694 0.3391493558883667 0.9406330585479736 1.0133943557739258 0.40633222460746765 -0.8576589226722717 0.315143346786499 8.497615814208984 0.0 0.0 0.0 1.0
0.8730345368385315 0.48764437437057495 0.0036899682600051165 0.058561183512210846 -0.14507684111595154 0.2524935305118561 0.9566606879234314 0.8241688013076782 0.46557852625846863 -0.83573317527771 0.2911814749240875 8.653343200683594 0.0 0.0 0.0 1.0
0.8751756548881531 0.4837586283683777 0.006721879355609417 -0.058730095624923706 -0.15000784397125244 0.25812020897865295 0.9543959498405457 0.8392379879951477 0.45996221899986267 -0.8362724184989929 0.29846811294555664 8.5231294631958 0.0 0.0 0.0 1.0
0.8838211894035339 0.46778446435928345 0.006148905493319035 -0.14569057524204254 -0.14896203577518463 0.2689373195171356 0.9515687227249146 0.7926397323608398 0.4434753954410553 -0.8419325351715088 0.30737462639808655 8.389761924743652 0.0 0.0 0.0 1.0
0.8847319483757019 0.4660802185535431 0.004316284786909819 0.016190696507692337 -0.14871905744075775 0.2735038101673126 0.9503043293952942 0.8159517645835876 0.4417375326156616 -0.8414064645767212 0.3112925589084625 8.285225868225098 0.0 0.0 0.0 1.0
0.8735361695289612 0.486530065536499 0.014933914877474308 0.17774146795272827 -0.16636623442173004 0.269586980342865 0.9484962821006775 0.9242158532142639 0.45744597911834717 -0.8310303092002869 0.31643614172935486 8.347325325012207 0.0 0.0 0.0 1.0
0.7651673555374146 0.6278319358825684 0.14263948798179626 0.25449490547180176 -0.33474698662757874 0.198698490858078 0.9211207032203674 1.1212468147277832 0.5499667525291443 -0.7525596022605896 0.3622024357318878 8.275074005126953 0.0 0.0 0.0 1.0
0.6541649103164673 0.7267836332321167 0.20941302180290222 -0.09864553809165955 -0.4375286400318146 0.13777726888656616 0.8885865807533264 1.2066096067428589 0.6169578433036804 -0.6729063391685486 0.40811771154403687 7.8348917961120605 0.0 0.0 0.0 1.0
0.6056072115898132 0.7542712688446045 0.2536035478115082 -0.3480866849422455 -0.4829939901828766 0.09513543546199799 0.8704401850700378 1.2098103761672974 0.6324213147163391 -0.6496338248252869 0.4219231903553009 8.443086624145508 0.0 0.0 0.0 1.0
0.5995931625366211 0.753930926322937 0.26847001910209656 -0.36875200271606445 -0.49939659237861633 0.09033630043268204 0.8616509437561035 1.1568700075149536 0.6253727674484253 -0.6507130265235901 0.43067559599876404 8.40176010131836 0.0 0.0 0.0 1.0
0.6275944113731384 0.7366514801979065 0.25193220376968384 -0.11559758335351944 -0.4827052354812622 0.11429019272327423 0.8682934045791626 1.135538935661316 0.6108362078666687 -0.6665450930595398 0.4273134171962738 8.295153617858887 0.0 0.0 0.0 1.0
0.45471569895744324 0.825840175151825 0.33349907398223877 -0.15646666288375854 -0.6077930331230164 0.014027221128344536 0.793971598148346 1.1896599531173706 0.65101557970047 -0.5637297630310059 0.508318305015564 7.894672870635986 0.0 0.0 0.0 1.0
0.45750945806503296 0.825252115726471 0.3311254382133484 0.009229529649019241 -0.6117190718650818 0.02183818630874157 0.7907735705375671 1.173079252243042 0.6453563570976257 -0.5643421411514282 0.5148136615753174 7.825314044952393 0.0 0.0 0.0 1.0
0.4210871458053589 0.8355435132980347 0.3529201149940491 0.027918683364987373 -0.635073184967041 -0.00620421813800931 0.7724270820617676 1.161989450454712 0.6475860476493835 -0.5493891835212708 0.5280187726020813 7.872098922729492 0.0 0.0 0.0 1.0
0.28792425990104675 0.8727130889892578 0.3942986726760864 -0.22309060394763947 -0.6828833222389221 -0.10155721753835678 0.7234338521957397 1.2679766416549683 0.6713940501213074 -0.4775541424751282 0.5667204260826111 8.00825309753418 0.0 0.0 0.0 1.0
0.22329047322273254 0.877729594707489 0.4239482879638672 -0.4074708819389343 -0.7144024968147278 -0.14853300154209137 0.6837887763977051 1.241980791091919 0.6631519198417664 -0.45555323362350464 0.5938861966133118 8.143365859985352 0.0 0.0 0.0 1.0
0.05249379202723503 0.8942281007766724 0.44452282786369324 -0.13840438425540924 -0.7508463859558105 -0.25813376903533936 0.6079446077346802 1.7316697835922241 0.6583874821662903 -0.3656816780567169 0.657877504825592 8.393143653869629 0.0 0.0 0.0 1.0
-0.005837268196046352 0.8895336389541626 0.4568324089050293 -0.37086594104766846 -0.7583223581314087 -0.30173566937446594 0.577843189239502 1.627914309501648 0.6518535614013672 -0.3430532217025757 0.6763145923614502 8.53410816192627 0.0 0.0 0.0 1.0
-0.01613060012459755 0.8857948780059814 0.46379658579826355 -0.41807979345321655 -0.7589797973632812 -0.31281784176826477 0.5710470080375671 1.534778356552124 0.6509143114089966 -0.34280088543891907 0.6773463487625122 8.493447303771973 0.0 0.0 0.0 1.0
0.004069226328283548 0.8875370621681213 0.4607183635234833 -0.27396491169929504 -0.7600607872009277 -0.29665273427963257 0.5781909227371216 1.4901188611984253 0.6498392224311829 -0.3525267541408539 0.6733750104904175 8.445951461791992 0.0 0.0 0.0 1.0
0.006422341335564852 0.8866989016532898 0.4623027741909027 -0.07408148795366287 -0.7649214863777161 -0.2934213876724243 0.573409914970398 1.4506454467773438 0.6440914869308472 -0.35730797052383423 0.6763705611228943 8.331440925598145 0.0 0.0 0.0 1.0
-0.23067817091941833 0.8534886837005615 0.4672735929489136 -0.3222174048423767 -0.7555197477340698 -0.4597291052341461 0.46673232316970825 1.4721664190292358 0.6131700277328491 -0.24536946415901184 0.7508770227432251 8.404728889465332 0.0 0.0 0.0 1.0
-0.2442474514245987 0.8499526977539062 0.46682286262512207 -0.2875794768333435 -0.7504666447639465 -0.4705527424812317 0.4640904366970062 1.4457956552505493 0.6141197085380554 -0.236982062458992 0.752792477607727 8.273040771484375 0.0 0.0 0.0 1.0