-0.999579131603241 0.020902281627058983 0.020116783678531647 0.22189246118068695 -0.02093292772769928 -0.999779999256134 -0.0013140204828232527 1.2145555019378662 0.020084891468286514 -0.001734570600092411 0.9997967481613159 6.164373397827148 0.0 0.0 0.0 1.0
-0.9996821880340576 0.018158504739403725 0.017487460747361183 0.21450601518154144 -0.018185017630457878 -0.9998337030410767 -0.0013583169784396887 1.2183775901794434 0.017459888011217117 -0.0016758950660005212 0.9998461604118347 6.16119909286499 0.0 0.0 0.0 1.0
-0.9997791647911072 0.015160318464040756 0.014550956897437572 0.20561163127422333 -0.015180679038167 -0.9998839497566223 -0.0012898303102701902 1.2235455513000488 0.014529713429510593 -0.0015104388585314155 0.999893307685852 6.159667015075684 0.0 0.0 0.0 1.0
-0.9999352693557739 0.008109305053949356 0.007981177419424057 0.1817329376935959 -0.008113963529467583 -0.9999669194221497 -0.0005514802178367972 1.2322943210601807 0.007976440712809563 -0.0006162035278975964 0.9999679923057556 6.1456475257873535 0.0 0.0 0.0 1.0
-1.0 -6.667715933872387e-05 -7.055196329019964e-05 0.15278704464435577 6.665605178568512e-05 -0.9999999403953552 0.0002991513756569475 1.2375057935714722 -7.057190669002011e-05 0.00029914668994024396 0.9999999403953552 6.134289264678955 0.0 0.0 0.0 1.0
-0.9941887855529785 -0.07979743927717209 -0.0722566619515419 -0.021310558542609215 0.07916107028722763 -0.9967939853668213 0.011632924899458885 1.259179949760437 -0.07295328378677368 0.005845408421009779 0.9973182082176208 5.953141212463379 0.0 0.0 0.0 1.0
-0.9914565086364746 -0.09736543893814087 -0.08679824322462082 -0.04099222645163536 0.09642624109983444 -0.9952277541160583 0.014958336018025875 1.2663180828094482 -0.08784044533967972 0.006460912059992552 0.9961135983467102 5.9129462242126465 0.0 0.0 0.0 1.0
-0.9880489706993103 -0.11610065400600433 -0.10138967633247375 -0.07617440074682236 0.1148255467414856 -0.9932162761688232 0.018343104049563408 1.2616801261901855 -0.10283152014017105 0.006481759715825319 0.9946776628494263 5.875356197357178 0.0 0.0 0.0 1.0
-0.9821070432662964 -0.1440572887659073 -0.12129829078912735 -0.13055509328842163 0.14234505593776703 -0.9895565509796143 0.022710565477609634 1.2461832761764526 -0.1233031377196312 0.005037993658334017 0.9923562407493591 5.832631587982178 0.0 0.0 0.0 1.0
-0.9776623845100403 -0.1627074033021927 -0.13305099308490753 -0.157496839761734 0.16066712141036987 -0.9866660833358765 0.026002593338489532 1.2477673292160034 -0.1355077177286148 0.004044837784022093 0.9907680153846741 5.784620761871338 0.0 0.0 0.0 1.0
-0.944362461566925 -0.2649387717247009 -0.19490237534046173 -0.13455738127231598 0.26062673330307007 -0.964249312877655 0.04792623221874237 1.20624840259552 -0.2006320059299469 -0.005537031684070826 0.9796510338783264 5.528568744659424 0.0 0.0 0.0 1.0
-0.9379291534423828 -0.2793615162372589 -0.2055385410785675 -0.0939619392156601 0.27448567748069763 -0.9601589441299438 0.052463967353105545 1.1853666305541992 -0.212006077170372 -0.0072099012322723866 0.9772417545318604 5.474353790283203 0.0 0.0 0.0 1.0
-0.93068927526474 -0.29277223348617554 -0.21932144463062286 -0.07361999899148941 0.28699928522109985 -0.9561442732810974 0.05847729742527008 1.1665287017822266 -0.22682346403598785 -0.008520904928445816 0.9738985896110535 5.418361663818359 0.0 0.0 0.0 1.0
-0.9164554476737976 -0.30987927317619324 -0.25314873456954956 -0.1276397854089737 0.3008583188056946 -0.9507442116737366 0.07463077455759048 1.1435346603393555 -0.26380622386932373 -0.007766121067106724 0.964544415473938 5.334949493408203 0.0 0.0 0.0 1.0
-0.9068049192428589 -0.3156694173812866 -0.27938807010650635 -0.18090218305587769 0.30402299761772156 -0.9488388299942017 0.08529306203126907 1.1247233152389526 -0.29201868176460266 -0.007596234325319529 0.9563824534416199 5.289295196533203 0.0 0.0 0.0 1.0
-0.8716013431549072 -0.3662461042404175 -0.3258448541164398 0.023724116384983063 0.3509567975997925 -0.9302757978439331 0.10684680193662643 0.9860209822654724 -0.3422578275203705 -0.02122964896261692 0.9393662214279175 5.180355548858643 0.0 0.0 0.0 1.0
-0.8615014553070068 -0.3807509243488312 -0.33592262864112854 0.020010752603411674 0.3651730716228485 -0.9242849349975586 0.11111254245042801 0.9726134538650513 -0.3527944087982178 -0.026946280151605606 0.935312807559967 5.168354511260986 0.0 0.0 0.0 1.0
-0.8416720628738403 -0.4047152101993561 -0.3574824333190918 -0.013818067498505116 0.38803020119667053 -0.9136930108070374 0.12082067877054214 0.9672679305076599 -0.37552717328071594 -0.03702259808778763 0.9260716438293457 5.146091461181641 0.0 0.0 0.0 1.0
-0.8256116509437561 -0.4219377338886261 -0.3746117949485779 -0.05374004691839218 0.40432673692703247 -0.9055008292198181 0.12879493832588196 0.9727373123168945 -0.3935547173023224 -0.045130956918001175 0.9181927442550659 5.128417015075684 0.0 0.0 0.0 1.0
-0.8076993823051453 -0.43999674916267395 -0.3924596905708313 -0.08945752680301666 0.42144128680229187 -0.8963578939437866 0.13758540153503418 0.9773294925689697 -0.4123214781284332 -0.054271064698696136 0.9094204902648926 5.111571788787842 0.0 0.0 0.0 1.0
-0.6884950399398804 -0.5425314903259277 -0.48128390312194824 0.013200805522501469 0.5260269641876221 -0.8304154872894287 0.18359136581420898 1.0619341135025024 -0.4992696940898895 -0.12676656246185303 0.8571231365203857 5.3149027824401855 0.0 0.0 0.0 1.0
-0.6687940955162048 -0.5555960536003113 -0.4939914047718048 0.05156445503234863 0.5400283932685852 -0.8197271227836609 0.1908319592475891 1.0945465564727783 -0.5109636187553406 -0.13914208114147186 0.8482662439346313 5.357625484466553 0.0 0.0 0.0 1.0
-0.6389772891998291 -0.5722209811210632 -0.5140731334686279 0.08792933821678162 0.5581740736961365 -0.8047605752944946 0.20199523866176605 1.131272315979004 -0.5292916893959045 -0.15787191689014435 0.8336226940155029 5.405308723449707 0.0 0.0 0.0 1.0
-0.6184046268463135 -0.5818127989768982 -0.5282703638076782 0.09649358689785004 0.5689268112182617 -0.7951822876930237 0.20977947115898132 1.1387232542037964 -0.5421236157417297 -0.17081858217716217 0.8227533102035522 5.418137550354004 0.0 0.0 0.0 1.0
-0.5973451137542725 -0.5905506014823914 -0.5426129698753357 0.08975990116596222 0.5792058110237122 -0.7856494784355164 0.21742941439151764 1.126293659210205 -0.5547066330909729 -0.1844041496515274 0.8113542199134827 5.4239277839660645 0.0 0.0 0.0 1.0
-0.467229425907135 -0.6369286179542542 -0.6132035255432129 0.12497100234031677 0.6345757842063904 -0.7245214581489563 0.26903945207595825 0.8667916059494019 -0.615638017654419 -0.2634209990501404 0.7426972389221191 5.203822135925293 0.0 0.0 0.0 1.0
-0.44530683755874634 -0.6445431709289551 -0.6215029358863831 0.17188216745853424 0.642448365688324 -0.7134906649589539 0.2796267867088318 0.817507266998291 -0.6236680746078491 -0.2747638523578644 0.7318080067634583 5.155953884124756 0.0 0.0 0.0 1.0
-0.41116586327552795 -0.6566281318664551 -0.6322832703590393 0.24135804176330566 0.6531436443328857 -0.6960713267326355 0.2981410622596741 0.7562143802642822 -0.6358820796012878 -0.2903864085674286 0.7150732278823853 5.08828592300415 0.0 0.0 0.0 1.0
-0.3879257142543793 -0.6645550727844238 -0.6386549472808838 0.2690463662147522 0.6590580344200134 -0.6843985915184021 0.31183505058288574 0.7215225100517273 -0.6443261504173279 -0.2999418377876282 0.7034761905670166 5.058608055114746 0.0 0.0 0.0 1.0
-0.36431431770324707 -0.6724645495414734 -0.644256591796875 0.2790974974632263 0.6642148494720459 -0.6725305318832397 0.3263761103153229 0.6933313608169556 -0.6527585983276367 -0.3090212941169739 0.6916733980178833 5.029914379119873 0.0 0.0 0.0 1.0
-0.2093236744403839 -0.7244537472724915 -0.6567726731300354 0.1636633425951004 0.6842542886734009 -0.5883347988128662 0.4308807849884033 0.7097804546356201 -0.6985554695129395 -0.359205961227417 0.6188629865646362 4.805690765380859 0.0 0.0 0.0 1.0
-0.1654713749885559 -0.7372746467590332 -0.6550155282020569 0.16359607875347137 0.6880193948745728 -0.5621466040611267 0.45893406867980957 0.7343430519104004 -0.7065752148628235 -0.3747229278087616 0.6002784371376038 4.752527236938477 0.0 0.0 0.0 1.0
-0.13420304656028748 -0.7451523542404175 -0.6532514691352844 0.1852312535047531 0.6906590461730957 -0.5430608987808228 0.47757190465927124 0.762529194355011 -0.7106191515922546 -0.38708245754241943 0.5875266790390015 4.717662334442139 0.0 0.0 0.0 1.0
-0.10233224928379059 -0.7522710561752319 -0.6508581638336182 0.2047559916973114 0.6932229995727539 -0.5231801867485046 0.4957059323787689 0.7890200018882751 -0.7134213447570801 -0.40046316385269165 0.5750297904014587 4.6908793449401855 0.0 0.0 0.0 1.0
-0.0695783719420433 -0.7583143711090088 -0.648165225982666 0.21690945327281952 0.6949720978736877 -0.5029706954956055 0.5138425827026367 0.8056480884552002 -0.7156623601913452 -0.41470444202423096 0.5620032548904419 4.677335262298584 0.0 0.0 0.0 1.0
0.12802714109420776 -0.7703975439071655 -0.6245772242546082 0.16086626052856445 0.6929323673248291 -0.3810664117336273 0.6120728254318237 0.8627792000770569 -0.7095447778701782 -0.5111516714096069 0.48504650592803955 4.714533805847168 0.0 0.0 0.0 1.0
0.1733090877532959 -0.7680038213729858 -0.6165501475334167 0.1076684445142746 0.6881378293037415 -0.3534308075904846 0.6336820721626282 0.8536111116409302 -0.7045781016349792 -0.5340943336486816 0.46723973751068115 4.702394485473633 0.0 0.0 0.0 1.0
0.2015955001115799 -0.7656323313713074 -0.6108734607696533 0.06769531965255737 0.6845716238021851 -0.3359154462814331 0.6469331383705139 0.8359415531158447 -0.7005147337913513 -0.5486054420471191 0.4564111530780792 4.692836761474609 0.0 0.0 0.0 1.0
0.2279903143644333 -0.7626895904541016 -0.6052479147911072 0.032867081463336945 0.6807817816734314 -0.3195451498031616 0.6591107845306396 0.8085082173347473 -0.6961009502410889 -0.5623126029968262 0.44637200236320496 4.6793999671936035 0.0 0.0 0.0 1.0
0.2534027695655823 -0.7589823603630066 -0.5997772812843323 0.013072053901851177 0.6775966286659241 -0.3032359480857849 0.6700080037117004 0.7818892002105713 -0.6903983354568481 -0.5761889815330505 0.4374430775642395 4.675833225250244 0.0 0.0 0.0 1.0
0.3859218657016754 -0.7273971438407898 -0.5674131512641907 0.19382843375205994 0.6619519591331482 -0.21006065607070923 0.7195096611976624 0.6040433645248413 -0.6425604224205017 -0.6532747745513916 0.4004349708557129 4.554323673248291 0.0 0.0 0.0 1.0
0.4080390930175781 -0.7210707068443298 -0.5599653124809265 0.21431347727775574 0.6560564637184143 -0.19495044648647308 0.7290982604026794 0.5835095643997192 -0.6348968744277954 -0.6648694276809692 0.3935156762599945 4.520570278167725 0.0 0.0 0.0 1.0
0.4316054582595825 -0.714131772518158 -0.551119327545166 0.23455968499183655 0.6487734913825989 -0.17874085903167725 0.7396922707557678 0.5659746527671814 -0.6267452836036682 -0.6768068075180054 0.38616424798965454 4.472239017486572 0.0 0.0 0.0 1.0
0.45596036314964294 -0.7062804102897644 -0.5415423512458801 0.25132712721824646 0.6402803063392639 -0.16232185065746307 0.7507947683334351 0.5536788702011108 -0.6181758046150208 -0.689071536064148 0.3782050907611847 4.443588733673096 0.0 0.0 0.0 1.0
0.48301103711128235 -0.6970507502555847 -0.5299250483512878 0.2578750252723694 0.6293894648551941 -0.1443638652563095 0.7635626792907715 0.5430048108100891 -0.6087439656257629 -0.702338457107544 0.3689870536327362 4.410427093505859 0.0 0.0 0.0 1.0
0.7090317010879517 -0.5767128467559814 -0.40580329298973083 0.25014209747314453 0.4950826168060303 -0.0026868924032896757 0.8688417673110962 0.4103711247444153 -0.5021625757217407 -0.8169425129890442 0.2836154103279114 4.211972713470459 0.0 0.0 0.0 1.0
0.7448573112487793 -0.5477454662322998 -0.3810019791126251 0.2647855579853058 0.4663442075252533 0.018990427255630493 0.8843994736671448 0.3985944092273712 -0.47719040513038635 -0.8364294767379761 0.2695830762386322 4.227086544036865 0.0 0.0 0.0 1.0
0.7790012359619141 -0.516208291053772 -0.3559299111366272 0.27528247237205505 0.43679431080818176 0.03950214758515358 0.8986936807632446 0.3941021263599396 -0.4498531222343445 -0.8555516004562378 0.2562490701675415 4.253081798553467 0.0 0.0 0.0 1.0
0.8107302784919739 -0.4830811321735382 -0.33067959547042847 0.27384352684020996 0.4063158333301544 0.05767625570297241 0.9119105935096741 0.4024687111377716 -0.42145445942878723 -0.8736738562583923 0.24304339289665222 4.302209377288818 0.0 0.0 0.0 1.0
0.8398360013961792 -0.44865238666534424 -0.3055920898914337 0.25015103816986084 0.375626802444458 0.07389400154352188 0.923820436000824 0.4225649833679199 -0.39189282059669495 -0.89064621925354 0.23058471083641052 4.339938163757324 0.0 0.0 0.0 1.0
0.9615039229393005 -0.22396688163280487 -0.15921370685100555 0.08506395667791367 0.1930416375398636 0.13818222284317017 0.9714116454124451 0.4737163782119751 -0.19556353986263275 -0.9647510051727295 0.17609769105911255 4.39992618560791 0.0 0.0 0.0 1.0
0.9727157950401306 -0.18736518919467926 -0.13681477308273315 0.08933699131011963 0.1650637984275818 0.14452341198921204 0.9756366610527039 0.46762463450431824 -0.16302742063999176 -0.971600353717804 0.17150741815567017 4.3990325927734375 0.0 0.0 0.0 1.0
0.9821460247039795 -0.14951688051223755 -0.11416598409414291 0.10395976155996323 0.13670207560062408 0.1503310650587082 0.979138970375061 0.46244481205940247 -0.12923510372638702 -0.9772641658782959 0.16808633506298065 4.389275550842285 0.0 0.0 0.0 1.0
0.9896275997161865 -0.11086639016866684 -0.09135574102401733 0.1325041651725769 0.10806203633546829 0.15548506379127502 0.9819098711013794 0.460987389087677 -0.09465634822845459 -0.9815971851348877 0.16585275530815125 4.370294570922852 0.0 0.0 0.0 1.0
0.9953099489212036 -0.06972571462392807 -0.06705579161643982 0.1699528992176056 0.077522411942482 0.16025900840759277 0.9840260744094849 0.4663291871547699 -0.057865630835294724 -0.9846092462539673 0.16491268575191498 4.34558629989624 0.0 0.0 0.0 1.0
0.9690778255462646 0.22603608667850494 0.09897394478321075 0.17289018630981445 -0.13672181963920593 0.15795709192752838 0.9779348969459534 0.565241277217865 0.20541495084762573 -0.9612269401550293 0.18397678434848785 4.543347358703613 0.0 0.0 0.0 1.0
0.9585446715354919 0.2605361342430115 0.11538191139698029 0.15429972112178802 -0.15836888551712036 0.15049326419830322 0.9758437871932983 0.6014903783798218 0.2368783801794052 -0.9536627531051636 0.18551534414291382 4.622553825378418 0.0 0.0 0.0 1.0
0.9478847980499268 0.2910527288913727 0.12962545454502106 0.13181918859481812 -0.17674274742603302 0.1418246179819107 0.973985493183136 0.6388794183731079 0.26509708166122437 -0.9461364150047302 0.1858748495578766 4.68855619430542 0.0 0.0 0.0 1.0
0.9376014471054077 0.3174368441104889 0.14190635085105896 0.11025672405958176 -0.19172142446041107 0.13149072229862213 0.9726011753082275 0.6726423501968384 0.29008010029792786 -0.9391187429428101 0.18414533138275146 4.765455722808838 0.0 0.0 0.0 1.0
0.9277189373970032 0.34047484397888184 0.15301771461963654 0.08966344594955444 -0.20452678203582764 0.12072500586509705 0.9713878035545349 0.70630943775177 0.3122600317001343 -0.9324710965156555 0.18163509666919708 4.821800708770752 0.0 0.0 0.0 1.0
0.8723227977752686 0.43267154693603516 0.22770202159881592 0.07802285254001617 -0.2741607129573822 0.04725002869963646 0.9605224132537842 0.9163718819618225 0.40483179688453674 -0.900312602519989 0.15983882546424866 5.1547722816467285 0.0 0.0 0.0 1.0
0.8639700412750244 0.4420703053474426 0.24110087752342224 0.06296330690383911 -0.2859169840812683 0.036545783281326294 0.9575572609901428 0.9550527334213257 0.41449642181396484 -0.8962355852127075 0.1579698622226715 5.168097019195557 0.0 0.0 0.0 1.0
0.8552361726760864 0.45134440064430237 0.2546748220920563 0.03698689118027687 -0.2977534830570221 0.025732947513461113 0.9542959332466125 0.9860008358955383 0.4241625964641571 -0.8919787406921387 0.15639711916446686 5.169628620147705 0.0 0.0 0.0 1.0
0.8458999991416931 0.4605506360530853 0.26897263526916504 0.006452962756156921 -0.31013092398643494 0.014458143152296543 0.9505839347839355 0.9874210953712463 0.43390318751335144 -0.887515664100647 0.15506114065647125 5.183034420013428 0.0 0.0 0.0 1.0
0.8355143666267395 0.47053062915802 0.2837546467781067 -0.011884192936122417 -0.32318297028541565 0.0031839970033615828 0.9463311433792114 0.9717695713043213 0.44437432289123535 -0.8823779225349426 0.1547277569770813 5.175930023193359 0.0 0.0 0.0 1.0
0.7430796027183533 0.5448556542396545 0.388542115688324 0.016399553045630455 -0.41984128952026367 -0.07256151735782623 0.9046922922134399 0.70424485206604 0.5211199522018433 -0.8353844285011292 0.17483392357826233 4.9052205085754395 0.0 0.0 0.0 1.0
0.7289068698883057 0.5540584325790405 0.40213680267333984 0.03961024805903435 -0.4329161047935486 -0.08201457560062408 0.8976955413818359 0.6425967812538147 0.5303568243980408 -0.8284279704093933 0.18007983267307281 4.873597145080566 0.0 0.0 0.0 1.0
0.7149595618247986 0.563232958316803 0.4142480194568634 0.05961574241518974 -0.445121169090271 -0.09022126346826553 0.890913724899292 0.5803273916244507 0.5391659736633301 -0.8213578462600708 0.18620236217975616 4.835540771484375 0.0 0.0 0.0 1.0
0.701708197593689 0.5712605714797974 0.4257546365261078 0.08326410502195358 -0.4564107060432434 -0.09843318164348602 0.8843077421188354 0.5251787900924683 0.5470784902572632 -0.8148449659347534 0.19165806472301483 4.830273151397705 0.0 0.0 0.0 1.0
0.689109742641449 0.5788668394088745 0.435936838388443 0.10638618469238281 -0.4664822518825531 -0.10600519925355911 0.8781555891036987 0.48166370391845703 0.5545467138290405 -0.8085023760795593 0.19698189198970795 4.834547996520996 0.0 0.0 0.0 1.0
0.5711387395858765 0.6509125232696533 0.5001134276390076 0.2601579427719116 -0.5333168506622314 -0.16889753937721252 0.8288828134536743 0.4545750021934509 0.6239981651306152 -0.7401260137557983 0.2506787180900574 4.692898750305176 0.0 0.0 0.0 1.0
0.540693998336792 0.6669240593910217 0.5127009749412537 0.289046972990036 -0.5464437007904053 -0.1849210411310196 0.816825270652771 0.4757281541824341 0.6395696401596069 -0.7218146920204163 0.2644507586956024 4.695690155029297 0.0 0.0 0.0 1.0
0.5056641697883606 0.6842131614685059 0.5255056023597717 0.311774879693985 -0.5602352619171143 -0.20279626548290253 0.8031252026557922 0.5032022595405579 0.6560794115066528 -0.7005184292793274 0.2807735204696655 4.699052810668945 0.0 0.0 0.0 1.0
0.46675848960876465 0.7011985182762146 0.5389407873153687 0.31913477182388306 -0.5743926167488098 -0.2230120301246643 0.7876158952713013 0.5386976003646851 0.6724653840065002 -0.6771900057792664 0.2986704707145691 4.717342853546143 0.0 0.0 0.0 1.0
0.42547616362571716 0.7170063257217407 0.552152156829834 0.3147677183151245 -0.5886656641960144 -0.24413001537322998 0.770631730556488 0.5731890797615051 0.6873447299003601 -0.6529183983802795 0.31820547580718994 4.746274471282959 0.0 0.0 0.0 1.0
0.17629723250865936 0.7618575692176819 0.623291552066803 0.16560348868370056 -0.657522439956665 -0.3800714910030365 0.6505458354949951 0.7265350818634033 0.7325186133384705 -0.5245175957679749 0.4339328706264496 5.013108730316162 0.0 0.0 0.0 1.0
0.14563384652137756 0.762312114238739 0.6306115984916687 0.15322498977184296 -0.6631109118461609 -0.39782586693763733 0.6340492963790894 0.7324127554893494 0.73421710729599 -0.5105044841766357 0.44756054878234863 5.018361568450928 0.0 0.0 0.0 1.0
0.1168435588479042 0.761878490447998 0.6370940208435059 0.15531501173973083 -0.6672353148460388 -0.41492959856987 0.6185713410377502 0.736626386642456 0.7356253266334534 -0.4973676800727844 0.4598703682422638 5.015091419219971 0.0 0.0 0.0 1.0
0.08946071565151215 0.760873019695282 0.642704427242279 0.17130623757839203 -0.669939398765564 -0.43152913451194763 0.6041223406791687 0.7347636222839355 0.7370061278343201 -0.48461824655532837 0.47113391757011414 4.998470306396484 0.0 0.0 0.0 1.0
0.0633736103773117 0.759556770324707 0.6473463177680969 0.19915644824504852 -0.6715626120567322 -0.44736263155937195 0.5906524658203125 0.7249535918235779 0.7382326126098633 -0.47216537594795227 0.48173898458480835 4.980678081512451 0.0 0.0 0.0 1.0
-0.11034217476844788 0.7488529682159424 0.653485894203186 0.4513269364833832 -0.6663733124732971 -0.5435665845870972 0.5103743076324463 0.5486161112785339 0.7374083995819092 -0.37914976477622986 0.5589939951896667 4.8016438484191895 0.0 0.0 0.0 1.0
-0.14230872690677643 0.7460092902183533 0.6505523324012756 0.4734082520008087 -0.6655255556106567 -0.558616042137146 0.49499887228012085 0.5478309392929077 0.7326827645301819 -0.3625165522098541 0.5759841799736023 4.762198448181152 0.0 0.0 0.0 1.0
-0.17663131654262543 0.7420320510864258 0.6466760039329529 0.4783758223056793 -0.6647039651870728 -0.574482798576355 0.4776380956172943 0.5433321595191956 0.7259269952774048 -0.3454822599887848 0.5947033166885376 4.726835250854492 0.0 0.0 0.0 1.0
-0.2129794806241989 0.7365720272064209 0.6419512033462524 0.4667154848575592 -0.6626448035240173 -0.5917217135429382 0.45909395813941956 0.5270566940307617 0.718012273311615 -0.32760804891586304 0.6141102313995361 4.684975624084473 0.0 0.0 0.0 1.0
-0.25147566199302673 0.7294290661811829 0.6361550092697144 0.4673101305961609 -0.6586344242095947 -0.6105887293815613 0.43975234031677246 0.4931762218475342 0.7091972231864929 -0.3084065914154053 0.6339752674102783 4.644922256469727 0.0 0.0 0.0 1.0
-0.530989944934845 0.6322735548019409 0.5641629695892334 0.6077033877372742 -0.5797547101974487 -0.7566313743591309 0.3023134768009186 0.3430023193359375 0.6180081963539124 -0.16655071079730988 0.7683272361755371 4.7036614418029785 0.0 0.0 0.0 1.0
-0.5732625126838684 0.6108080148696899 0.5461534857749939 0.5598089098930359 -0.5617795586585999 -0.7782174944877625 0.28067994117736816 0.35348770022392273 0.5964677929878235 -0.14591458439826965 0.7892624139785767 4.719979286193848 0.0 0.0 0.0 1.0
-0.613219141960144 0.5886385440826416 0.5267512798309326 0.4898046851158142 -0.5431155562400818 -0.7984080910682678 0.2599422335624695 0.3682563304901123 0.5735745429992676 -0.1266852617263794 0.8092979192733765 4.720856666564941 0.0 0.0 0.0 1.0
-0.6501392722129822 0.5661104917526245 0.5067917108535767 0.4185273349285126 -0.5239208936691284 -0.8170785903930664 0.24060222506523132 0.3811078369617462 0.5502961277961731 -0.10909383744001389 0.8278120160102844 4.716897010803223 0.0 0.0 0.0 1.0
-0.6833274364471436 0.5443835258483887 0.4865287244319916 0.35628074407577515 -0.5052136778831482 -0.8336330652236938 0.22319287061691284 0.3878019452095032 0.5270889401435852 -0.0932871475815773 0.8446743488311768 4.729793548583984 0.0 0.0 0.0 1.0
-0.8211809992790222 0.4330182671546936 0.3716947138309479 0.5553358197212219 -0.3923931121826172 -0.901373565196991 0.1831756830215454 0.5253552198410034 0.41435420513153076 0.0045699491165578365 0.9101042151451111 4.665359020233154 0.0 0.0 0.0 1.0
-0.836744487285614 0.41786104440689087 0.35390791296958923 0.6222277879714966 -0.3751874268054962 -0.9082379341125488 0.1853058934211731 0.590913712978363 0.3988647162914276 0.02227187529206276 0.916739284992218 4.641165733337402 0.0 0.0 0.0 1.0
-0.8526361584663391 0.4012223482131958 0.33471211791038513 0.6615322232246399 -0.35701289772987366 -0.9150911569595337 0.1874832808971405 0.646601676940918 0.3815145790576935 0.04035848379135132 0.9234813451766968 4.644135475158691 0.0 0.0 0.0 1.0
-0.8693737983703613 0.3821037709712982 0.3133462965488434 0.6806802749633789 -0.33746033906936646 -0.9222947359085083 0.18839576840400696 0.6998926401138306 0.3609843850135803 0.05804440379142761 0.9307637214660645 4.650425434112549 0.0 0.0 0.0 1.0
-0.8868309259414673 0.3596217632293701 0.2901776432991028 0.6730466485023499 -0.3158189654350281 -0.9301081299781799 0.1875026673078537 0.7512920498847961 0.33732661604881287 0.07463955879211426 0.9384240508079529 4.653838157653809 0.0 0.0 0.0 1.0
-0.9837467670440674 0.13898830115795135 0.113686203956604 0.29413944482803345 -0.12097661942243576 -0.980891764163971 0.15236787497997284 0.9183997511863708 0.13269121944904327 0.13613803684711456 0.981763482093811 4.845541954040527 0.0 0.0 0.0 1.0
-0.9912695288658142 0.09976928681135178 0.08620211482048035 0.2263312041759491 -0.08671357482671738 -0.98580002784729 0.14380207657814026 0.924373984336853 0.09932508319616318 0.13507172465324402 0.9858449101448059 4.908908367156982 0.0 0.0 0.0 1.0
-0.9962978363037109 0.06178060173988342 0.05978094041347504 0.15771113336086273 -0.053261417895555496 -0.9894292950630188 0.13488081097602844 0.9190486669540405 0.06748203188180923 0.13119745254516602 0.9890568256378174 4.98221492767334 0.0 0.0 0.0 1.0
-0.9990341663360596 0.026627106592059135 0.034953199326992035 0.09939850866794586 -0.022048136219382286 -0.9918598532676697 0.1254110336303711 0.9025869369506836 0.038008008152246475 0.12451925873756409 0.9914889335632324 5.062952041625977 0.0 0.0 0.0 1.0
-0.9999144077301025 -0.005400903057307005 0.01191862765699625 0.055068716406822205 0.00675582280382514 -0.993139386177063 0.11674120277166367 0.8818118572235107 0.011206350289285183 0.11681172251701355 0.9930908679962158 5.137317657470703 0.0 0.0 0.0 1.0
-0.9901911616325378 -0.11286001652479172 -0.08236566185951233 0.1422620564699173 0.10610063374042511 -0.9909442663192749 0.08229254186153412 0.6931436657905579 -0.09090732038021088 0.07274629920721054 0.993198812007904 5.2173895835876465 0.0 0.0 0.0 1.0
-0.989102840423584 -0.11757083237171173 -0.08861520141363144 0.2351231724023819 0.11048329621553421 -0.9905674457550049 0.08105266839265823 0.658146321773529 -0.09730876237154007 0.07037892937660217 0.9927627444267273 5.195962905883789 0.0 0.0 0.0 1.0