-0.9069449305534363 0.258082777261734 0.3329327404499054 0.2729387879371643 -0.2652533948421478 -0.9638651013374329 0.024589817970991135 1.0236231088638306 0.3272484838962555 -0.06600993871688843 0.942629873752594 11.952549934387207 0.0 0.0 0.0 1.0
-0.9097636342048645 0.2550863027572632 0.3275074064731598 0.25830918550491333 -0.2615458369255066 -0.964867889881134 0.024975623935461044 1.0359976291656494 0.32237231731414795 -0.06293628364801407 0.9445184469223022 11.956827163696289 0.0 0.0 0.0 1.0
-0.9159830212593079 0.24872201681137085 0.3148212432861328 0.22178518772125244 -0.2535823881626129 -0.9669607281684875 0.026133086532354355 1.0680450201034546 0.3109196424484253 -0.05589565634727478 0.9487911462783813 11.974983215332031 0.0 0.0 0.0 1.0
-0.922514021396637 0.24057352542877197 0.3018149137496948 0.18652547895908356 -0.24372531473636627 -0.9694464802742004 0.02777576446533203 1.1014984846115112 0.2992755174636841 -0.04793640226125717 0.9529618620872498 11.99851131439209 0.0 0.0 0.0 1.0
-0.9327191710472107 0.22703872621059418 0.2801576554775238 0.16079261898994446 -0.22793564200401306 -0.9732189774513245 0.0298348069190979 1.1472554206848145 0.2794284224510193 -0.036030419170856476 0.9594902396202087 12.022109985351562 0.0 0.0 0.0 1.0
-0.9757308959960938 0.13107290863990784 0.17541110515594482 0.35409557819366455 -0.12797296047210693 -0.9913559556007385 0.028919130563735962 1.186876654624939 0.17768535017967224 0.005769412964582443 0.9840704202651978 12.483912467956543 0.0 0.0 0.0 1.0
-0.9802637100219727 0.11765072494745255 0.1588754802942276 0.31957027316093445 -0.11514905840158463 -0.9930362701416016 0.02489367499947548 1.2075200080871582 0.16069787740707397 0.00610800227150321 0.9869847297668457 12.552373886108398 0.0 0.0 0.0 1.0
-0.9857536554336548 0.09694135189056396 0.13744834065437317 0.3561212122440338 -0.09552379697561264 -0.9952839016914368 0.016888020560145378 1.2058947086334229 0.13843727111816406 0.003517840290442109 0.9903649687767029 12.690417289733887 0.0 0.0 0.0 1.0
-0.9888563752174377 0.08439557254314423 0.12263954430818558 0.42451751232147217 -0.08345521241426468 -0.9964293837547302 0.012793666683137417 1.1969071626663208 0.12328137457370758 0.0024161895271390676 0.9923688173294067 12.815409660339355 0.0 0.0 0.0 1.0
-0.9925183653831482 0.06702396273612976 0.10205408930778503 0.5374507308006287 -0.06645067781209946 -0.9977490305900574 0.00901069212704897 1.1248674392700195 0.10242829471826553 0.002161715179681778 0.9947380423545837 13.042580604553223 0.0 0.0 0.0 1.0
-0.999617338180542 -0.009760419838130474 -0.02588309347629547 0.6576235294342041 0.00977240689098835 -0.9999521970748901 -0.00033666149829514325 0.9290098547935486 -0.02587856911122799 -0.0005894727655686438 0.9996649026870728 13.156413078308105 0.0 0.0 0.0 1.0
-0.9973704814910889 -0.027778057381510735 -0.06693684309720993 0.4718242287635803 0.02777574397623539 -0.9996137022972107 0.0009653925662860274 0.8668086528778076 -0.06693780422210693 -0.0008963664877228439 0.9977567195892334 13.137558937072754 0.0 0.0 0.0 1.0
-0.9945489764213562 -0.040514469146728516 -0.09607745707035065 0.35961228609085083 0.040470536798238754 -0.9991778135299683 0.002406675834208727 0.8155659437179565 -0.096095971763134 -0.0014947493327781558 0.9953709244728088 13.150416374206543 0.0 0.0 0.0 1.0
-0.9881786108016968 -0.06116632744669914 -0.1405762881040573 0.16326850652694702 0.06069199740886688 -0.9981271028518677 0.007662999909371138 0.7252624034881592 -0.1407817155122757 -0.0009594426956027746 0.9900401830673218 13.205499649047852 0.0 0.0 0.0 1.0
-0.9794419407844543 -0.08287342637777328 -0.1839170604944229 -0.03980410471558571 0.08194530010223389 -0.9965564608573914 0.012654528021812439 0.6505110859870911 -0.1843324601650238 -0.0026767628733068705 0.9828603267669678 13.25511360168457 0.0 0.0 0.0 1.0
-0.9235453009605408 -0.1907901167869568 -0.33266085386276245 -0.5058962106704712 0.18707168102264404 -0.9813829064369202 0.04349473491311073 0.6948327422142029 -0.3347660303115845 -0.022062066942453384 0.9420429468154907 12.98719596862793 0.0 0.0 0.0 1.0
-0.9160352349281311 -0.20271842181682587 -0.34609925746917725 -0.5474445223808289 0.1990462690591812 -0.978884756565094 0.04653170332312584 0.6522763967514038 -0.34822413325309753 -0.026265082880854607 0.937043309211731 12.865344047546387 0.0 0.0 0.0 1.0
-0.9051807522773743 -0.22206351161003113 -0.3624025583267212 -0.5858907103538513 0.21828551590442657 -0.9745031595230103 0.05191393569111824 0.5887712836265564 -0.3646906316280365 -0.032115738838911057 0.9305747151374817 12.658764839172363 0.0 0.0 0.0 1.0
-0.8977407813072205 -0.23431217670440674 -0.3730406165122986 -0.6019028425216675 0.230035662651062 -0.9715324640274048 0.056641288101673126 0.5329902768135071 -0.37569281458854675 -0.034963447600603104 0.9260844588279724 12.498948097229004 0.0 0.0 0.0 1.0
-0.8866451978683472 -0.2543202340602875 -0.3862402141094208 -0.5386431217193604 0.2510458528995514 -0.9661232233047485 0.05984899029135704 0.4173593521118164 -0.3883764445781708 -0.043899182230234146 0.9204545617103577 12.323124885559082 0.0 0.0 0.0 1.0
-0.8322919011116028 -0.32521185278892517 -0.44891801476478577 0.18419793248176575 0.3199309706687927 -0.9431471228599548 0.09009812027215958 -0.04565659537911415 -0.45269671082496643 -0.06863483786582947 0.8890190720558167 11.959344863891602 0.0 0.0 0.0 1.0
-0.8150327801704407 -0.3408891558647156 -0.4685255289077759 0.219059556722641 0.33614063262939453 -0.9368169903755188 0.09686794131994247 -0.03270073980093002 -0.4719438850879669 -0.07853991538286209 0.8781232237815857 12.011720657348633 0.0 0.0 0.0 1.0
-0.8021042943000793 -0.3499273359775543 -0.48392102122306824 0.2367614209651947 0.34619131684303284 -0.9327479600906372 0.10066202282905579 0.029781300574541092 -0.48660072684288025 -0.08678781241178513 0.8693029284477234 12.087421417236328 0.0 0.0 0.0 1.0
-0.7798705101013184 -0.3612227141857147 -0.5111948251724243 0.2545979917049408 0.35796409845352173 -0.9273313879966736 0.10917071998119354 0.11992821842432022 -0.5134819746017456 -0.09785038977861404 0.8525031208992004 12.207807540893555 0.0 0.0 0.0 1.0
-0.7618486285209656 -0.36852583289146423 -0.5327057242393494 0.25547197461128235 0.36745166778564453 -0.9231381416320801 0.11311628669500351 0.14298686385154724 -0.5334472060203552 -0.1095661073923111 0.8387069702148438 12.299195289611816 0.0 0.0 0.0 1.0
-0.5780239105224609 -0.4216279983520508 -0.6986545920372009 0.11666595935821533 0.4409356415271759 -0.8817991614341736 0.16735003888607025 -0.19618384540081024 -0.6866324543952942 -0.211329385638237 0.6956117749214172 12.704437255859375 0.0 0.0 0.0 1.0
-0.5607646107673645 -0.42435625195503235 -0.7109604477882385 0.0561348982155323 0.44788265228271484 -0.8776664137840271 0.17059527337551117 -0.20904064178466797 -0.6963793039321899 -0.2227630615234375 0.6822261214256287 12.671164512634277 0.0 0.0 0.0 1.0
-0.5351791381835938 -0.42844823002815247 -0.7280215620994568 0.011628554202616215 0.4576534330844879 -0.8714504241943359 0.17642997205257416 -0.30788537859916687 -0.7100258469581604 -0.23875993490219116 0.6624628305435181 12.610526084899902 0.0 0.0 0.0 1.0
-0.5173924565315247 -0.43222925066947937 -0.738568127155304 0.051821622997522354 0.4659549593925476 -0.8662007451057434 0.180505633354187 -0.40025794506073 -0.7177680730819702 -0.2507472336292267 0.6495651006698608 12.496465682983398 0.0 0.0 0.0 1.0
-0.48933830857276917 -0.4404437839984894 -0.7526999711990356 0.15125800669193268 0.48057347536087036 -0.8564109802246094 0.18870452046394348 -0.47953110933303833 -0.7277342677116394 -0.26938727498054504 0.6307402849197388 12.275145530700684 0.0 0.0 0.0 1.0
-0.3547718822956085 -0.4973442256450653 -0.7916979193687439 0.5843369960784912 0.5439757108688354 -0.7984998822212219 0.2578533887863159 -0.2548835873603821 -0.7604125738143921 -0.33918532729148865 0.5538284778594971 11.616562843322754 0.0 0.0 0.0 1.0
-0.325687974691391 -0.5071560144424438 -0.7979474663734436 0.5614534616470337 0.5538375973701477 -0.7863439321517944 0.27372828125953674 -0.35717257857322693 -0.7662840485572815 -0.35278329253196716 0.5369848012924194 11.721549034118652 0.0 0.0 0.0 1.0
-0.3050907850265503 -0.5150949358940125 -0.8009973764419556 0.5687461495399475 0.5640016794204712 -0.7754561305046082 0.283848375082016 -0.4291914403438568 -0.7673472166061401 -0.3651643395423889 0.5270988941192627 11.766754150390625 0.0 0.0 0.0 1.0
-0.2706238329410553 -0.5260007977485657 -0.8062790632247925 0.5102403163909912 0.5753011703491211 -0.7598924040794373 0.3026418685913086 -0.5082929134368896 -0.7718752026557922 -0.3819511830806732 0.508253812789917 11.805248260498047 0.0 0.0 0.0 1.0
-0.24498122930526733 -0.5316459536552429 -0.8107630610466003 0.4846639037132263 0.5827922821044922 -0.7490505576133728 0.3150816261768341 -0.5246073603630066 -0.7748143672943115 -0.3953173756599426 0.49334248900413513 11.751501083374023 0.0 0.0 0.0 1.0
0.04300885647535324 -0.5548492074012756 -0.8308385014533997 0.1247737929224968 0.6214525103569031 -0.6362873315811157 0.4570942521095276 -0.8064668774604797 -0.7822704315185547 -0.5359857678413391 0.31744644045829773 11.206522941589355 0.0 0.0 0.0 1.0
0.07918398827314377 -0.5519304871559143 -0.8301220536231995 0.048878803849220276 0.6219375133514404 -0.6234369277954102 0.4738355576992035 -0.832091212272644 -0.7790530323982239 -0.5538042187690735 0.2939000427722931 11.179952621459961 0.0 0.0 0.0 1.0
0.1308314949274063 -0.5439697504043579 -0.8288425803184509 -0.07076169550418854 0.620963454246521 -0.6067586541175842 0.49623408913612366 -0.9226958751678467 -0.7728437781333923 -0.5796040296554565 0.2584021985530853 11.178459167480469 0.0 0.0 0.0 1.0
0.16441896557807922 -0.5377991199493408 -0.8268848061561584 -0.1572284996509552 0.6174755096435547 -0.5976070761680603 0.5114585161209106 -1.0063806772232056 -0.7692141532897949 -0.5946745872497559 0.2338198572397232 11.169522285461426 0.0 0.0 0.0 1.0
0.21460005640983582 -0.5261362195014954 -0.8228775858879089 -0.26415345072746277 0.6120567321777344 -0.5841185450553894 0.5330967307090759 -1.1323214769363403 -0.7611395120620728 -0.6180503368377686 0.19667334854602814 11.149980545043945 0.0 0.0 0.0 1.0
0.4650501012802124 -0.45645686984062195 -0.7585351467132568 0.05828876048326492 0.5557886362075806 -0.5163894295692444 0.6514913439750671 -1.8595858812332153 -0.6890771985054016 -0.7245612740516663 0.013546561822295189 11.323003768920898 0.0 0.0 0.0 1.0
0.5179408192634583 -0.444315105676651 -0.730972945690155 -0.09508265554904938 0.5332803726196289 -0.5004281997680664 0.682043731212616 -1.8943372964859009 -0.6688417792320251 -0.7430717945098877 -0.022247644141316414 11.293570518493652 0.0 0.0 0.0 1.0
0.5527755618095398 -0.43419697880744934 -0.711275041103363 -0.1927899867296219 0.518231987953186 -0.4892997145652771 0.7014423608779907 -1.8861292600631714 -0.652590811252594 -0.7563456892967224 -0.045458171516656876 11.30118179321289 0.0 0.0 0.0 1.0
0.6044216752052307 -0.4190200865268707 -0.6775667071342468 -0.3652442693710327 0.4921129047870636 -0.4724612534046173 0.7311670780181885 -1.8852287530899048 -0.6264976859092712 -0.7753725051879883 -0.07936061918735504 11.30637264251709 0.0 0.0 0.0 1.0
0.6392669081687927 -0.4068385660648346 -0.6525489687919617 -0.5028656721115112 0.4738970398902893 -0.4598684310913086 0.7509611248970032 -1.9087088108062744 -0.6056066155433655 -0.7893056273460388 -0.1011790856719017 11.3486328125 0.0 0.0 0.0 1.0
0.8211609721183777 -0.2992144227027893 -0.4859684705734253 -0.5247481465339661 0.3576173186302185 -0.39382845163345337 0.8467638492584229 -1.4817293882369995 -0.44475215673446655 -0.869120180606842 -0.21639229357242584 12.107941627502441 0.0 0.0 0.0 1.0
0.8419349193572998 -0.27892035245895386 -0.46189719438552856 -0.6052267551422119 0.341015487909317 -0.38833916187286377 0.8560964465141296 -1.4394649267196655 -0.4181554913520813 -0.8782916069030762 -0.23184016346931458 12.496292114257812 0.0 0.0 0.0 1.0
0.8553677201271057 -0.2644653022289276 -0.44542577862739563 -0.6233170628547668 0.3295794129371643 -0.38554859161376953 0.8618176579475403 -1.4059664011001587 -0.3996541500091553 -0.8839741945266724 -0.24262350797653198 12.701740264892578 0.0 0.0 0.0 1.0
0.8746508955955505 -0.23918072879314423 -0.42163774371147156 -0.621884286403656 0.31461232900619507 -0.3816329538822174 0.8691233396530151 -1.3575774431228638 -0.3687884211540222 -0.8928319215774536 -0.258546382188797 13.147461891174316 0.0 0.0 0.0 1.0
0.8867068290710449 -0.22090362012386322 -0.4061436057090759 -0.5644434690475464 0.30547094345092773 -0.3794810175895691 0.8733164668083191 -1.2956528663635254 -0.3470425605773926 -0.8984407186508179 -0.2690087556838989 13.41105842590332 0.0 0.0 0.0 1.0
0.9573972225189209 -0.08557899296283722 -0.2758021354675293 -0.36279016733169556 0.227785125374794 -0.36323514580726624 0.9034236073493958 -0.42941048741340637 -0.1774951070547104 -0.9277588129043579 -0.3282666802406311 14.634881019592285 0.0 0.0 0.0 1.0
0.9640597105026245 -0.07362009584903717 -0.2552821934223175 -0.3989984691143036 0.21227452158927917 -0.36439186334609985 0.9067293405532837 -0.368098646402359 -0.1597762554883957 -0.9283311367034912 -0.33566781878471375 14.691972732543945 0.0 0.0 0.0 1.0
0.9734853506088257 -0.05722205713391304 -0.22147655487060547 -0.4921051561832428 0.18577495217323303 -0.3671509623527527 0.9114207625389099 -0.3564692735671997 -0.13346870243549347 -0.9283996224403381 -0.34678566455841064 14.790947914123535 0.0 0.0 0.0 1.0
0.9791889786720276 -0.044670362025499344 -0.19797348976135254 -0.5221487879753113 0.16784009337425232 -0.3701767027378082 0.9136732816696167 -0.3861554265022278 -0.11409928649663925 -0.9278867244720459 -0.35497546195983887 14.861419677734375 0.0 0.0 0.0 1.0
0.9866852164268494 -0.02542896568775177 -0.16064129769802094 -0.4595845639705658 0.13955390453338623 -0.3748875558376312 0.9165064096450806 -0.4417513310909271 -0.08352823555469513 -0.926721453666687 -0.3663473129272461 14.92625617980957 0.0 0.0 0.0 1.0
0.9989084601402283 0.046598851680755615 0.003232597839087248 0.41038691997528076 0.01519564725458622 -0.38961905241012573 0.9208507537841797 -0.8232887387275696 0.044170066714286804 -0.9197964668273926 -0.38990187644958496 14.771810531616211 0.0 0.0 0.0 1.0
0.9976730942726135 0.05996059253811836 0.03245193138718605 0.31882810592651367 -0.006608133669942617 -0.38869792222976685 0.9213415384292603 -0.8330165147781372 0.06785818189382553 -0.9194121360778809 -0.38739722967147827 14.69505786895752 0.0 0.0 0.0 1.0
0.9962472319602966 0.07015769183635712 0.05068879947066307 0.26179805397987366 -0.019539210945367813 -0.3882211744785309 0.9213590621948242 -0.798873245716095 0.08431889116764069 -0.9188918471336365 -0.3853934407234192 14.580643653869629 0.0 0.0 0.0 1.0
0.9933269023895264 0.08450575917959213 0.0784885361790657 0.19595472514629364 -0.03992925584316254 -0.3864744007587433 0.9214354157447815 -0.6720990538597107 0.10820040851831436 -0.9184205532073975 -0.38052117824554443 14.32544994354248 0.0 0.0 0.0 1.0
0.9887176752090454 0.10234487801790237 0.10937511175870895 0.09845943748950958 -0.06207260116934776 -0.3845979571342468 0.9209948182106018 -0.5275682806968689 0.13632453978061676 -0.9173930287361145 -0.3739059865474701 14.0426025390625 0.0 0.0 0.0 1.0
0.9498341679573059 0.1934526264667511 0.2457459717988968 0.016728829592466354 -0.16262508928775787 -0.3656753599643707 0.9164249300956726 0.03302835673093796 0.26714804768562317 -0.9104161858558655 -0.3158707022666931 13.344254493713379 0.0 0.0 0.0 1.0
0.9431275725364685 0.20451276004314423 0.2620781362056732 -0.007373393513262272 -0.17567867040634155 -0.36266425251960754 0.9152112603187561 -0.008131535723805428 0.2822187542915344 -0.909202516078949 -0.30611011385917664 13.327964782714844 0.0 0.0 0.0 1.0
0.931868314743042 0.22077277302742004 0.28789037466049194 -0.06455526500940323 -0.1962520182132721 -0.3606548309326172 0.9118186235427856 -0.053861699998378754 0.30513378977775574 -0.9061939716339111 -0.29275569319725037 13.285842895507812 0.0 0.0 0.0 1.0
0.9193981885910034 0.2341926097869873 0.3160075545310974 -0.11861784011125565 -0.21981506049633026 -0.360314279794693 0.9065621495246887 -0.10489518195390701 0.32617220282554626 -0.9029548168182373 -0.27979323267936707 13.156623840332031 0.0 0.0 0.0 1.0
0.91002357006073 0.24254092574119568 0.3362008035182953 -0.1102181151509285 -0.23683133721351624 -0.36145371198654175 0.9018104672431946 -0.16203106939792633 0.3402469754219055 -0.9002916812896729 -0.27149009704589844 13.032394409179688 0.0 0.0 0.0 1.0
0.7991904616355896 0.3140546679496765 0.5125077962875366 0.2580440938472748 -0.3877844214439392 -0.38207998871803284 0.8388314247131348 -0.8968904614448547 0.45925790071487427 -0.8691285848617554 -0.18356917798519135 12.502874374389648 0.0 0.0 0.0 1.0
0.7694594860076904 0.3337387144565582 0.5445646047592163 0.17904625833034515 -0.41375240683555603 -0.38906624913215637 0.8230652213096619 -0.9866145849227905 0.4865604639053345 -0.8586302399635315 -0.16128551959991455 12.432453155517578 0.0 0.0 0.0 1.0
0.7482265830039978 0.34716710448265076 0.5653600692749023 0.05468878895044327 -0.43085336685180664 -0.3937390446662903 0.8119944334030151 -0.9940726161003113 0.5045020580291748 -0.8511431217193604 -0.14502792060375214 12.331563949584961 0.0 0.0 0.0 1.0
0.7160335183143616 0.36780110001564026 0.5933113098144531 -0.13067059218883514 -0.452796995639801 -0.40216565132141113 0.795762300491333 -0.9660768508911133 0.5312917232513428 -0.8384420871734619 -0.1214248538017273 12.168992042541504 0.0 0.0 0.0 1.0
0.6816753149032593 0.39031603932380676 0.6188474297523499 -0.298305481672287 -0.47240200638771057 -0.41108936071395874 0.7796421647071838 -0.8772681355476379 0.5587084293365479 -0.8238075971603394 -0.09584339708089828 12.021039009094238 0.0 0.0 0.0 1.0
0.5369055271148682 0.4906199872493744 0.6863122582435608 -0.27393901348114014 -0.5315779447555542 -0.4349631369113922 0.7267956733703613 -0.6573302149772644 0.6551010012626648 -0.7550490498542786 0.0272686704993248 12.069591522216797 0.0 0.0 0.0 1.0
0.5195216536521912 0.5008767247200012 0.6922570466995239 -0.26766395568847656 -0.5376164317131042 -0.4380931854248047 0.7204463481903076 -0.6878645420074463 0.6641278862953186 -0.7464562058448792 0.04168066754937172 12.101750373840332 0.0 0.0 0.0 1.0
0.4921967685222626 0.5159407258033752 0.7011045217514038 -0.2880152761936188 -0.5458847880363464 -0.44442513585090637 0.7102789282798767 -0.6988027095794678 0.6780502796173096 -0.7323192358016968 0.06289956718683243 12.093876838684082 0.0 0.0 0.0 1.0
0.4717532992362976 0.5254462957382202 0.7080642580986023 -0.31875211000442505 -0.5521278381347656 -0.4500683546066284 0.7018499374389648 -0.6764757633209229 0.6874617338180542 -0.7220420241355896 0.07779228687286377 12.045598983764648 0.0 0.0 0.0 1.0
0.43615487217903137 0.5381895303726196 0.7211941480636597 -0.3816439211368561 -0.5649954080581665 -0.460001677274704 0.6849661469459534 -0.6371998190879822 0.7003921270370483 -0.7062227129936218 0.10344263166189194 11.902630805969238 0.0 0.0 0.0 1.0
0.1835208386182785 0.5793300867080688 0.7941641807556152 -0.09829022735357285 -0.6402851343154907 -0.5425595641136169 0.543749988079071 -0.9141664505004883 0.7458921074867249 -0.6082809567451477 0.2713654637336731 11.587775230407715 0.0 0.0 0.0 1.0
0.12823042273521423 0.5834615230560303 0.8019536137580872 -0.10147998481988907 -0.6506170630455017 -0.5608072280883789 0.512047529220581 -1.1183637380599976 0.7485014200210571 -0.5874247550964355 0.30769747495651245 11.554811477661133 0.0 0.0 0.0 1.0
0.09237587451934814 0.5858371257781982 0.8051469326019287 -0.1906706988811493 -0.6542962193489075 -0.5738111734390259 0.492582231760025 -1.1959861516952515 0.7505752444267273 -0.572307288646698 0.33030471205711365 11.513587951660156 0.0 0.0 0.0 1.0
0.042068928480148315 0.5887741446495056 0.8072021007537842 -0.31782299280166626 -0.6595338582992554 -0.5905115604400635 0.4650926887989044 -1.2309792041778564 0.7504966855049133 -0.5519430637359619 0.3634742796421051 11.404019355773926 0.0 0.0 0.0 1.0
0.010792896151542664 0.5891423225402832 0.8079572319984436 -0.3699970543384552 -0.6620315909385681 -0.6013422012329102 0.4473273456096649 -1.2965883016586304 0.7493982315063477 -0.5397211313247681 0.3835406005382538 11.368163108825684 0.0 0.0 0.0 1.0
-0.21143698692321777 0.6051772832870483 0.7674990892410278 0.07988081872463226 -0.6450531482696533 -0.6763525605201721 0.3556031882762909 -1.3490898609161377 0.7343029379844666 -0.41989004611968994 0.533377468585968 11.206984519958496 0.0 0.0 0.0 1.0
-0.23877927660942078 0.605532169342041 0.7591543197631836 0.08445312827825546 -0.640842080116272 -0.6856232285499573 0.3453146517276764 -1.335854411125183 0.7295929193496704 -0.4040440618991852 0.551763117313385 11.24909782409668 0.0 0.0 0.0 1.0
-0.283242404460907 0.6036055088043213 0.745274543762207 -0.02387375757098198 -0.6325730681419373 -0.7016727924346924 0.32788193225860596 -1.3520631790161133 0.7208502292633057 -0.3785705268383026 0.5805680751800537 11.327362060546875 0.0 0.0 0.0 1.0
-0.3148248791694641 0.6002437472343445 0.7352501153945923 -0.15292592346668243 -0.625686764717102 -0.7137450575828552 0.314776211977005 -1.382476568222046 0.7137235999107361 -0.3609369099140167 0.6002692580223083 11.407164573669434 0.0 0.0 0.0 1.0
-0.3651350438594818 0.5907305479049683 0.7195233106613159 -0.3569405972957611 -0.6130273342132568 -0.7342337369918823 0.2917161285877228 -1.4359387159347534 0.7006239295005798 -0.3345716595649719 0.6302284598350525 11.497110366821289 0.0 0.0 0.0 1.0
-0.6302711963653564 0.48835664987564087 0.6035445332527161 -0.204404816031456 -0.49942249059677124 -0.8502246141433716 0.16641895473003387 -1.957953929901123 0.5944202542304993 -0.1965346336364746 0.7797683477401733 11.166352272033691 0.0 0.0 0.0 1.0
-0.6725690960884094 0.460759699344635 0.5790952444076538 -0.009861080907285213 -0.47077447175979614 -0.8701593279838562 0.1455821990966797 -1.9764013290405273 0.5709835290908813 -0.17470915615558624 0.8021561503410339 11.110552787780762 0.0 0.0 0.0 1.0
-0.6982119679450989 0.44335612654685974 0.5620813369750977 0.11348535865545273 -0.45322635769844055 -0.8815187811851501 0.13232731819152832 -2.012322425842285 0.5541533827781677 -0.16235755383968353 0.8164276480674744 11.066688537597656 0.0 0.0 0.0 1.0
-0.7334306836128235 0.4164629280567169 0.5372505187988281 0.19369003176689148 -0.4273563027381897 -0.8971172571182251 0.11201450228691101 -2.079655170440674 0.528626561164856 -0.1474425196647644 0.8359513282775879 11.106061935424805 0.0 0.0 0.0 1.0
-0.7554417848587036 0.3969368040561676 0.521295428276062 0.14810365438461304 -0.4099555015563965 -0.9069837331771851 0.09652440994977951 -2.0912888050079346 0.5111205577850342 -0.14078935980796814 0.847899854183197 11.198776245117188 0.0 0.0 0.0 1.0
-0.8909085988998413 0.25869932770729065 0.3733048737049103 0.04432063177227974 -0.2885737419128418 -0.9571203589439392 -0.02541200816631317 -2.5141072273254395 0.35072362422943115 -0.1303657591342926 0.9273605942726135 12.750059127807617 0.0 0.0 0.0 1.0
-0.9041522145271301 0.2432679831981659 0.3511829674243927 0.013925460167229176 -0.27203530073165894 -0.9616788029670715 -0.03421483561396599 -2.4562606811523438 0.3294018507003784 -0.12646958231925964 0.9356815218925476 12.831241607666016 0.0 0.0 0.0 1.0
-0.9224674701690674 0.22060644626617432 0.3168383240699768 -0.020864076912403107 -0.24775810539722443 -0.9676523804664612 -0.04759039357304573 -2.2820167541503906 0.29609060287475586 -0.12239985167980194 0.9472848773002625 12.892256736755371 0.0 0.0 0.0 1.0
-0.9336397647857666 0.20711395144462585 0.2922680079936981 0.02371346578001976 -0.232801154255867 -0.9709320068359375 -0.05562995374202728 -2.1523168087005615 0.27225062251091003 -0.11997866630554199 0.9547170996665955 12.868145942687988 0.0 0.0 0.0 1.0
-0.950590193271637 0.18426431715488434 0.24984976649284363 0.044102586805820465 -0.2071906328201294 -0.9758949875831604 -0.06856424361467361 -2.066243886947632 0.2311931848526001 -0.11694303154945374 0.9658540487289429 12.901198387145996 0.0 0.0 0.0 1.0
-0.9981597065925598 0.04870646074414253 0.03612260892987251 -0.3102591037750244 -0.052540626376867294 -0.992072582244873 -0.11415543407201767 -1.5879428386688232 0.030276143923401833 -0.1158432587981224 0.9928059577941895 12.905887603759766 0.0 0.0 0.0 1.0
-0.9995416402816772 0.02974405698478222 0.005639066454023123 -0.31310510635375977 -0.030208079144358635 -0.9921886324882507 -0.12103386223316193 -1.497591257095337 0.0019949795678257942 -0.1211487352848053 0.9926323890686035 12.8076810836792 0.0 0.0 0.0 1.0
-0.9997426867485046 0.019620833918452263 -0.011381576769053936 -0.23784519731998444 -0.018037641420960426 -0.9919195771217346 -0.12557920813560486 -1.5310766696929932 -0.013753578066825867 -0.12534159421920776 0.9920182824134827 12.778390884399414 0.0 0.0 0.0 1.0
-0.999498724937439 0.005223443731665611 -0.03122549131512642 -0.07602867484092712 -0.0010768005158752203 -0.9913336038589478 -0.13136428594589233 -1.646164894104004 -0.031641051173210144 -0.1312648057937622 0.9908422827720642 12.818107604980469 0.0 0.0 0.0 1.0
-0.9990418553352356 -0.003084891941398382 -0.04365610331296921 0.07054579257965088 0.008924441412091255 -0.990912914276123 -0.13420875370502472 -1.7352511882781982 -0.04284537583589554 -0.13446976244449615 0.9899910092353821 12.881057739257812 0.0 0.0 0.0 1.0
-0.9909226894378662 -0.06216684356331825 -0.11919543147087097 1.3441580533981323 0.07615235447883606 -0.9902531504631042 -0.11661671847105026 -1.5416626930236816 -0.11078396439552307 -0.12463515996932983 0.9859984517097473 13.474013328552246 0.0 0.0 0.0 1.0