-0.9999022483825684 0.011940380558371544 0.007276071235537529 -0.2303159534931183 -0.0109849339351058 -0.9927631616592407 0.11958517879247665 2.1826255321502686 0.0086513077840209 0.11949355900287628 0.9927972555160522 22.04654884338379 0.0 0.0 0.0 1.0
-0.9998883605003357 0.014210973866283894 0.004613951314240694 -0.24640057981014252 -0.01354894693940878 -0.9925692081451416 0.12092465162277222 2.2144358158111572 0.006298122927546501 0.1208486407995224 0.9926509857177734 22.025941848754883 0.0 0.0 0.0 1.0
-0.9998589158058167 0.01639549434185028 0.00364561821334064 -0.2343750149011612 -0.015816474333405495 -0.9921432137489319 0.12410351634025574 2.2180228233337402 0.005651713814586401 0.12402834743261337 0.992262601852417 21.941246032714844 0.0 0.0 0.0 1.0
-0.9997603297233582 0.021008992567658424 0.006155691109597683 -0.14720048010349274 -0.020085416734218597 -0.9920978546142578 0.12384834885597229 2.1175193786621094 0.00870897714048624 0.12369503080844879 0.9922820925712585 21.937402725219727 0.0 0.0 0.0 1.0
-0.9995894432067871 0.026885632425546646 0.00990554504096508 -0.08441998809576035 -0.025506744161248207 -0.9924681782722473 0.11981803923845291 2.01104736328125 0.013052321970462799 0.11951618641614914 0.9927464723587036 21.922080993652344 0.0 0.0 0.0 1.0
-0.9968470931053162 0.06223007291555405 0.04922663792967796 -0.7165166735649109 -0.05620170757174492 -0.9917072057723999 0.11557768285274506 1.9354275465011597 0.05601081997156143 0.11244665831327438 0.9920778870582581 22.129270553588867 0.0 0.0 0.0 1.0
-0.9963473677635193 0.06699256598949432 0.05295174941420555 -1.060272455215454 -0.06044641137123108 -0.9913136959075928 0.11680490523576736 1.9119786024093628 0.06031685322523117 0.11317752301692963 0.9917422533035278 22.25697135925293 0.0 0.0 0.0 1.0
-0.9961600303649902 0.06712181121110916 0.05621249973773956 -1.409982681274414 -0.05999304726719856 -0.9909467101097107 0.12010613083839417 2.0169520378112793 0.06376533210277557 0.11627256870269775 0.9911683201789856 22.36795425415039 0.0 0.0 0.0 1.0
-0.9950536489486694 0.07072161138057709 0.06976168602705002 -1.5674346685409546 -0.061440687626600266 -0.9899691343307495 0.12722498178482056 2.185357093811035 0.07805947214365005 0.12230948358774185 0.989417552947998 22.33529281616211 0.0 0.0 0.0 1.0
-0.9920026659965515 0.08601010590791702 0.09237419813871384 -1.5185307264328003 -0.07341290265321732 -0.9885221123695374 0.13204003870487213 2.3050105571746826 0.10267072170972824 0.12420260906219482 0.986930787563324 22.291606903076172 0.0 0.0 0.0 1.0
-0.9452208876609802 0.24121253192424774 0.21994097530841827 -1.5804191827774048 -0.20453986525535583 -0.9627531170845032 0.17683281004428864 0.7079766988754272 0.25440314412117004 0.12215936928987503 0.9593519568443298 22.632631301879883 0.0 0.0 0.0 1.0
-0.9255980849266052 0.27390149235725403 0.26123958826065063 -1.5247440338134766 -0.2326367199420929 -0.9561012387275696 0.17818684875965118 0.9903799891471863 0.2985771596431732 0.10415549576282501 0.9486850500106812 22.2139949798584 0.0 0.0 0.0 1.0
-0.9169835448265076 0.2922934889793396 0.27148786187171936 -1.5124295949935913 -0.2457074075937271 -0.9499648809432983 0.19285903871059418 1.608873963356018 0.3142753839492798 0.11014197766780853 0.9429208636283875 21.538991928100586 0.0 0.0 0.0 1.0
-0.9000353217124939 0.3267727196216583 0.28836774826049805 -1.4892125129699707 -0.27300435304641724 -0.9384974241256714 0.21140295267105103 1.8714799880981445 0.33971312642097473 0.11154448240995407 0.933891236782074 21.039417266845703 0.0 0.0 0.0 1.0
-0.885842502117157 0.3444198966026306 0.31089866161346436 -1.5268067121505737 -0.28658217191696167 -0.9331175088882446 0.21716900169849396 1.696785569190979 0.3649023175239563 0.10327951610088348 0.9252997636795044 21.029752731323242 0.0 0.0 0.0 1.0
-0.821234405040741 0.389792799949646 0.41669610142707825 -0.9173864722251892 -0.3101004660129547 -0.9179213047027588 0.24750393629074097 1.8052949905395508 0.4789694845676422 0.07404109090566635 0.8747034668922424 21.251991271972656 0.0 0.0 0.0 1.0
-0.8091872930526733 0.40095970034599304 0.4294731616973877 -1.28556227684021 -0.3171180784702301 -0.9133901596069336 0.25525394082069397 1.9260802268981934 0.4946230947971344 0.07035455107688904 0.8662552833557129 21.21877670288086 0.0 0.0 0.0 1.0
-0.7958689332008362 0.4117993712425232 0.4438624978065491 -1.5226198434829712 -0.3198277950286865 -0.9083959460258484 0.26930832862854004 2.216010093688965 0.514103889465332 0.07237457484006882 0.8546690344810486 21.072675704956055 0.0 0.0 0.0 1.0
-0.7748836874961853 0.4295741617679596 0.46370387077331543 -1.488376259803772 -0.330931693315506 -0.9007174968719482 0.2814110517501831 2.503807783126831 0.5385531187057495 0.06460652500391006 0.8401110172271729 21.019147872924805 0.0 0.0 0.0 1.0
-0.7361142635345459 0.4693196713924408 0.4877241253852844 -1.2631587982177734 -0.3575017750263214 -0.8814475536346436 0.3086141049861908 2.6294782161712646 0.5747418999671936 0.052813004702329636 0.8166287541389465 21.227954864501953 0.0 0.0 0.0 1.0
-0.5679118037223816 0.56495600938797 0.5985824465751648 -2.1573801040649414 -0.4405241906642914 -0.8229405283927917 0.3587580621242523 1.6483510732650757 0.6952802538871765 -0.05994710326194763 0.7162343859672546 22.38121795654297 0.0 0.0 0.0 1.0
-0.5354334115982056 0.5781272649765015 0.6156946420669556 -2.075939178466797 -0.44703027606010437 -0.8125024437904358 0.3741706609725952 1.4933573007583618 0.7165716886520386 -0.07489065825939178 0.6934813857078552 22.40924072265625 0.0 0.0 0.0 1.0
-0.5120750665664673 0.5885131359100342 0.6256448030471802 -1.7154942750930786 -0.4379744827747345 -0.8054870963096619 0.3992103636264801 1.4867393970489502 0.7388893365859985 -0.06959081441164017 0.670223593711853 22.078235626220703 0.0 0.0 0.0 1.0
-0.4767509400844574 0.6076054573059082 0.6352355480194092 -1.4487758874893188 -0.4554497003555298 -0.7888266444206238 0.41269615292549133 1.268050193786621 0.7518471479415894 -0.09256455302238464 0.6528075337409973 21.79306411743164 0.0 0.0 0.0 1.0
-0.4465344250202179 0.6254750490188599 0.6398343443870544 -1.296625018119812 -0.4779103398323059 -0.7712621092796326 0.42042410373687744 1.205441951751709 0.7564448118209839 -0.11804962903261185 0.6433160901069641 21.5773983001709 0.0 0.0 0.0 1.0
-0.25654831528663635 0.6856946349143982 0.6811797022819519 -0.28506508469581604 -0.51590496301651 -0.6931212544441223 0.5034133791923523 1.1296485662460327 0.8173279762268066 -0.22227416932582855 0.5315724015235901 21.074417114257812 0.0 0.0 0.0 1.0
-0.22330933809280396 0.6930489540100098 0.6854313015937805 -0.10864648222923279 -0.527555525302887 -0.677228569984436 0.5128806829452515 1.3978791236877441 0.81964510679245 -0.2470720410346985 0.5168532729148865 21.616413116455078 0.0 0.0 0.0 1.0
-0.1822749525308609 0.6969000101089478 0.6936182379722595 0.5496019124984741 -0.5242635011672974 -0.665677547454834 0.5310566425323486 2.0924010276794434 0.831819474697113 -0.266840398311615 0.4866955578327179 22.44637107849121 0.0 0.0 0.0 1.0
-0.10906641185283661 0.7135103940963745 0.6921036243438721 1.2936170101165771 -0.522932231426239 -0.633310079574585 0.5704911947250366 2.80446195602417 0.8453676104545593 -0.29970186948776245 0.4421904683113098 22.958843231201172 0.0 0.0 0.0 1.0
-0.0734947919845581 0.7050584554672241 0.705330491065979 1.1172324419021606 -0.5336623191833496 -0.6252703666687012 0.5694220662117004 2.21533465385437 0.8424980640411377 -0.33455875515937805 0.4222172498703003 23.657630920410156 0.0 0.0 0.0 1.0
0.100069060921669 0.6967771649360657 0.710273027420044 -1.022021770477295 -0.5595586895942688 -0.5508615374565125 0.6192298531532288 3.7239513397216797 0.8227273225784302 -0.45940521359443665 0.3347635567188263 23.687063217163086 0.0 0.0 0.0 1.0
0.13004526495933533 0.6870096921920776 0.7149167060852051 -0.645494282245636 -0.550341784954071 -0.549755871295929 0.6284046173095703 3.2954976558685303 0.8247497081756592 -0.4751695990562439 0.3065970242023468 23.750276565551758 0.0 0.0 0.0 1.0
0.15287023782730103 0.6878175735473633 0.7096039056777954 -0.08988265693187714 -0.5369189977645874 -0.5450168251991272 0.6439523696899414 3.205348491668701 0.8296678066253662 -0.47944095730781555 0.28598546981811523 23.84880828857422 0.0 0.0 0.0 1.0
0.1775214672088623 0.6875817775726318 0.7040720582008362 0.3131467401981354 -0.5340766310691833 -0.5336039662361145 0.6557658910751343 2.964975357055664 0.8265883326530457 -0.49244093894958496 0.27249518036842346 23.989490509033203 0.0 0.0 0.0 1.0
0.21009662747383118 0.6831392049789429 0.6994141936302185 0.7354159355163574 -0.5281327366828918 -0.5227234959602356 0.6692054867744446 2.664942979812622 0.8227607607841492 -0.5099813342094421 0.2509657144546509 24.34136962890625 0.0 0.0 0.0 1.0
0.39688417315483093 0.6556726098060608 0.6423211097717285 0.2282445728778839 -0.5222045183181763 -0.41420334577560425 0.7454783916473389 2.1197872161865234 0.7548413276672363 -0.6312915682792664 0.1780044436454773 26.14845848083496 0.0 0.0 0.0 1.0
0.4167962074279785 0.6456297636032104 0.639877438545227 0.0642445906996727 -0.5185768008232117 -0.4092591404914856 0.7507230043411255 1.942259669303894 0.7465648055076599 -0.6447241306304932 0.16423097252845764 25.600261688232422 0.0 0.0 0.0 1.0
0.46889764070510864 0.6102078557014465 0.6385776400566101 0.40717482566833496 -0.5176653861999512 -0.3959343135356903 0.7584580183029175 1.3360865116119385 0.71565181016922 -0.6862087249755859 0.1302308291196823 25.30255126953125 0.0 0.0 0.0 1.0
0.4963786005973816 0.6039844155311584 0.6235472559928894 0.9018332958221436 -0.5068639516830444 -0.3814919590950012 0.7730153799057007 1.4244040250778198 0.7047675251960754 -0.6997619271278381 0.11677347123622894 25.04663848876953 0.0 0.0 0.0 1.0
0.518218994140625 0.599075973033905 0.6103745102882385 1.1237553358078003 -0.4945615231990814 -0.37234604358673096 0.7853453159332275 1.3341689109802246 0.697752058506012 -0.7088486552238464 0.10332313179969788 24.882326126098633 0.0 0.0 0.0 1.0
0.6253670454025269 0.5516718626022339 0.5518823862075806 0.9096354246139526 -0.4424641728401184 -0.33186739683151245 0.8331203460693359 1.673389196395874 0.6427608132362366 -0.7651941776275635 0.03655610978603363 24.385927200317383 0.0 0.0 0.0 1.0
0.6502737998962402 0.5425277948379517 0.5317965745925903 1.0100243091583252 -0.42628926038742065 -0.318838894367218 0.8465336561203003 1.7024296522140503 0.6288254857063293 -0.7771778106689453 0.02394120767712593 24.146814346313477 0.0 0.0 0.0 1.0
0.6798884868621826 0.5232889652252197 0.5137317180633545 1.1823855638504028 -0.4082127511501312 -0.31190550327301025 0.8579494953155518 1.6212563514709473 0.6091912388801575 -0.7930218577384949 0.0015522512840107083 24.103164672851562 0.0 0.0 0.0 1.0
0.7108110189437866 0.5023209452629089 0.4923630356788635 1.2186654806137085 -0.3887102007865906 -0.3028640151023865 0.8701596260070801 1.5371954441070557 0.5862184762954712 -0.8099055886268616 -0.020021814852952957 24.091318130493164 0.0 0.0 0.0 1.0
0.7504027485847473 0.47321268916130066 0.46148180961608887 1.0238360166549683 -0.360136479139328 -0.2927325963973999 0.8857817649841309 1.5981099605560303 0.5542539358139038 -0.8308895230293274 -0.049246180802583694 23.993568420410156 0.0 0.0 0.0 1.0
0.8979011178016663 0.3170285224914551 0.30539557337760925 -0.4662778973579407 -0.23462925851345062 -0.24232639372348785 0.9413962960243225 -0.6554661393165588 0.3724548816680908 -0.9169355630874634 -0.14320097863674164 24.05767822265625 0.0 0.0 0.0 1.0
0.9107593297958374 0.2917045056819916 0.29227712750434875 -1.000012993812561 -0.2283996343612671 -0.2338188886642456 0.9450726509094238 -0.1335480511188507 0.34402185678482056 -0.9274897575378418 -0.14632754027843475 23.442787170410156 0.0 0.0 0.0 1.0
0.9262781739234924 0.2660757601261139 0.26685649156570435 -0.9064180254936218 -0.20896966755390167 -0.22661668062210083 0.9513025879859924 0.36585819721221924 0.31359270215034485 -0.9369357228279114 -0.15430831909179688 23.279626846313477 0.0 0.0 0.0 1.0
0.9389817714691162 0.24097135663032532 0.24545066058635712 -0.5074243545532227 -0.19216275215148926 -0.22434356808662415 0.9553760886192322 0.7328423261642456 0.28528356552124023 -0.9442471861839294 -0.1643487960100174 23.143768310546875 0.0 0.0 0.0 1.0
0.9519364833831787 0.22864605486392975 0.2038084864616394 0.19068534672260284 -0.1535733938217163 -0.21942462027072906 0.9634667038917542 0.9058499932289124 0.2650134563446045 -0.9484586715698242 -0.17376436293125153 22.984434127807617 0.0 0.0 0.0 1.0
0.9892478585243225 0.136732816696167 0.05189212039113045 2.1072099208831787 -0.026885634288191795 -0.17874836921691895 0.983527421951294 0.9934225082397461 0.14375610649585724 -0.9743475317955017 -0.17315030097961426 22.461572647094727 0.0 0.0 0.0 1.0
0.9945076107978821 0.09121736139059067 0.05132295563817024 1.2835919857025146 -0.035855118185281754 -0.16376712918281555 0.9858472347259521 1.074353814125061 0.09833139181137085 -0.982272744178772 -0.15959703922271729 22.86985969543457 0.0 0.0 0.0 1.0
0.995942234992981 0.07278285175561905 0.05293157324194908 0.7742623090744019 -0.04168884456157684 -0.14813114702701569 0.9880886673927307 1.6415778398513794 0.0797567293047905 -0.9862858653068542 -0.14449582993984222 23.073287963867188 0.0 0.0 0.0 1.0
0.9988599419593811 0.040830425918102264 0.024732865393161774 0.6984817981719971 -0.019220789894461632 -0.1302618533372879 0.9912933111190796 1.6264734268188477 0.043696675449609756 -0.9906385540962219 -0.12932854890823364 22.96185874938965 0.0 0.0 0.0 1.0
0.9995077848434448 0.027193723246455193 0.015644455328583717 0.39233940839767456 -0.012021386064589024 -0.1286284476518631 0.9916200041770935 1.5072031021118164 0.02897816151380539 -0.9913199543952942 -0.12823821604251862 22.875661849975586 0.0 0.0 0.0 1.0
0.9840234518051147 -0.10673663020133972 -0.14249630272388458 0.35259801149368286 0.12714345753192902 -0.13897311687469482 0.9821003079414368 0.3578459322452545 -0.12462922930717468 -0.9845271706581116 -0.12318193912506104 22.028072357177734 0.0 0.0 0.0 1.0
0.9786312580108643 -0.13726845383644104 -0.15309567749500275 0.26191067695617676 0.1330019235610962 -0.14524486660957336 0.980415403842926 0.37605446577072144 -0.15681646764278412 -0.9798271656036377 -0.1238841861486435 22.084739685058594 0.0 0.0 0.0 1.0
0.9728094339370728 -0.15324603021144867 -0.17365890741348267 0.12673351168632507 0.15066497027873993 -0.1507425308227539 0.9770244359970093 0.5615071654319763 -0.17590290307998657 -0.9766229391098022 -0.12355494499206543 22.29186248779297 0.0 0.0 0.0 1.0
0.9681814908981323 -0.164467453956604 -0.18861345946788788 -0.11896148324012756 0.164356529712677 -0.15045318007469177 0.974859356880188 0.8384991884231567 -0.18871012330055237 -0.9748406410217285 -0.11863469332456589 22.406579971313477 0.0 0.0 0.0 1.0
0.962306797504425 -0.1781129539012909 -0.2055271863937378 -0.10796331614255905 0.17976468801498413 -0.15051966905593872 0.972125768661499 1.037879467010498 -0.20408406853675842 -0.9724297523498535 -0.11282767355442047 22.31637191772461 0.0 0.0 0.0 1.0
0.8872012495994568 -0.3089599907398224 -0.34266263246536255 1.0908147096633911 0.30653882026672363 -0.16035397350788116 0.9382539987564087 1.0570166110992432 -0.3448302447795868 -0.9374595284461975 -0.047558024525642395 22.003267288208008 0.0 0.0 0.0 1.0
0.8683750629425049 -0.3314777910709381 -0.36884579062461853 0.8500036001205444 0.3283017873764038 -0.17318399250507355 0.9285608530044556 1.1158744096755981 -0.3716754615306854 -0.9274318218231201 -0.04156390577554703 22.055871963500977 0.0 0.0 0.0 1.0
0.8460819125175476 -0.37400779128074646 -0.37982049584388733 0.2724466919898987 0.3353779911994934 -0.18033912777900696 0.9246617555618286 1.3730649948120117 -0.4143272042274475 -0.9097230434417725 -0.027147682383656502 22.413877487182617 0.0 0.0 0.0 1.0
0.8255295753479004 -0.4010849893093109 -0.3970286548137665 -0.21943174302577972 0.34615111351013184 -0.1957816332578659 0.9175232648849487 1.3224868774414062 -0.44573572278022766 -0.8948745131492615 -0.02278752252459526 22.451236724853516 0.0 0.0 0.0 1.0
0.8006495833396912 -0.42033860087394714 -0.4269375801086426 -0.5276903510093689 0.37320372462272644 -0.2075604945421219 0.9042331576347351 1.3957816362380981 -0.46869948506355286 -0.8833085894584656 -0.009311291389167309 21.988502502441406 0.0 0.0 0.0 1.0
0.6631651520729065 -0.5335535407066345 -0.5249119997024536 -0.9884611368179321 0.4724866449832916 -0.24548590183258057 0.8464590907096863 2.2759339809417725 -0.5804897546768188 -0.8093560934066772 0.08929924666881561 21.5399112701416 0.0 0.0 0.0 1.0
0.6374425888061523 -0.549152672290802 -0.5404611229896545 -0.4521523714065552 0.48424944281578064 -0.2600603997707367 0.8353867530822754 1.9213948249816895 -0.5993074178695679 -0.7942291498184204 0.10015331208705902 21.592844009399414 0.0 0.0 0.0 1.0
0.6069894433021545 -0.5658270716667175 -0.5580354332923889 0.12333831936120987 0.4986341595649719 -0.27560538053512573 0.821830689907074 1.5746854543685913 -0.6188116073608398 -0.7770980596542358 0.11485115438699722 21.600385665893555 0.0 0.0 0.0 1.0
0.570365846157074 -0.5825119614601135 -0.579105019569397 0.8211318850517273 0.5218427777290344 -0.287481427192688 0.80314040184021 1.2874239683151245 -0.634320855140686 -0.7602856755256653 0.1400100588798523 21.576005935668945 0.0 0.0 0.0 1.0
0.5229374766349792 -0.6100733876228333 -0.5952703952789307 1.2240853309631348 0.5356230735778809 -0.308061808347702 0.7862606644630432 1.0981614589691162 -0.6630567908287048 -0.7300057411193848 0.16567234694957733 22.222352981567383 0.0 0.0 0.0 1.0
0.3433934450149536 -0.6863813996315002 -0.6410627961158752 0.9118511080741882 0.5817800760269165 -0.3803861439228058 0.7189146876335144 0.5238410234451294 -0.7373010516166687 -0.6198281645774841 0.2687009274959564 20.883451461791992 0.0 0.0 0.0 1.0
0.3250817656517029 -0.6988191604614258 -0.63716059923172 0.12401290237903595 0.5829008221626282 -0.3824812173843384 0.716892421245575 0.7796456813812256 -0.7446801066398621 -0.6044501066207886 0.2830045819282532 21.014230728149414 0.0 0.0 0.0 1.0
0.29475346207618713 -0.7116122245788574 -0.6377526521682739 -0.29052725434303284 0.5893816947937012 -0.3899499475955963 0.7075085043907166 0.6253017783164978 -0.752163290977478 -0.5844203233718872 0.3044721186161041 20.86968231201172 0.0 0.0 0.0 1.0
0.27676600217819214 -0.7160547971725464 -0.6408323645591736 -0.21287254989147186 0.5885170698165894 -0.4008745849132538 0.70210200548172 0.4343646764755249 -0.7596368789672852 -0.5714587569236755 0.31046202778816223 21.004409790039062 0.0 0.0 0.0 1.0
0.2266552895307541 -0.7197244763374329 -0.6562195420265198 0.11981948465108871 0.5956942439079285 -0.430608332157135 0.6780300736427307 0.11685813218355179 -0.7705684304237366 -0.5445853471755981 0.3311360776424408 21.006900787353516 0.0 0.0 0.0 1.0
-0.02062336541712284 -0.7214441299438477 -0.6921654939651489 -0.5685456395149231 0.6190308928489685 -0.5528616905212402 0.5578034520149231 -0.1198422983288765 -0.7850958108901978 -0.4169680178165436 0.4579980671405792 21.540157318115234 0.0 0.0 0.0 1.0
-0.07432001829147339 -0.7111659646034241 -0.6990847587585449 -0.6259310841560364 0.596010148525238 -0.5937201976776123 0.5406184196472168 0.034629978239536285 -0.7995301485061646 -0.37648284435272217 0.46798741817474365 21.772113800048828 0.0 0.0 0.0 1.0
-0.11380350589752197 -0.7070326209068298 -0.6979639530181885 -0.7109662890434265 0.5889918208122253 -0.6137721538543701 0.5257113575935364 0.5549859404563904 -0.8000859022140503 -0.3512672483921051 0.48628583550453186 21.505943298339844 0.0 0.0 0.0 1.0
-0.15824183821678162 -0.7127040028572083 -0.6833831071853638 -0.48750004172325134 0.5979820489883423 -0.6199202537536621 0.5080515742301941 1.3797740936279297 -0.7857334017753601 -0.3282558023929596 0.5242815017700195 20.5361270904541 0.0 0.0 0.0 1.0
-0.1970227062702179 -0.7154532670974731 -0.6703048944473267 0.13525430858135223 0.6076710820198059 -0.6256512999534607 0.48917925357818604 1.4325319528579712 -0.7693620324134827 -0.3109454810619354 0.5580277442932129 19.85239601135254 0.0 0.0 0.0 1.0
-0.4472447633743286 -0.6768596172332764 -0.584665060043335 1.8238141536712646 0.5413577556610107 -0.7252076268196106 0.42544761300086975 0.47774234414100647 -0.7119718790054321 -0.12623374164104462 0.6907684803009033 19.383134841918945 0.0 0.0 0.0 1.0
-0.4781147539615631 -0.6626965999603271 -0.5764021873474121 1.6200761795043945 0.5195972919464111 -0.7425271272659302 0.4226962924003601 0.5626617670059204 -0.7081136703491211 -0.09739968180656433 0.699348509311676 19.563430786132812 0.0 0.0 0.0 1.0
-0.49932724237442017 -0.6603748202323914 -0.5608720183372498 1.4126920700073242 0.5180602669715881 -0.7464435696601868 0.417654812335968 0.9989345073699951 -0.6944680213928223 -0.08201907575130463 0.7148335576057434 19.299577713012695 0.0 0.0 0.0 1.0
-0.5230507254600525 -0.6585994958877563 -0.5409848690032959 1.0412031412124634 0.516502320766449 -0.7498393058776855 0.4134807884693146 1.176904559135437 -0.6779699325561523 -0.06314851343631744 0.7323721647262573 18.951704025268555 0.0 0.0 0.0 1.0
-0.5450692772865295 -0.6493718028068542 -0.5302977561950684 0.9678064584732056 0.5121321678161621 -0.7586832642555237 0.4026416838169098 1.2611616849899292 -0.6637921929359436 -0.05211493745446205 0.7460991740226746 18.677793502807617 0.0 0.0 0.0 1.0
-0.7194352746009827 -0.5634053349494934 -0.4061863124370575 -0.1761779636144638 0.448737233877182 -0.823410153388977 0.34731918573379517 0.1199590340256691 -0.5301394462585449 0.06760276854038239 0.8452112674713135 17.55472183227539 0.0 0.0 0.0 1.0
-0.7467783689498901 -0.5419676303863525 -0.38547778129577637 -0.23600764572620392 0.43648701906204224 -0.8367007970809937 0.33077311515808105 -0.2815118134021759 -0.5017979145050049 0.07875817269086838 0.8613919019699097 17.756916046142578 0.0 0.0 0.0 1.0
-0.7783280611038208 -0.5145081281661987 -0.35984280705451965 -0.2908197045326233 0.4167485535144806 -0.8520237803459167 0.3168219327926636 -0.3211677670478821 -0.4696020781993866 0.09662743657827377 0.8775745034217834 18.237810134887695 0.0 0.0 0.0 1.0
-0.8026598691940308 -0.48825621604919434 -0.34255361557006836 -0.19146494567394257 0.39425432682037354 -0.8653003573417664 0.3095461428165436 0.05817755311727524 -0.44754958152770996 0.11340701580047607 0.8870390057563782 18.465679168701172 0.0 0.0 0.0 1.0
-0.8342025279998779 -0.4574786424636841 -0.30792760848999023 0.02807888574898243 0.37330561876296997 -0.8794633746147156 0.2952745854854584 0.5249404311180115 -0.40589287877082825 0.13136771321296692 0.9044299125671387 18.83492660522461 0.0 0.0 0.0 1.0
-0.9743829965591431 -0.17754590511322021 -0.13804063200950623 -0.06432869285345078 0.1378386914730072 -0.9564672112464905 0.25723710656166077 2.8708906173706055 -0.17770273983478546 0.23162011802196503 0.9564381241798401 20.81882667541504 0.0 0.0 0.0 1.0
-0.9803099036216736 -0.14975087344646454 -0.12871351838111877 -0.5952032804489136 0.11803209781646729 -0.9669438600540161 0.22602644562721252 2.280941963195801 -0.15830641984939575 0.20638364553451538 0.9655800461769104 20.685049057006836 0.0 0.0 0.0 1.0
-0.9857372045516968 -0.13172537088394165 -0.104740671813488 -0.7798063158988953 0.11043479293584824 -0.9759328961372375 0.1880401372909546 2.1851673126220703 -0.12698952853679657 0.17379115521907806 0.9765604138374329 20.5190372467041 0.0 0.0 0.0 1.0
-0.9914155006408691 -0.09682384133338928 -0.0878663882613182 -1.1372355222702026 0.07966050505638123 -0.980197012424469 0.1812954843044281 3.057398557662964 -0.1036800891160965 0.1727396696805954 0.9794955253601074 20.020153045654297 0.0 0.0 0.0 1.0
-0.994979977607727 -0.0895024985074997 -0.04476776346564293 -0.9736655354499817 0.07982562482357025 -0.9796135425567627 0.1843506395816803 3.6183762550354004 -0.06035494804382324 0.17985157668590546 0.9818404316902161 18.888973236083984 0.0 0.0 0.0 1.0
-0.9998261332511902 0.012354068458080292 0.013966425321996212 -0.10122797638177872 -0.01166428904980421 -0.9987581968307495 0.048435185104608536 1.9572569131851196 0.014547454193234444 0.048263855278491974 0.9987286925315857 15.708239555358887 0.0 0.0 0.0 1.0
-0.9997530579566956 0.017259981483221054 0.013998094014823437 -0.03243628516793251 -0.016963740810751915 -0.9996352791786194 0.02101256139576435 1.779955506324768 0.014355665072798729 0.020769912749528885 0.9996812343597412 15.62391185760498 0.0 0.0 0.0 1.0
-0.9997776746749878 0.018708404153585434 0.009724339470267296 0.13785240054130554 -0.018771786242723465 -0.9998028874397278 -0.006468052510172129 1.3161938190460205 0.009601416066288948 -0.006649157963693142 0.999931812286377 16.126811981201172 0.0 0.0 0.0 1.0
-0.9996066689491272 0.027815843001008034 -0.003567596897482872 0.2508121132850647 -0.02768108621239662 -0.9990563988685608 -0.033466994762420654 0.892142117023468 -0.004495142959058285 -0.03335507586598396 0.9994334578514099 16.580211639404297 0.0 0.0 0.0 1.0
-0.9995397329330444 0.03021084889769554 -0.00276001519523561 0.2499111294746399 -0.03003191016614437 -0.9982583522796631 -0.05077710375189781 0.7674372792243958 -0.0042892275378108025 -0.050670843571424484 0.9987062215805054 17.10379409790039 0.0 0.0 0.0 1.0
-0.9995843768119812 0.0006976923323236406 -0.028820868581533432 -1.41587495803833 0.0018274476751685143 -0.9961631894111633 -0.08749575167894363 0.6595592498779297 -0.028771333396434784 -0.0875120535492897 0.9957478642463684 18.620454788208008 0.0 0.0 0.0 1.0
-0.9994027614593506 0.004073046147823334 -0.03431537374854088 -1.5049383640289307 -0.0010543850949034095 -0.9961612224578857 -0.08753090351819992 0.6659754514694214 -0.03454016149044037 -0.08744244277477264 0.9955706000328064 18.833528518676758 0.0 0.0 0.0 1.0