-0.999993622303009 0.0026802909560501575 0.0023571844212710857 -0.38547125458717346 -0.002675769617781043 -0.9999945759773254 0.0019191538449376822 0.8749682903289795 0.0023623155429959297 0.0019128343556076288 0.9999953508377075 9.75887393951416 0.0 0.0 0.0 1.0
-0.9999945163726807 0.00234595756046474 0.0023271420504897833 -0.37660905718803406 -0.0023413696326315403 -0.9999952912330627 0.00197221920825541 0.879008412361145 0.0023317579180002213 0.0019667597953230143 0.9999953508377075 9.757528305053711 0.0 0.0 0.0 1.0
-0.9999971985816956 0.002028893679380417 0.0012167245149612427 -0.35251352190971375 -0.0020272124093025923 -0.9999970197677612 0.0013814223930239677 0.7890312671661377 0.0012195237213745713 0.0013789519434794784 0.9999983310699463 9.895438194274902 0.0 0.0 0.0 1.0
-1.0 -6.854921957710758e-05 1.8482334780856036e-05 -0.42243149876594543 6.855156243545935e-05 -1.0 0.00012687234266195446 0.7830339670181274 1.847363637352828e-05 0.00012687360867857933 1.0 9.860186576843262 0.0 0.0 0.0 1.0
-0.9999967217445374 -0.0009029978537000716 -0.00240417942404747 -0.45999160408973694 0.0009070635423995554 -0.999998152256012 -0.0016905288212001324 0.8352882862091064 -0.002402648562565446 -0.0016927039250731468 0.9999957084655762 9.696008682250977 0.0 0.0 0.0 1.0
-0.9999876022338867 -0.0016933598089963198 -0.004683558829128742 -0.5286363363265991 0.001716869417577982 -0.999985933303833 -0.005020145792514086 0.8280999660491943 -0.004674992058426142 -0.005028124898672104 0.9999764561653137 9.647431373596191 0.0 0.0 0.0 1.0
-0.999962568283081 -0.002882558386772871 -0.008159848861396313 -0.5890759825706482 0.0029334670398384333 -0.9999762773513794 -0.0062338486313819885 0.7709201574325562 -0.008141686208546162 -0.006257551722228527 0.9999472498893738 9.612482070922852 0.0 0.0 0.0 1.0
-0.9999064803123474 -0.005447566043585539 -0.012543940916657448 -0.5871083736419678 0.0055868132039904594 -0.9999228715896606 -0.011092614382505417 0.68427973985672 -0.012482545338571072 -0.011161657981574535 0.9998598098754883 9.613801956176758 0.0 0.0 0.0 1.0
-0.9981203079223633 -0.035133734345436096 -0.050214387476444244 -0.6089344620704651 0.03591326251626015 -0.9992467164993286 -0.014706664718687534 0.7960907220840454 -0.049659859389066696 -0.016482383012771606 0.998630166053772 9.359550476074219 0.0 0.0 0.0 1.0
-0.9950593709945679 -0.0573500394821167 -0.08104179799556732 -0.725592851638794 0.059034314006567 -0.998083770275116 -0.01853986084461212 0.6419423818588257 -0.07982324063777924 -0.023232508450746536 0.9965382814407349 9.353690147399902 0.0 0.0 0.0 1.0
-0.9894759654998779 -0.08416382223367691 -0.11770203709602356 -0.7840121984481812 0.08733902871608734 -0.995934009552002 -0.0220748633146286 0.5312859416007996 -0.11536555737257004 -0.032122526317834854 0.9928035736083984 9.349838256835938 0.0 0.0 0.0 1.0
-0.9817981123924255 -0.10897007584571838 -0.15555687248706818 -0.8433635234832764 0.1162131056189537 -0.992488443851471 -0.03822566568851471 0.5540086030960083 -0.15022294223308563 -0.0556076318025589 0.987087070941925 9.321590423583984 0.0 0.0 0.0 1.0
-0.9730423092842102 -0.12559303641319275 -0.19342967867851257 -0.8884958028793335 0.13953587412834167 -0.988386869430542 -0.06017583981156349 0.5421163439750671 -0.1836256980895996 -0.08554401993751526 0.9792670011520386 9.320600509643555 0.0 0.0 0.0 1.0
-0.9616250991821289 -0.14415183663368225 -0.23344682157039642 -0.8232486844062805 0.16647891700267792 -0.9828880429267883 -0.07884103804826736 0.5809889435768127 -0.21808700263500214 -0.1146795004606247 0.9691680073738098 9.20723819732666 0.0 0.0 0.0 1.0
-0.9490259885787964 -0.16656801104545593 -0.26759064197540283 -0.7191385626792908 0.19725120067596436 -0.9760253429412842 -0.09201334416866302 0.6899746060371399 -0.24584876000881195 -0.14010563492774963 0.9591292142868042 9.25230884552002 0.0 0.0 0.0 1.0
-0.9318084716796875 -0.19875562191009521 -0.303692489862442 -0.6053418517112732 0.2349238246679306 -0.9680920243263245 -0.08722732216119766 0.8566262722015381 -0.2766653597354889 -0.1526237577199936 0.9487687945365906 9.153717994689941 0.0 0.0 0.0 1.0
-0.9168157577514648 -0.22338485717773438 -0.330980509519577 -0.5379685163497925 0.26151159405708313 -0.9622882008552551 -0.07492087036371231 1.0123116970062256 -0.3017624616622925 -0.1552438884973526 0.940658688545227 9.256853103637695 0.0 0.0 0.0 1.0
-0.9005051851272583 -0.24531282484531403 -0.3590431809425354 -0.4565660357475281 0.2852534055709839 -0.9564478397369385 -0.06195146217942238 0.9477070569992065 -0.3282085955142975 -0.15820589661598206 0.9312626123428345 9.536417961120605 0.0 0.0 0.0 1.0
-0.8717800378799438 -0.2786310315132141 -0.4029445946216583 -0.3471904397010803 0.3218464255332947 -0.9458473324775696 -0.04228096082806587 0.9311395287513733 -0.36934328079223633 -0.16654597222805023 0.9142472147941589 9.643531799316406 0.0 0.0 0.0 1.0
-0.8572694659233093 -0.29516032338142395 -0.42186421155929565 -0.4479876756668091 0.3369544744491577 -0.9411552548408508 -0.02623852714896202 0.6933188438415527 -0.38929516077041626 -0.16464252769947052 0.9062792658805847 10.194291114807129 0.0 0.0 0.0 1.0
-0.8574714064598083 -0.297845721244812 -0.4195600748062134 -0.2674446702003479 0.33936256170272827 -0.9402948021888733 -0.026053301990032196 0.47462236881256104 -0.38675031065940857 -0.16472294926643372 0.9073535799980164 10.5765380859375 0.0 0.0 0.0 1.0
-0.8571315407752991 -0.3004212975502014 -0.41841673851013184 -0.04128001257777214 0.3406730592250824 -0.939899742603302 -0.023028984665870667 0.47296497225761414 -0.38635140657424927 -0.16228218376636505 0.9079631567001343 10.304978370666504 0.0 0.0 0.0 1.0
-0.8166431784629822 -0.33878761529922485 -0.46724390983581543 0.04823766276240349 0.3824048936367035 -0.9239934682846069 0.0016034150030463934 0.5007484555244446 -0.4322735369205475 -0.1773669421672821 0.8841270208358765 9.744048118591309 0.0 0.0 0.0 1.0
-0.7697305679321289 -0.3764301836490631 -0.5155726075172424 -0.00907811988145113 0.4229888916015625 -0.9056471586227417 0.029725080356001854 0.4974612593650818 -0.47811630368232727 -0.19520120322704315 0.8563300967216492 9.66577434539795 0.0 0.0 0.0 1.0
-0.7301514148712158 -0.40247535705566406 -0.5521706938743591 -0.057932473719120026 0.4516924023628235 -0.8906620144844055 0.0519145168364048 0.5239894390106201 -0.5126917958259583 -0.21150584518909454 0.8321132063865662 9.690140724182129 0.0 0.0 0.0 1.0
-0.6802453398704529 -0.4320381283760071 -0.5921227335929871 0.029791809618473053 0.4846196472644806 -0.8711600303649902 0.0788925513625145 0.5327925086021423 -0.5499182343482971 -0.23328803479671478 0.8019766807556152 9.766965866088867 0.0 0.0 0.0 1.0
-0.6348397731781006 -0.45419931411743164 -0.625045120716095 -0.0027566864155232906 0.5091303586959839 -0.8544117212295532 0.10376375913619995 0.5050079822540283 -0.5811753273010254 -0.25235608220100403 0.773661196231842 9.784461975097656 0.0 0.0 0.0 1.0
-0.5863889455795288 -0.4738394320011139 -0.6569811105728149 -0.1058158278465271 0.5322967767715454 -0.8367632627487183 0.1284031718969345 0.4123097062110901 -0.6105801463127136 -0.27441471815109253 0.7428919672966003 9.669546127319336 0.0 0.0 0.0 1.0
-0.5383865237236023 -0.4911617934703827 -0.6847627758979797 -0.19154734909534454 0.5523502826690674 -0.8193701505661011 0.15343323349952698 0.417155921459198 -0.6364346742630005 -0.2956225574016571 0.7124311923980713 9.626601219177246 0.0 0.0 0.0 1.0
-0.4884025752544403 -0.5071621537208557 -0.7101052403450012 -0.2119205743074417 0.5702745914459229 -0.8014513850212097 0.1801736205816269 0.27990248799324036 -0.6604920625686646 -0.3169577419757843 0.6806526184082031 9.71324348449707 0.0 0.0 0.0 1.0
-0.4893495440483093 -0.5037584900856018 -0.7118738889694214 0.07895790785551071 0.5705642700195312 -0.8022773265838623 0.17552070319652557 0.004758888855576515 -0.6595402956008911 -0.3202788531780243 0.6800206303596497 9.961610794067383 0.0 0.0 0.0 1.0
-0.48735666275024414 -0.5060732960700989 -0.7115991115570068 0.16610631346702576 0.5703233480453491 -0.8015761971473694 0.17946261167526245 0.07533027976751328 -0.6612221598625183 -0.31837931275367737 0.6792789101600647 10.059032440185547 0.0 0.0 0.0 1.0
-0.4059332013130188 -0.5302848815917969 -0.744322657585144 0.0005511631607078016 0.5963383913040161 -0.7708574533462524 0.22396264970302582 0.2598865032196045 -0.6925306916236877 -0.35295432806015015 0.6291458606719971 9.85097885131836 0.0 0.0 0.0 1.0
-0.32778725028038025 -0.5498253107070923 -0.7682757377624512 0.021578675135970116 0.6169461607933044 -0.7404435276985168 0.2666848599910736 0.34316450357437134 -0.7154949307441711 -0.3865688741207123 0.5819205641746521 9.783317565917969 0.0 0.0 0.0 1.0
-0.25779059529304504 -0.5644826292991638 -0.7841577529907227 0.04073357209563255 0.6310723423957825 -0.7129292488098145 0.3057442307472229 0.32904481887817383 -0.7316362857818604 -0.416042298078537 0.5400158762931824 9.752557754516602 0.0 0.0 0.0 1.0
-0.18858715891838074 -0.577926754951477 -0.7939997315406799 0.021692389622330666 0.6401541829109192 -0.6854722499847412 0.34688669443130493 0.33589985966682434 -0.7447398900985718 -0.4428638517856598 0.49923351407051086 9.727900505065918 0.0 0.0 0.0 1.0
-0.10178506374359131 -0.5884182453155518 -0.802124559879303 0.04783453419804573 0.6491453647613525 -0.6502761840820312 0.3946532607078552 0.39719510078430176 -0.7538236379623413 -0.4805256128311157 0.4481573700904846 9.675607681274414 0.0 0.0 0.0 1.0
-0.008876395411789417 -0.5942005515098572 -0.804267942905426 0.12630222737789154 0.6530429720878601 -0.6125397086143494 0.4453425705432892 0.38647133111953735 -0.7572688460350037 -0.5212684869766235 0.39347559213638306 9.46533203125 0.0 0.0 0.0 1.0
0.07205159962177277 -0.5954543948173523 -0.8001515865325928 0.17293062806129456 0.6502282619476318 -0.5802818536758423 0.4903837740421295 0.4646250605583191 -0.7563146352767944 -0.5556141138076782 0.3453710377216339 9.257341384887695 0.0 0.0 0.0 1.0
0.12164159119129181 -0.5941061973571777 -0.7951359748840332 0.2325218766927719 0.6463895440101624 -0.5605157613754272 0.5176897644996643 0.5538955330848694 -0.7532488703727722 -0.5769401788711548 0.3158419728279114 9.1566743850708 0.0 0.0 0.0 1.0
0.1709732562303543 -0.5950826406478882 -0.7852673530578613 0.22572094202041626 0.6415517330169678 -0.5376526713371277 0.5471206307411194 0.6693890690803528 -0.7477830648422241 -0.5973325967788696 0.2898520827293396 9.107481956481934 0.0 0.0 0.0 1.0
0.1741604506969452 -0.5970131754875183 -0.783098578453064 0.3797566592693329 0.6410394906997681 -0.5349284410476685 0.550381600856781 0.5995736718177795 -0.7474867701530457 -0.5978518128395081 0.2895456850528717 9.470283508300781 0.0 0.0 0.0 1.0
0.18058587610721588 -0.5945506691932678 -0.7835165858268738 0.23948770761489868 0.6359061002731323 -0.537146270275116 0.5541635751724243 0.6529814600944519 -0.7503413558006287 -0.5983170866966248 0.28107738494873047 9.796013832092285 0.0 0.0 0.0 1.0
0.20487816631793976 -0.6086616516113281 -0.7665219902992249 -0.014348726719617844 0.6387054324150085 -0.510280966758728 0.5759068727493286 0.5310448408126831 -0.74167400598526 -0.6075724959373474 0.28421005606651306 9.438738822937012 0.0 0.0 0.0 1.0
0.24420158565044403 -0.6465807557106018 -0.7227025032043457 -0.2125689685344696 0.6413673162460327 -0.45128846168518066 0.6204729676246643 0.6240257620811462 -0.7273331880569458 -0.615038275718689 0.30449041724205017 9.286473274230957 0.0 0.0 0.0 1.0
0.2947589159011841 -0.6645474433898926 -0.6866541504859924 -0.03866727650165558 0.6419472694396973 -0.3945690095424652 0.6574336290359497 0.5848531126976013 -0.7078282833099365 -0.6345801949501038 0.31030169129371643 9.180529594421387 0.0 0.0 0.0 1.0
0.3421947658061981 -0.6820776462554932 -0.6462761163711548 0.08700194209814072 0.641243040561676 -0.333220899105072 0.6912099719047546 0.785280704498291 -0.6868115663528442 -0.6509484648704529 0.32335108518600464 8.653111457824707 0.0 0.0 0.0 1.0
0.40605220198631287 -0.6771897077560425 -0.6136250495910645 -0.1495114117860794 0.6269248723983765 -0.28212493658065796 0.7262029647827148 0.9330942034721375 -0.6648961305618286 -0.679573118686676 0.3099896311759949 8.375154495239258 0.0 0.0 0.0 1.0
0.46837931871414185 -0.6535630822181702 -0.5945385694503784 -0.33094167709350586 0.6036052703857422 -0.25469812750816345 0.755506157875061 0.93401038646698 -0.6451988220214844 -0.7127300500869751 0.2751987874507904 8.413664817810059 0.0 0.0 0.0 1.0
0.5180274844169617 -0.6231761574745178 -0.5859172940254211 -0.475976824760437 0.5790651440620422 -0.2486553192138672 0.7764368057250977 1.0417970418930054 -0.6295483112335205 -0.7414998412132263 0.23204930126667023 8.553462982177734 0.0 0.0 0.0 1.0
0.5482867360115051 -0.5954160690307617 -0.5872489809989929 -0.5685535669326782 0.55917888879776 -0.26113563776016235 0.7868463397026062 0.9713255167007446 -0.6218526363372803 -0.7597945928573608 0.18976688385009766 8.70504093170166 0.0 0.0 0.0 1.0
0.5801230072975159 -0.5620922446250916 -0.5894994735717773 -0.5059005618095398 0.5400213599205017 -0.27639251947402954 0.7949742674827576 0.9292292594909668 -0.6097820997238159 -0.7795251607894897 0.14320017397403717 8.967108726501465 0.0 0.0 0.0 1.0
0.6043756008148193 -0.5268763899803162 -0.5976046919822693 -0.4975222051143646 0.5250438451766968 -0.3007633686065674 0.7961597442626953 0.9344786405563354 -0.5992153882980347 -0.7949482202529907 0.09485918283462524 9.0432767868042 0.0 0.0 0.0 1.0
0.6026843190193176 -0.49973759055137634 -0.6221205592155457 -0.7503607869148254 0.5257049202919006 -0.3378744423389435 0.7806889414787292 0.9274352788925171 -0.6003382205963135 -0.7975608110427856 0.05908288434147835 9.311258316040039 0.0 0.0 0.0 1.0
0.6002137064933777 -0.47068867087364197 -0.646680474281311 -0.6478103399276733 0.5250816345214844 -0.37801507115364075 0.7624918818473816 0.9022518396377563 -0.6033512949943542 -0.7972181439399719 0.020260129123926163 9.581477165222168 0.0 0.0 0.0 1.0
0.6011938452720642 -0.4427880644798279 -0.6652102470397949 -0.47071078419685364 0.5234810709953308 -0.41073277592658997 0.7465025782585144 0.8942205309867859 -0.6037660837173462 -0.7970177531242371 -0.01513882726430893 9.736794471740723 0.0 0.0 0.0 1.0
0.6283071041107178 -0.419180303812027 -0.6553763151168823 -0.6629198789596558 0.5072723627090454 -0.4179588854312897 0.7536478638648987 0.9480279684066772 -0.5898346900939941 -0.8059765696525574 -0.04996795207262039 9.536967277526855 0.0 0.0 0.0 1.0
0.6861678957939148 -0.38809266686439514 -0.6152704358100891 -0.839677631855011 0.4721270501613617 -0.4058683514595032 0.7825387716293335 0.8823644518852234 -0.5534163117408752 -0.8274388313293457 -0.09526479244232178 9.4638090133667 0.0 0.0 0.0 1.0
0.7215994596481323 -0.36894136667251587 -0.5858126878738403 -0.8449047803878784 0.4483521282672882 -0.39571213722229004 0.801493763923645 0.7902579307556152 -0.5275174379348755 -0.8410078287124634 -0.1201300173997879 9.468021392822266 0.0 0.0 0.0 1.0
0.756620466709137 -0.3477867543697357 -0.5536874532699585 -0.8389331698417664 0.4228404760360718 -0.3856450915336609 0.8200510740280151 0.7948750853538513 -0.49872976541519165 -0.8545889258384705 -0.1447286456823349 9.397892951965332 0.0 0.0 0.0 1.0
0.7886988520622253 -0.32879433035850525 -0.5194693207740784 -0.8437483906745911 0.39573225378990173 -0.3751196563243866 0.8382608294487 0.6942834258079529 -0.4704785645008087 -0.866706132888794 -0.1657419204711914 9.336536407470703 0.0 0.0 0.0 1.0
0.8139597773551941 -0.3110637962818146 -0.49062079191207886 -0.9102197885513306 0.3735925555229187 -0.3664482533931732 0.8521410226821899 0.6529768705368042 -0.4448573589324951 -0.8769007921218872 -0.1820630431175232 9.317849159240723 0.0 0.0 0.0 1.0
0.8397560119628906 -0.2923460602760315 -0.4575408101081848 -0.9184774160385132 0.347836434841156 -0.3573925197124481 0.8667643070220947 0.7333052754402161 -0.41691678762435913 -0.88701993227005 -0.19843392074108124 9.249850273132324 0.0 0.0 0.0 1.0
0.8667237758636475 -0.2707456946372986 -0.41891130805015564 -1.026485800743103 0.317862331867218 -0.34741756319999695 0.8821930289268494 0.7341431975364685 -0.3843871057033539 -0.897773802280426 -0.2150551974773407 9.280962944030762 0.0 0.0 0.0 1.0
0.8751876950263977 -0.26327788829803467 -0.4058709740638733 -0.9924949407577515 0.30815789103507996 -0.34335511922836304 0.8872124552726746 0.7978946566581726 -0.3729412853717804 -0.9015498161315918 -0.21936900913715363 9.241220474243164 0.0 0.0 0.0 1.0
0.876685619354248 -0.2598419189453125 -0.40485119819641113 -0.7316181659698486 0.30836066603660583 -0.34241124987602234 0.8875067234039307 0.6443747282028198 -0.3692370653152466 -0.9029045701026917 -0.2200620025396347 9.416383743286133 0.0 0.0 0.0 1.0
0.8785178661346436 -0.2577792704105377 -0.4021892249584198 -0.434930682182312 0.30653977394104004 -0.34151947498321533 0.8884806036949158 0.8297603130340576 -0.36638736724853516 -0.9038330912590027 -0.22101137042045593 9.649948120117188 0.0 0.0 0.0 1.0
0.8984925746917725 -0.2384849488735199 -0.36855944991111755 -0.20198456943035126 0.28100821375846863 -0.33255696296691895 0.9002445340156555 0.9698106646537781 -0.33726176619529724 -0.9124312400817871 -0.23178373277187347 9.597317695617676 0.0 0.0 0.0 1.0
0.9169902205467224 -0.219321146607399 -0.3332073390483856 -0.42855969071388245 0.25445351004600525 -0.3217044472694397 0.9120085835456848 1.0122886896133423 -0.3072170615196228 -0.9210887551307678 -0.23919281363487244 9.611392974853516 0.0 0.0 0.0 1.0
0.9347063302993774 -0.19762766361236572 -0.2954105734825134 -0.5589243173599243 0.22514188289642334 -0.31390950083732605 0.9223729968070984 1.0125806331634521 -0.2750186026096344 -0.9286571741104126 -0.24891893565654755 9.623554229736328 0.0 0.0 0.0 1.0
0.9509292244911194 -0.17255611717700958 -0.2568228542804718 -0.6134897470474243 0.19579656422138214 -0.30711206793785095 0.9313140511512756 1.0384072065353394 -0.23957733809947968 -0.9358987808227539 -0.2582559585571289 9.546294212341309 0.0 0.0 0.0 1.0
0.9680203199386597 -0.14170749485492706 -0.2070159763097763 -0.737933337688446 0.1577354073524475 -0.29787397384643555 0.941483199596405 1.0808881521224976 -0.19507990777492523 -0.9440286159515381 -0.2659957706928253 9.34051513671875 0.0 0.0 0.0 1.0
0.9793896079063416 -0.11435163021087646 -0.16649220883846283 -0.9181033968925476 0.12725450098514557 -0.29077965021133423 0.9482897520065308 1.0817885398864746 -0.15685102343559265 -0.9499320387840271 -0.2702348232269287 9.263362884521484 0.0 0.0 0.0 1.0
0.9871079325675964 -0.08938910812139511 -0.1327684372663498 -0.893791913986206 0.10196075588464737 -0.28823184967041016 0.9521167874336243 1.0602312088012695 -0.12337696552276611 -0.953379213809967 -0.275401771068573 9.278159141540527 0.0 0.0 0.0 1.0
0.9924291968345642 -0.06742312759160995 -0.10265672951936722 -0.8347408771514893 0.07947143167257309 -0.28474658727645874 0.955302894115448 0.9956321716308594 -0.09364067018032074 -0.9562287926673889 -0.2772326171398163 9.309367179870605 0.0 0.0 0.0 1.0
0.9968980550765991 -0.04234148934483528 -0.06634387373924255 -0.8475623726844788 0.051564935594797134 -0.2854512929916382 0.9570050239562988 0.9696019887924194 -0.059458959847688675 -0.957457423210144 -0.2823825180530548 9.318886756896973 0.0 0.0 0.0 1.0
0.9984064698219299 -0.02981528453528881 -0.04791199415922165 -0.8557972311973572 0.03739742562174797 -0.28624269366264343 0.9574270248413086 0.9062753915786743 -0.04226041957736015 -0.9576931595802307 -0.2846715450286865 9.331499099731445 0.0 0.0 0.0 1.0
0.9984806776046753 -0.02987692318856716 -0.046299587935209274 -0.8580382466316223 0.035689350217580795 -0.289537250995636 0.9565011262893677 0.6260520219802856 -0.04198276624083519 -0.956700325012207 -0.28803107142448425 9.477924346923828 0.0 0.0 0.0 1.0
0.9986503720283508 -0.028904415667057037 -0.04315057769417763 -0.5273277759552002 0.03268319368362427 -0.29595232009887695 0.9546434283256531 0.5657106637954712 -0.04036392271518707 -0.9547653198242188 -0.2946082055568695 9.783693313598633 0.0 0.0 0.0 1.0
0.9996679425239563 -0.01660981774330139 -0.019701194018125534 -0.11534535884857178 0.013826030306518078 -0.29944658279418945 0.9540128707885742 0.7065657377243042 -0.021745434030890465 -0.9539684653282166 -0.2991175055503845 9.690560340881348 0.0 0.0 0.0 1.0
0.9998034238815308 0.004393949639052153 0.019334623590111732 -0.2353048175573349 -0.017118673771619797 -0.3007241487503052 0.9535574913024902 0.8297589421272278 0.010004271753132343 -0.9537010192871094 -0.30058982968330383 9.665480613708496 0.0 0.0 0.0 1.0
0.996177613735199 0.037556447088718414 0.07886478304862976 -0.40674811601638794 -0.0637231096625328 -0.3050713837146759 0.9501951336860657 0.8815650939941406 0.059745341539382935 -0.9515886306762695 -0.30151209235191345 9.60383415222168 0.0 0.0 0.0 1.0
0.9875121712684631 0.07341834902763367 0.13938944041728973 -0.45103147625923157 -0.11022762209177017 -0.31015220284461975 0.9442751407623291 0.8598924875259399 0.11255905777215958 -0.9478477835655212 -0.298186331987381 9.570137023925781 0.0 0.0 0.0 1.0
0.9768657684326172 0.10366852581501007 0.18704576790332794 -0.48950865864753723 -0.14636512100696564 -0.3135887086391449 0.9382107257843018 0.8419156074523926 0.15591835975646973 -0.943882942199707 -0.29116061329841614 9.513736724853516 0.0 0.0 0.0 1.0
0.9619269371032715 0.13518400490283966 0.23753276467323303 -0.5773933529853821 -0.1841941922903061 -0.3214201331138611 0.9288495779037476 0.7543413639068604 0.20191341638565063 -0.9372376203536987 -0.2842825949192047 9.374787330627441 0.0 0.0 0.0 1.0
0.9422844648361206 0.16766849160194397 0.28980547189712524 -0.547196090221405 -0.2230335772037506 -0.3312262296676636 0.916812539100647 0.7978640794754028 0.2497117519378662 -0.9285345673561096 -0.2747136354446411 9.150537490844727 0.0 0.0 0.0 1.0
0.9196363091468811 0.1975601613521576 0.3394688367843628 -0.5257819294929504 -0.25960737466812134 -0.34283924102783203 0.9028096199035645 0.5387769341468811 0.2947424650192261 -0.9183851480484009 -0.263999342918396 9.085640907287598 0.0 0.0 0.0 1.0
0.9059532880783081 0.21381916105747223 0.36541759967803955 -0.47715669870376587 -0.27849265933036804 -0.3491293489933014 0.8947349190711975 0.45973894000053406 0.31888946890830994 -0.9123541116714478 -0.2567478120326996 9.128769874572754 0.0 0.0 0.0 1.0
0.9048752784729004 0.2153606116771698 0.36717909574508667 -0.5114709138870239 -0.27854257822036743 -0.352710098028183 0.8933138251304626 0.2870795428752899 0.3218923807144165 -0.9106126427650452 -0.2591715455055237 9.358909606933594 0.0 0.0 0.0 1.0
0.9034379720687866 0.21679842472076416 0.36986246705055237 -0.5687664747238159 -0.27957993745803833 -0.3561009168624878 0.8916429877281189 0.1995256245136261 0.3250151574611664 -0.9089502692222595 -0.2611026167869568 9.556265830993652 0.0 0.0 0.0 1.0
0.9017844796180725 0.21967820823192596 0.3721911609172821 -0.10759633034467697 -0.2804221510887146 -0.35787758231163025 0.8906666040420532 0.08030775934457779 0.3288589119911194 -0.9075599908828735 -0.2611258029937744 9.809443473815918 0.0 0.0 0.0 1.0
0.8913971781730652 0.22990456223487854 0.3905828893184662 -0.12612877786159515 -0.29386821389198303 -0.3628939390182495 0.8842790722846985 0.19167272746562958 0.345039963722229 -0.9030237197875977 -0.25592097640037537 9.9266357421875 0.0 0.0 0.0 1.0
0.8702811002731323 0.24976517260074615 0.42453286051750183 -0.15297141671180725 -0.319439560174942 -0.3698637783527374 0.8724443316459656 0.2259814590215683 0.37492555379867554 -0.8948844075202942 -0.2421005815267563 9.819011688232422 0.0 0.0 0.0 1.0
0.8443767428398132 0.2709868550300598 0.4621623456478119 -0.4123547673225403 -0.3467816710472107 -0.38110172748565674 0.857032060623169 0.17576761543750763 0.4083752930164337 -0.8839273452758789 -0.22782017290592194 9.745673179626465 0.0 0.0 0.0 1.0
0.8251802325248718 0.28781217336654663 0.48604708909988403 -0.411146879196167 -0.3633385896682739 -0.38839203119277954 0.8468392491340637 0.1392885148525238 0.4325074553489685 -0.8753946423530579 -0.21592013537883759 9.680180549621582 0.0 0.0 0.0 1.0
0.7948101758956909 0.3119637072086334 0.5205338001251221 -0.4331740736961365 -0.3869982361793518 -0.40015116333961487 0.8307294249534607 0.21293918788433075 0.4674496352672577 -0.8617178797721863 -0.1973148137331009 9.659466743469238 0.0 0.0 0.0 1.0
0.7534262537956238 0.3392394185066223 0.5632632374763489 -0.3571857511997223 -0.41549140214920044 -0.4183098077774048 0.8077027797698975 0.20136864483356476 0.5096231698989868 -0.8425755500793457 -0.17421454191207886 9.603311538696289 0.0 0.0 0.0 1.0
0.7195931077003479 0.3630983531475067 0.5918998122215271 -0.4490480422973633 -0.4347298741340637 -0.42911192774772644 0.7917530536651611 0.15583224594593048 0.5414754748344421 -0.8270565271377563 -0.1509362757205963 9.632633209228516 0.0 0.0 0.0 1.0
0.6863061189651489 0.38308465480804443 0.6182475686073303 -0.4122178256511688 -0.45072171092033386 -0.44312584400177 0.7749125361442566 0.14881004393100739 0.5708186030387878 -0.8104848265647888 -0.1314554065465927 9.621675491333008 0.0 0.0 0.0 1.0
0.6563665270805359 0.3986782729625702 0.6404987573623657 -0.3873249292373657 -0.4631568193435669 -0.45722493529319763 0.7592306137084961 0.158841073513031 0.5955407619476318 -0.7949849367141724 -0.11545657366514206 9.501960754394531 0.0 0.0 0.0 1.0
0.6223180890083313 0.4150860607624054 0.6636442542076111 -0.43397122621536255 -0.47873353958129883 -0.4689442217350006 0.7422301173210144 0.15701386332511902 0.6193014979362488 -0.7796120047569275 -0.0931168794631958 9.458700180053711 0.0 0.0 0.0 1.0
0.595632016658783 0.4258655905723572 0.6810734272003174 -0.4927218556404114 -0.4898007810115814 -0.4794624447822571 0.7281558513641357 0.17330633103847504 0.6366456747055054 -0.7673032283782959 -0.07699387520551682 9.36168098449707 0.0 0.0 0.0 1.0
0.5620338320732117 0.43669307231903076 0.7024365663528442 -0.4408235251903534 -0.502934992313385 -0.4937869608402252 0.7093876600265503 0.16578854620456696 0.6566386818885803 -0.7519797682762146 -0.057896725833415985 9.201532363891602 0.0 0.0 0.0 1.0
0.5584293603897095 0.4384639859199524 0.7042059302330017 -0.5182833075523376 -0.502516508102417 -0.4966197907924652 0.7077047228813171 -0.03960847482085228 0.6600256562232971 -0.7490781545639038 -0.05699169635772705 9.370393753051758 0.0 0.0 0.0 1.0
0.5551616549491882 0.44034096598625183 0.7056170105934143 -0.4766799509525299 -0.5022768378257751 -0.4987134635448456 0.7064013481140137 -0.05818970501422882 0.6629581451416016 -0.74658203125 -0.05569349229335785 9.844985008239746 0.0 0.0 0.0 1.0
0.5527397990226746 0.4398335814476013 0.7078313231468201 -0.23405563831329346 -0.502862811088562 -0.5012772679328918 0.7041662335395813 -0.15867017209529877 0.6645357012748718 -0.7451627254486084 -0.05589994788169861 10.237039566040039 0.0 0.0 0.0 1.0
0.5172085165977478 0.4464806020259857 0.7301715016365051 -0.28247761726379395 -0.5194609761238098 -0.514266848564148 0.6824147701263428 -0.23966851830482483 0.6801879405975342 -0.7322463393211365 -0.03405395522713661 10.136239051818848 0.0 0.0 0.0 1.0
0.48221006989479065 0.45023414492607117 0.7515069246292114 -0.40890616178512573 -0.5360996127128601 -0.5268017649650574 0.6596037149429321 -0.18427467346191406 0.6928712725639343 -0.720950186252594 -0.01265873946249485 9.988663673400879 0.0 0.0 0.0 1.0
0.4558560848236084 0.45033785700798035 0.7677180767059326 -0.43937334418296814 -0.5507316589355469 -0.5348861217498779 0.640774130821228 0.1939285397529602 0.6992065906524658 -0.7149074673652649 0.004184241406619549 9.93039321899414 0.0 0.0 0.0 1.0
0.4417007863521576 0.44597187638282776 0.7784661054611206 -0.07066085934638977 -0.5613697171211243 -0.5394620895385742 0.6275704503059387 0.5624934434890747 0.6998317241668701 -0.7142056822776794 0.012074301019310951 9.959429740905762 0.0 0.0 0.0 1.0
0.4428054690361023 0.4359295964241028 0.7835105061531067 -0.10363033413887024 -0.569070041179657 -0.53864586353302 0.6213050484657288 1.0738059282302856 0.6928799152374268 -0.7209895849227905 0.009559155441820621 10.015069961547852 0.0 0.0 0.0 1.0
0.42369863390922546 0.4311997592449188 0.7965841293334961 0.03175503388047218 -0.5819333791732788 -0.5443450212478638 0.6041870713233948 0.9910953640937805 0.6941419243812561 -0.7195520997047424 0.020291291177272797 10.012428283691406 0.0 0.0 0.0 1.0
0.3870770037174225 0.4304150640964508 0.815422773361206 -0.21650345623493195 -0.5969598293304443 -0.5570114254951477 0.5773882865905762 0.903052568435669 0.7027164101600647 -0.7102683782577515 0.041334182024002075 9.803970336914062 0.0 0.0 0.0 1.0
0.35083431005477905 0.4301362633705139 0.831804096698761 -0.2418196052312851 -0.6074761748313904 -0.5714617371559143 0.551728367805481 0.7763152718544006 0.7126625776290894 -0.6988664269447327 0.060809165239334106 9.809555053710938 0.0 0.0 0.0 1.0
0.312018483877182 0.4322146773338318 0.8460702896118164 -0.20895004272460938 -0.6163752675056458 -0.5855941772460938 0.5264608263969421 0.7220754623413086 0.7229979038238525 -0.685762345790863 0.08369024097919464 9.792936325073242 0.0 0.0 0.0 1.0
0.2636333107948303 0.4356094300746918 0.860663652420044 -0.29059627652168274 -0.6247342228889465 -0.6027213335037231 0.49642136693000793 0.5895434021949768 0.7349861264228821 -0.6685592532157898 0.11324271559715271 9.83620548248291 0.0 0.0 0.0 1.0
0.2540869414806366 0.43574467301368713 0.8634618520736694 -0.31877297163009644 -0.6258171200752258 -0.6066110134124756 0.4902815818786621 0.6738718152046204 0.7374230623245239 -0.6649433970451355 0.11856454610824585 9.926582336425781 0.0 0.0 0.0 1.0
0.25263485312461853 0.4344024956226349 0.864563524723053 -0.41604864597320557 -0.624987006187439 -0.6088589429855347 0.48855096101760864 0.5310234427452087 0.7386249899864197 -0.6637659668922424 0.11767693608999252 10.111189842224121 0.0 0.0 0.0 1.0
0.23514264822006226 0.4362025558948517 0.8685823082923889 -0.366072416305542 -0.6260555982589722 -0.6155966520309448 0.47863882780075073 0.5736150145530701 0.7434799075126648 -0.6563292145729065 0.12833401560783386 10.00999927520752 0.0 0.0 0.0 1.0
0.18741515278816223 0.44041478633880615 0.8780150413513184 -0.4071764647960663 -0.6321486830711365 -0.6300804018974304 0.45098423957824707 0.6211246252059937 0.7518401741981506 -0.6395573019981384 0.16032099723815918 9.912301063537598 0.0 0.0 0.0 1.0
0.1342867612838745 0.4421160817146301 0.8868485689163208 -0.3482595980167389 -0.63593989610672 -0.6479018926620483 0.41928935050964355 0.6268165111541748 0.7599654793739319 -0.6202874183654785 0.19415460526943207 9.970732688903809 0.0 0.0 0.0 1.0
0.09030891209840775 0.4446301758289337 0.8911499977111816 -0.25026920437812805 -0.6382529139518738 -0.66105717420578 0.39450812339782715 0.6893225908279419 0.7645112872123718 -0.6044066548347473 0.22408714890480042 9.949527740478516 0.0 0.0 0.0 1.0
0.044672414660453796 0.44546207785606384 0.8941856026649475 -0.16124436259269714 -0.6397553086280823 -0.6747055053710938 0.3680836856365204 0.72090083360672 0.7672792673110962 -0.5885031819343567 0.2548460066318512 9.797955513000488 0.0 0.0 0.0 1.0
0.0022834395058453083 0.44579607248306274 0.8951316475868225 -0.18092845380306244 -0.6396733522415161 -0.6873895525932312 0.3439675271511078 0.6685431003570557 0.7686434984207153 -0.573377251625061 0.2835942506790161 9.636435508728027 0.0 0.0 0.0 1.0
-0.03320242837071419 0.44368061423301697 0.8955696821212769 -0.22185516357421875 -0.6382471919059753 -0.6989690065383911 0.3226188123226166 0.6404837369918823 0.769115149974823 -0.560883104801178 0.3063853681087494 9.526984214782715 0.0 0.0 0.0 1.0
-0.07091151922941208 0.4420243501663208 0.8941957354545593 -0.296991229057312 -0.6361808776855469 -0.7105011940002441 0.3007689118385315 0.5886403918266296 0.7682743668556213 -0.5475422143936157 0.3315901458263397 9.530400276184082 0.0 0.0 0.0 1.0
-0.07162221521139145 0.4413030743598938 0.8944953083992004 -0.3373027741909027 -0.6350913047790527 -0.7116889357566833 0.30026301741600037 0.4833592474460602 0.7691094279289246 -0.5465806722640991 0.3312404751777649 9.55717945098877 0.0 0.0 0.0 1.0
-0.07106746733188629 0.4404037296772003 0.894982635974884 -0.2244442254304886 -0.6325044631958008 -0.7136916518211365 0.3009689152240753 0.3770730197429657 0.7712895274162292 -0.5446914434432983 0.3292776048183441 9.744535446166992 0.0 0.0 0.0 1.0
-0.07045392692089081 0.44147512316703796 0.8945031762123108 -0.20243628323078156 -0.6313929557800293 -0.7139679789543152 0.3026428520679474 0.46309253573417664 0.7722558975219727 -0.5434606075286865 0.3290461301803589 9.865148544311523 0.0 0.0 0.0 1.0
-0.10294470191001892 0.43766433000564575 0.8932257890701294 -0.21037544310092926 -0.628821611404419 -0.7244221568107605 0.28248167037963867 0.41780632734298706 0.7707047462463379 -0.532599687576294 0.34978821873664856 9.776567459106445 0.0 0.0 0.0 1.0
-0.15258152782917023 0.4324629008769989 0.8886476755142212 -0.205631285905838 -0.6232829689979553 -0.7399167418479919 0.25306436419487 0.4044932425022125 0.7669662237167358 -0.5152660012245178 0.3824443817138672 9.559962272644043 0.0 0.0 0.0 1.0
-0.2086551934480667 0.4251014292240143 0.8807677030563354 -0.13972020149230957 -0.6139659285545349 -0.7579458355903625 0.22037217020988464 0.45937007665634155 0.7612547874450684 -0.4947795867919922 0.41914716362953186 9.538191795349121 0.0 0.0 0.0 1.0
-0.25830861926078796 0.4178013205528259 0.8710446357727051 -0.05403435230255127 -0.6054884195327759 -0.7725901007652283 0.1910192370414734 0.5612850189208984 0.7527685165405273 -0.47806549072265625 0.4525405466556549 9.516298294067383 0.0 0.0 0.0 1.0
-0.30462807416915894 0.41038089990615845 0.8595284819602966 -0.13738977909088135 -0.5955748558044434 -0.7863091230392456 0.16434292495250702 0.5769935250282288 0.7432982921600342 -0.461850106716156 0.4839443564414978 9.345852851867676 0.0 0.0 0.0 1.0
-0.36994490027427673 0.39650222659111023 0.8401944637298584 -0.3033943772315979 -0.5789925456047058 -0.8056526184082031 0.12526589632034302 0.5045177936553955 0.7265730500221252 -0.44012483954429626 0.527618944644928 9.32183837890625 0.0 0.0 0.0 1.0
-0.37039321660995483 0.3955993354320526 0.840422511100769 -0.33857518434524536 -0.578010082244873 -0.8064218163490295 0.12485259026288986 0.4298989772796631 0.7271266579627991 -0.43952813744544983 0.5273535847663879 9.379881858825684 0.0 0.0 0.0 1.0
-0.37055641412734985 0.39488378167152405 0.8406870365142822 -0.3929382264614105 -0.5774049758911133 -0.8069081902503967 0.12450988590717316 0.41323122382164 0.7275242209434509 -0.4392789304256439 0.5270128846168518 9.498673439025879 0.0 0.0 0.0 1.0
-0.3918006420135498 0.38918933272361755 0.8336809277534485 -0.4210292100906372 -0.571760892868042 -0.8129062056541443 0.11078353226184845 0.4353082776069641 0.7208201885223389 -0.43326109647750854 0.541020393371582 9.491371154785156 0.0 0.0 0.0 1.0
-0.44528838992118835 0.3744237720966339 0.8133419156074524 -0.6075484752655029 -0.5553319454193115 -0.8280417323112488 0.07715778052806854 0.33469387888908386 0.7023707628250122 -0.417317271232605 0.5766468644142151 9.350830078125 0.0 0.0 0.0 1.0
-0.5022339224815369 0.35789281129837036 0.7871936559677124 -0.4846247136592865 -0.5336953997612 -0.8445586562156677 0.04347284138202667 0.3581007122993469 0.6803898215293884 -0.3982881009578705 0.6151717305183411 9.325091361999512 0.0 0.0 0.0 1.0
-0.5531211495399475 0.34128034114837646 0.7599899768829346 -0.44492998719215393 -0.5123841762542725 -0.8586627840995789 0.012676702812314034 0.35250067710876465 0.6569013595581055 -0.38239508867263794 0.6498112082481384 9.395877838134766 0.0 0.0 0.0 1.0
-0.6145332455635071 0.31997236609458923 0.7210870385169983 -0.44701114296913147 -0.48445990681648254 -0.8744606971740723 -0.02484230138361454 0.36771678924560547 0.6226134300231934 -0.3646041750907898 0.6923989653587341 9.29521656036377 0.0 0.0 0.0 1.0
-0.6629112958908081 0.30192893743515015 0.6851186156272888 -0.43239426612854004 -0.45843106508255005 -0.8871721029281616 -0.052598487585783005 0.39020103216171265 0.5919371247291565 -0.34894779324531555 0.7265300750732422 9.158154487609863 0.0 0.0 0.0 1.0
-0.7196504473686218 0.27623507380485535 0.6370222568511963 -0.5307009220123291 -0.42441844940185547 -0.9011094570159912 -0.08871729671955109 0.5492561459541321 0.549519956111908 -0.3342094421386719 0.7657231092453003 9.121387481689453 0.0 0.0 0.0 1.0
-0.7511371374130249 0.26114341616630554 0.6062978506088257 -0.454033225774765 -0.40355631709098816 -0.9084792137145996 -0.10866405814886093 0.651874840259552 0.5224320888519287 -0.32629692554473877 0.7877785563468933 9.098581314086914 0.0 0.0 0.0 1.0
-0.7843668460845947 0.24564342200756073 0.5695857405662537 -0.41811293363571167 -0.3802141547203064 -0.9159169793128967 -0.12858186662197113 0.7990912199020386 0.4901079833507538 -0.3174199163913727 0.8118120431900024 9.044564247131348 0.0 0.0 0.0 1.0
-0.7836164236068726 0.24621407687664032 0.5703717470169067 -0.3018622398376465 -0.38310861587524414 -0.9142698049545288 -0.13167570531368256 0.4447920322418213 0.48905327916145325 -0.3216975927352905 0.8107635378837585 9.170028686523438 0.0 0.0 0.0 1.0
-0.7836275696754456 0.24578548967838287 0.570541262626648 -0.45140209794044495 -0.3831474483013153 -0.9141433238983154 -0.13243870437145233 0.4095958173274994 0.4890049695968628 -0.3223840296268463 0.8105199933052063 9.224818229675293 0.0 0.0 0.0 1.0
-0.7833875417709351 0.24485933780670166 0.571268618106842 -0.36560535430908203 -0.38278573751449585 -0.9142032861709595 -0.13306942582130432 0.263528048992157 0.48967233300209045 -0.3229184150695801 0.8099040985107422 9.323894500732422 0.0 0.0 0.0 1.0
-0.8195555210113525 0.22035269439220428 0.5289361476898193 -0.4341873228549957 -0.34998205304145813 -0.9234057068824768 -0.15758951008319855 0.24303148686885834 0.4536973834037781 -0.3142715096473694 0.8339017629623413 9.215994834899902 0.0 0.0 0.0 1.0
-0.8590230941772461 0.1921880543231964 0.47449246048927307 -0.39949485659599304 -0.30854281783103943 -0.9339675903320312 -0.18029367923736572 0.1986389458179474 0.40851029753685 -0.30127766728401184 0.861598014831543 9.290828704833984 0.0 0.0 0.0 1.0
-0.8899616599082947 0.16683563590049744 0.42442208528518677 -0.2511047124862671 -0.2698051333427429 -0.9429454803466797 -0.1950872242450714 0.2705569565296173 0.36765938997268677 -0.2881314158439636 0.8841984272003174 9.233911514282227 0.0 0.0 0.0 1.0
-0.9187872409820557 0.14094367623329163 0.36873412132263184 -0.13342897593975067 -0.22761297225952148 -0.9523276090621948 -0.20313648879528046 0.40951651334762573 0.32252487540245056 -0.2705678939819336 0.9070671200752258 9.154889106750488 0.0 0.0 0.0 1.0
-0.9319681525230408 0.13109923899173737 0.3380064070224762 -0.09711073338985443 -0.2058962881565094 -0.958777904510498 -0.19583569467067719 0.613978922367096 0.2983991801738739 -0.2521069049835205 0.9205433130264282 9.047088623046875 0.0 0.0 0.0 1.0
-0.9431830048561096 0.12064104527235031 0.3095989525318146 -0.08326789736747742 -0.1841033399105072 -0.9654014706611633 -0.18467795848846436 0.6093847751617432 0.27660754323005676 -0.23118330538272858 0.9327607154846191 8.923163414001465 0.0 0.0 0.0 1.0
-0.9474308490753174 0.1194382905960083 0.29683205485343933 -0.20556437969207764 -0.17484229803085327 -0.9702146649360657 -0.16767126321792603 0.7584447264671326 0.2679644525051117 -0.21075572073459625 0.9400941729545593 8.902899742126465 0.0 0.0 0.0 1.0
-0.9599502086639404 0.10253505408763885 0.260733962059021 -0.2221994549036026 -0.14775711297988892 -0.9759633541107178 -0.16019783914089203 0.8601609468460083 0.23804089426994324 -0.192307248711586 0.9520264863967896 8.976035118103027 0.0 0.0 0.0 1.0
-0.97258061170578 0.07891406118869781 0.2187681347131729 -0.24659301340579987 -0.11455540359020233 -0.9811959266662598 -0.15534348785877228 0.9977285861968994 0.20239561796188354 -0.17614513635635376 0.9633321762084961 8.978226661682129 0.0 0.0 0.0 1.0
