-0.42779067158699036 0.7849578261375427 0.4481477439403534 1.827851414680481 -0.7677823305130005 -0.5772064924240112 0.27810612320899963 0.4026843309402466 0.47697535157203674 -0.22510871291160583 0.8496002554893494 11.941150665283203 0.0 0.0 0.0 1.0
-0.42754510045051575 0.7847486138343811 0.44874802231788635 1.809753656387329 -0.7679026126861572 -0.5772073268890381 0.2777720093727112 0.4083760976791382 0.4770018458366394 -0.2258347123861313 0.8493926525115967 11.965408325195312 0.0 0.0 0.0 1.0
-0.4266059398651123 0.7850598692893982 0.44909724593162537 1.798180103302002 -0.7683266997337341 -0.5765380263328552 0.27798914909362793 0.41614440083503723 0.4771597981452942 -0.22646157443523407 0.849137008190155 11.958145141601562 0.0 0.0 0.0 1.0
-0.4227593243122101 0.7859801650047302 0.4511204659938812 1.7558006048202515 -0.7691155672073364 -0.5744577646255493 0.28010621666908264 0.4118129014968872 0.479307621717453 -0.22854626178741455 0.847366988658905 11.959029197692871 0.0 0.0 0.0 1.0
-0.4201795756816864 0.786113440990448 0.4532932639122009 1.7186784744262695 -0.7698055505752563 -0.5732789039611816 0.280625581741333 0.404897540807724 0.4804669916629791 -0.2310345321893692 0.846034586429596 12.018054008483887 0.0 0.0 0.0 1.0
-0.4134734869003296 0.7879214286804199 0.4563107490539551 1.6875923871994019 -0.7716783881187439 -0.569240927696228 0.2836851179599762 0.4058598279953003 0.48327234387397766 -0.23482884466648102 0.8433879613876343 11.992829322814941 0.0 0.0 0.0 1.0
-0.4044381082057953 0.7903621792793274 0.460171103477478 1.6396609544754028 -0.7742862701416016 -0.5636860728263855 0.28764355182647705 0.4089435636997223 0.48673462867736816 -0.2399701476097107 0.8399426937103271 11.985520362854004 0.0 0.0 0.0 1.0
-0.39237403869628906 0.7946793437004089 0.4631709158420563 1.5960749387741089 -0.7781360745429993 -0.55528724193573 0.29353073239326477 0.4177675247192383 0.4904557168483734 -0.24523617327213287 0.8362489938735962 11.922526359558105 0.0 0.0 0.0 1.0
-0.3826185166835785 0.798356831073761 0.4650048017501831 1.5458170175552368 -0.7813420295715332 -0.5482039451599121 0.2982902526855469 0.4161413013935089 0.49305951595306396 -0.24919641017913818 0.8335427045822144 11.89763355255127 0.0 0.0 0.0 1.0
-0.3655136525630951 0.8046093583106995 0.4679781496524811 1.4452694654464722 -0.7869029641151428 -0.5356557965278625 0.3063602149486542 0.3961966335773468 0.49717551469802856 -0.256274551153183 0.8289390206336975 11.7981538772583 0.0 0.0 0.0 1.0
-0.3445606529712677 0.8105687499046326 0.4735570549964905 1.3559502363204956 -0.7927328944206238 -0.5214336514472961 0.31572383642196655 0.3968242108821869 0.5028444528579712 -0.2666182219982147 0.8222299814224243 11.804204940795898 0.0 0.0 0.0 1.0
-0.32236212491989136 0.8167862296104431 0.47847980260849 1.257826328277588 -0.7991806864738464 -0.5057306885719299 0.32487952709198 0.4539704918861389 0.5073390603065491 -0.2776629626750946 0.815788209438324 11.752564430236816 0.0 0.0 0.0 1.0
-0.30723410844802856 0.8213592767715454 0.4805997610092163 1.2093209028244019 -0.8036208748817444 -0.49442872405052185 0.3312608301639557 0.5158130526542664 0.5097064971923828 -0.2844453752040863 0.8119668364524841 11.73771858215332 0.0 0.0 0.0 1.0
-0.28290894627571106 0.8281628489494324 0.483847975730896 1.1227065324783325 -0.8094275593757629 -0.47678208351135254 0.342791348695755 0.6205076575279236 0.5145770907402039 -0.29466116428375244 0.8052237033843994 11.75493335723877 0.0 0.0 0.0 1.0
-0.2570977807044983 0.836358368396759 0.4841543436050415 1.054456114768982 -0.8144434094429016 -0.45719173550605774 0.357292115688324 0.7011290788650513 0.5201756358146667 -0.3024573028087616 0.798709511756897 11.617793083190918 0.0 0.0 0.0 1.0
-0.23075468838214874 0.8439509272575378 0.48425108194351196 0.9882245659828186 -0.8191520571708679 -0.43708598613739014 0.3714105188846588 0.6985800266265869 0.5251116156578064 -0.31097057461738586 0.7921837568283081 11.545320510864258 0.0 0.0 0.0 1.0
-0.21325986087322235 0.8485444188117981 0.48424437642097473 0.9666107892990112 -0.8222108483314514 -0.4235987961292267 0.3801754117012024 0.6651604175567627 0.5277210474014282 -0.31707480549812317 0.788019061088562 11.496708869934082 0.0 0.0 0.0 1.0
-0.1846286952495575 0.8549362421035767 0.48476409912109375 0.9518470764160156 -0.8259052038192749 -0.40232452750205994 0.394988089799881 0.5901014804840088 0.5327221155166626 -0.32744303345680237 0.7803769707679749 11.35944938659668 0.0 0.0 0.0 1.0
-0.15548357367515564 0.8605599403381348 0.48503759503364563 0.9276283979415894 -0.8295493125915527 -0.3803415298461914 0.408886581659317 0.5160501003265381 0.5363513231277466 -0.3387874662876129 0.7730137705802917 11.113021850585938 0.0 0.0 0.0 1.0
-0.12522819638252258 0.8654634952545166 0.48506784439086914 0.9036586880683899 -0.8337140083312988 -0.35682809352874756 0.42141976952552795 0.4736148416996002 0.5378092527389526 -0.3516342341899872 0.7662340402603149 10.857808113098145 0.0 0.0 0.0 1.0
-0.10391201823949814 0.8705785870552063 0.48093166947364807 0.8594323992729187 -0.8356516361236572 -0.33863866329193115 0.4324467182159424 0.43972349166870117 0.5393409132957458 -0.3569549322128296 0.7626890540122986 10.555819511413574 0.0 0.0 0.0 1.0
-0.07004665583372116 0.8758269548416138 0.47751498222351074 0.7646456360816956 -0.8368752598762512 -0.31211239099502563 0.44969508051872253 0.3741621673107147 0.5428934097290039 -0.36812084913253784 0.7548203468322754 10.309548377990723 0.0 0.0 0.0 1.0
-0.03475202992558479 0.8803319931030273 0.4730833172798157 0.636872410774231 -0.8366974592208862 -0.28451016545295715 0.46796509623527527 0.3140622079372406 0.5465616583824158 -0.37956488132476807 0.746458888053894 10.137077331542969 0.0 0.0 0.0 1.0
0.0001124278933275491 0.8838871121406555 0.467700332403183 0.524086058139801 -0.8359096646308899 -0.25662219524383545 0.48518040776252747 0.22564861178398132 0.5488669872283936 -0.39100977778434753 0.7388209104537964 9.977680206298828 0.0 0.0 0.0 1.0
0.024041883647441864 0.8837417960166931 0.4673568904399872 0.4838499128818512 -0.8348183631896973 -0.23944756388664246 0.4957248270511627 0.18138089776039124 0.5500001907348633 -0.40207627415657043 0.7320071458816528 10.021871566772461 0.0 0.0 0.0 1.0
0.06161414086818695 0.8855060935020447 0.460524320602417 0.4424735903739929 -0.8318851590156555 -0.2093944400548935 0.5139271020889282 0.1589730829000473 0.5515168309211731 -0.4147685468196869 0.7237377166748047 10.01997184753418 0.0 0.0 0.0 1.0
0.09997280687093735 0.8850658535957336 0.454602986574173 0.46602413058280945 -0.8273366689682007 -0.17986927926540375 0.5321287512779236 0.13600756227970123 0.5527381300926208 -0.429308146238327 0.7142654061317444 10.060333251953125 0.0 0.0 0.0 1.0
0.1272450089454651 0.8838728070259094 0.45008617639541626 0.5081400871276855 -0.8220238089561462 -0.15996062755584717 0.5465248823165894 0.10880034416913986 0.5550545454025269 -0.4395241141319275 0.7062103152275085 10.107446670532227 0.0 0.0 0.0 1.0
0.16980727016925812 0.8781757950782776 0.44718319177627563 0.560133695602417 -0.8130905032157898 -0.13154533505439758 0.5670799612998962 0.05896347761154175 0.5568207502365112 -0.45989471673965454 0.6916990280151367 10.282381057739258 0.0 0.0 0.0 1.0
0.21390047669410706 0.8720763921737671 0.4401470124721527 0.5821466445922852 -0.8015584349632263 -0.10084787756204605 0.5893502831459045 0.027622751891613007 0.5583463907241821 -0.4788658618927002 0.6774487495422363 10.391860008239746 0.0 0.0 0.0 1.0
0.2592400312423706 0.8612229228019714 0.43713802099227905 0.5495618581771851 -0.7888969779014587 -0.07228537648916245 0.6102592349052429 -0.013332764618098736 0.5571679472923279 -0.5030604600906372 0.6606769561767578 10.560567855834961 0.0 0.0 0.0 1.0
0.28989434242248535 0.8525580167770386 0.4348633587360382 0.5217287540435791 -0.7787530422210693 -0.053995851427316666 0.6250025629997253 -0.020905012264847755 0.5563317537307739 -0.5198358297348022 0.6482790112495422 10.727560043334961 0.0 0.0 0.0 1.0
0.33574390411376953 0.8407117128372192 0.4248291552066803 0.43160510063171387 -0.7612215280532837 -0.02348259650170803 0.6480665802955627 -0.02501196786761284 0.5548132658004761 -0.5409735441207886 0.6320837736129761 10.771455764770508 0.0 0.0 0.0 1.0
0.3803885877132416 0.823891282081604 0.4201282262802124 0.3339264988899231 -0.7426574230194092 0.001397190848365426 0.669670045375824 0.009203938767313957 0.5511482954025269 -0.566746175289154 0.612400472164154 11.024860382080078 0.0 0.0 0.0 1.0
0.42214521765708923 0.8085694313049316 0.4098888635635376 0.24993427097797394 -0.7249310612678528 0.02961656078696251 0.6881844401359558 0.07118670642375946 0.5443053841590881 -0.5876549482345581 0.5986595749855042 11.144923210144043 0.0 0.0 0.0 1.0
0.44941437244415283 0.7971127033233643 0.40328413248062134 0.22691300511360168 -0.7124055027961731 0.04742147773504257 0.7001639604568481 0.11545403301715851 0.5389852523803711 -0.601965606212616 0.5891793966293335 11.21596622467041 0.0 0.0 0.0 1.0
0.48898744583129883 0.777953028678894 0.39456355571746826 0.2180570363998413 -0.6937036514282227 0.07258889079093933 0.7165933847427368 0.16976457834243774 0.5288350582122803 -0.6241153478622437 0.5751639008522034 11.2870512008667 0.0 0.0 0.0 1.0
0.5235442519187927 0.7592981457710266 0.38648128509521484 0.2831166982650757 -0.6773441433906555 0.09576985985040665 0.72940593957901 0.18370111286640167 0.5168232917785645 -0.6436571478843689 0.5644459128379822 11.38145637512207 0.0 0.0 0.0 1.0
0.5546913743019104 0.7418177723884583 0.3768605589866638 0.43254554271698 -0.6595520377159119 0.11588277667760849 0.7426723837852478 0.2138979434967041 0.5072559118270874 -0.6605131030082703 0.5535466074943542 11.29310417175293 0.0 0.0 0.0 1.0
0.574751079082489 0.7284924387931824 0.37277334928512573 0.5437508225440979 -0.6474062204360962 0.12616439163684845 0.7516300082206726 0.24339178204536438 0.5005260705947876 -0.6733359694480896 0.5441436767578125 11.233864784240723 0.0 0.0 0.0 1.0
0.6038311719894409 0.7111107707023621 0.36015191674232483 0.62889164686203 -0.6249228119850159 0.1418365091085434 0.7676938772201538 0.2796272039413452 0.4948326647281647 -0.6886246800422668 0.5300346612930298 11.278549194335938 0.0 0.0 0.0 1.0
0.6296399831771851 0.6936389207839966 0.34988364577293396 0.5230308175086975 -0.6056371927261353 0.15617890655994415 0.7802639007568359 0.269787073135376 0.48657697439193726 -0.703187882900238 0.5184299945831299 11.23534107208252 0.0 0.0 0.0 1.0
0.656389057636261 0.672854483127594 0.34120407700538635 0.3505212962627411 -0.5860000252723694 0.16988389194011688 0.7923026084899902 0.21614903211593628 0.4751392900943756 -0.7200043797492981 0.5058026909828186 11.377609252929688 0.0 0.0 0.0 1.0
0.6744024157524109 0.6586275100708008 0.33375319838523865 0.1869661659002304 -0.5717535614967346 0.17981310188770294 0.8004780411720276 0.1903669238090515 0.46720367670059204 -0.7306689023971558 0.4978390336036682 11.432928085327148 0.0 0.0 0.0 1.0
0.702322244644165 0.6353289484977722 0.3210928440093994 -0.12458132952451706 -0.5458304286003113 0.1910749226808548 0.8158183097839355 0.1785849928855896 0.45696017146110535 -0.7482295632362366 0.4809780418872833 11.657397270202637 0.0 0.0 0.0 1.0
0.7267963290214539 0.6126707792282104 0.3104860484600067 -0.39053794741630554 -0.525833010673523 0.20549516379833221 0.8253916501998901 0.24814939498901367 0.44189000129699707 -0.763155460357666 0.4715156555175781 11.529594421386719 0.0 0.0 0.0 1.0
0.7501023411750793 0.5901497602462769 0.2984454929828644 -0.571030855178833 -0.504882276058197 0.219556987285614 0.8347985744476318 0.3645723760128021 0.4271303713321686 -0.776864230632782 0.46264636516571045 11.407224655151367 0.0 0.0 0.0 1.0
0.7645559906959534 0.5748892426490784 0.2914729416370392 -0.6167408227920532 -0.4923590421676636 0.2290579229593277 0.8397113084793091 0.47110715508461 0.4159768223762512 -0.7855156064033508 0.4581795334815979 11.254829406738281 0.0 0.0 0.0 1.0
0.7849185466766357 0.5533971786499023 0.2786654233932495 -0.6032068729400635 -0.4731980264186859 0.24506819248199463 0.8461827039718628 0.556266725063324 0.39998307824134827 -0.7960484623908997 0.4542250335216522 10.995658874511719 0.0 0.0 0.0 1.0
0.8035463690757751 0.530475378036499 0.27001699805259705 -0.4590459167957306 -0.45517072081565857 0.2552794814109802 0.8530251979827881 0.5382661819458008 0.3835790455341339 -0.8083491325378418 0.4465857446193695 10.939196586608887 0.0 0.0 0.0 1.0
0.8158950209617615 0.5158385038375854 0.26120099425315857 -0.3034452795982361 -0.4409296214580536 0.2628589868545532 0.858187735080719 0.49434956908226013 0.374027281999588 -0.8153623342514038 0.44191381335258484 10.858776092529297 0.0 0.0 0.0 1.0
0.8351059556007385 0.4920956492424011 0.24584533274173737 -0.12692272663116455 -0.41493961215019226 0.2701118588447571 0.8688294887542725 0.43088626861572266 0.36114147305488586 -0.82757568359375 0.42976197600364685 10.814936637878418 0.0 0.0 0.0 1.0
0.8518500328063965 0.4692240357398987 0.23276656866073608 -0.044663142412900925 -0.392473429441452 0.27751320600509644 0.8768985271453857 0.3717142343521118 0.34686607122421265 -0.8383407592773438 0.4205576181411743 10.86695384979248 0.0 0.0 0.0 1.0
0.8678901195526123 0.44593632221221924 0.21887792646884918 -0.13146953284740448 -0.3693842887878418 0.28472521901130676 0.8845828175544739 0.2729301452636719 0.3321475386619568 -0.8485707640647888 0.4118320643901825 10.924237251281738 0.0 0.0 0.0 1.0
0.8777838349342346 0.4303075969219208 0.21054910123348236 -0.25579115748405457 -0.3548368811607361 0.288733571767807 0.889226496219635 0.2251092791557312 0.3218483030796051 -0.8552591800689697 0.4061346650123596 10.952286720275879 0.0 0.0 0.0 1.0
0.892795205116272 0.4047887325286865 0.19764326512813568 -0.545565664768219 -0.33120813965797424 0.29249805212020874 0.8970763683319092 0.22137372195720673 0.30531615018844604 -0.8663665056228638 0.3952101767063141 11.076556205749512 0.0 0.0 0.0 1.0
0.9053956270217896 0.37965109944343567 0.19006264209747314 -0.8528583645820618 -0.315394788980484 0.30173930525779724 0.8997107744216919 0.2590588331222534 0.28422683477401733 -0.8745389580726624 0.3929334282875061 11.043063163757324 0.0 0.0 0.0 1.0
0.9165765643119812 0.3545615077018738 0.18486079573631287 -1.0548601150512695 -0.30121612548828125 0.3081928491592407 0.9023779630661011 0.29938948154449463 0.2629757225513458 -0.8827815651893616 0.3892819881439209 11.215378761291504 0.0 0.0 0.0 1.0
0.9232882261276245 0.3390946388244629 0.1804264783859253 -1.0779564380645752 -0.29173144698143005 0.31350329518318176 0.9036639332771301 0.33969005942344666 0.24986329674720764 -0.886978268623352 0.38837847113609314 11.223544120788574 0.0 0.0 0.0 1.0
0.9331620931625366 0.3169461488723755 0.16956883668899536 -1.074023962020874 -0.2734396159648895 0.3197074830532074 0.9072033166885376 0.38028430938720703 0.23332218825817108 -0.8929346203804016 0.38500455021858215 11.365995407104492 0.0 0.0 0.0 1.0
0.9417710900306702 0.2968991994857788 0.15785443782806396 -0.9932240843772888 -0.25539663434028625 0.3262251317501068 0.9101371765136719 0.38650059700012207 0.21872293949127197 -0.8974564075469971 0.3830564618110657 11.424460411071777 0.0 0.0 0.0 1.0
0.9498887658119202 0.27656614780426025 0.1456795632839203 -0.8640487194061279 -0.23609574139118195 0.32932913303375244 0.9142215847969055 0.3673401474952698 0.2048662155866623 -0.9028031229972839 0.37812212109565735 11.451128959655762 0.0 0.0 0.0 1.0
0.955055296421051 0.26397666335105896 0.1348545104265213 -0.772022008895874 -0.22147421538829803 0.3330709636211395 0.916522204875946 0.3885771334171295 0.1970243602991104 -0.9051961302757263 0.37656521797180176 11.379936218261719 0.0 0.0 0.0 1.0
0.9623751640319824 0.24425345659255981 0.11905601620674133 -0.691311776638031 -0.19954615831375122 0.3378952443599701 0.9197869896888733 0.40348806977272034 0.18443268537521362 -0.9089373350143433 0.37392181158065796 11.2401704788208 0.0 0.0 0.0 1.0
0.9694045186042786 0.22376702725887299 0.10091165453195572 -0.6181291937828064 -0.1748662143945694 0.34102076292037964 0.9236485362052917 0.3752560615539551 0.17226912081241608 -0.9130351543426514 0.3697163462638855 11.258918762207031 0.0 0.0 0.0 1.0
0.9759674668312073 0.20194244384765625 0.0818948820233345 -0.602762758731842 -0.14866182208061218 0.3422171473503113 0.927786111831665 0.36047908663749695 0.15933355689048767 -0.9176636934280396 0.3640139400959015 11.269805908203125 0.0 0.0 0.0 1.0
0.9801338911056519 0.1865399032831192 0.06738264113664627 -0.636381208896637 -0.1296929568052292 0.34575140476226807 0.9293200373649597 0.3712975084781647 0.1500576138496399 -0.9195970892906189 0.3630755841732025 11.188373565673828 0.0 0.0 0.0 1.0
0.9858233332633972 0.16219431161880493 0.04295765981078148 -0.7526485919952393 -0.0980815589427948 0.34934064745903015 0.9318482279777527 0.30468955636024475 0.13613362610340118 -0.9228510856628418 0.36029642820358276 11.173454284667969 0.0 0.0 0.0 1.0
0.9903942346572876 0.1368190348148346 0.01999666914343834 -0.9750879406929016 -0.06759617477655411 0.3529170751571655 0.9332096576690674 0.23385003209114075 0.12062367796897888 -0.9255971312522888 0.35877546668052673 11.048367500305176 0.0 0.0 0.0 1.0
0.9939584136009216 0.10975733399391174 6.837306136731058e-05 -1.1942992210388184 -0.03912961483001709 0.35377421975135803 0.9345120191574097 0.16570135951042175 0.1025453582406044 -0.9288687109947205 0.3559316098690033 11.118178367614746 0.0 0.0 0.0 1.0
0.9956603050231934 0.09221866726875305 -0.012501755729317665 -1.2718853950500488 -0.02097175642848015 0.3532223105430603 0.9353043437004089 0.1593530774116516 0.09066841751337051 -0.9309831857681274 0.3536234200000763 11.162917137145996 0.0 0.0 0.0 1.0
0.99739670753479 0.06530913710594177 -0.030570240691304207 -1.2889195680618286 0.005524932872503996 0.353482186794281 0.9354249238967896 0.13648246228694916 0.07189783453941345 -0.9331586360931396 0.3522011339664459 11.201173782348633 0.0 0.0 0.0 1.0
0.9980379343032837 0.03796922042965889 -0.04978535324335098 -1.2032040357589722 0.03326304256916046 0.3521183729171753 0.9353642463684082 0.0562652125954628 0.05304538831114769 -0.9351850152015686 0.350164532661438 11.239789009094238 0.0 0.0 0.0 1.0
0.9976708292961121 0.01930125243961811 -0.06542446464300156 -1.11636221408844 0.05453936383128166 0.350333571434021 0.935035765171051 0.020466823130846024 0.04096774756908417 -0.9364261031150818 0.3484649062156677 11.271553039550781 0.0 0.0 0.0 1.0
0.9958856105804443 -0.011095422320067883 -0.08993760496377945 -0.9324753284454346 0.0881505012512207 0.34870514273643494 0.9330778121948242 -0.016901161521673203 0.021008813753724098 -0.9371668100357056 0.34824851155281067 11.221162796020508 0.0 0.0 0.0 1.0
0.9920845627784729 -0.04183812066912651 -0.11839675903320312 -0.7344974875450134 0.1255587339401245 0.3439924120903015 0.9305397272109985 -0.08411955833435059 0.0017955545336008072 -0.9380398392677307 0.346522718667984 11.205869674682617 0.0 0.0 0.0 1.0
0.9858493804931641 -0.07531461119651794 -0.14976198971271515 -0.5340490341186523 0.16660460829734802 0.3413808345794678 0.9250416159629822 -0.12524768710136414 -0.018543273210525513 -0.9369027614593506 0.34909787774086 11.123540878295898 0.0 0.0 0.0 1.0
0.980434000492096 -0.09774313122034073 -0.17086660861968994 -0.4664073586463928 0.1940932422876358 0.3353061378002167 0.9218989014625549 -0.14395862817764282 -0.03281666710972786 -0.9370251297950745 0.3477168083190918 11.12675666809082 0.0 0.0 0.0 1.0
0.9695011973381042 -0.1364002525806427 -0.20362317562103271 -0.3987428545951843 0.23840150237083435 0.3321246802806854 0.9126104712486267 -0.14900600910186768 -0.05685202032327652 -0.9333210587501526 0.3545132875442505 11.158133506774902 0.0 0.0 0.0 1.0
0.9590579271316528 -0.1719394475221634 -0.22504393756389618 -0.34601500630378723 0.27052244544029236 0.32099395990371704 0.9076235294342041 -0.15603774785995483 -0.08381853997707367 -0.9313429594039917 0.3543652594089508 11.168756484985352 0.0 0.0 0.0 1.0
0.9445492029190063 -0.20759636163711548 -0.2544219195842743 -0.20995590090751648 0.31024470925331116 0.3103293180465698 0.8985788226127625 -0.20055268704891205 -0.10758710652589798 -0.927685022354126 0.3575269877910614 11.296927452087402 0.0 0.0 0.0 1.0
0.9345710873603821 -0.23028795421123505 -0.27119070291519165 -0.14413076639175415 0.3335391581058502 0.3018614947795868 0.8931020498275757 -0.20860451459884644 -0.1238086074590683 -0.9251200556755066 0.358921080827713 11.332844734191895 0.0 0.0 0.0 1.0
0.9194769263267517 -0.2648935616016388 -0.29050570726394653 -0.08701983094215393 0.36364614963531494 0.29222026467323303 0.8845161199569702 -0.2518138587474823 -0.14941097795963287 -0.9189334511756897 0.3650173246860504 11.296272277832031 0.0 0.0 0.0 1.0
0.9037573337554932 -0.2961162328720093 -0.3090919852256775 0.033203911036252975 0.3918818235397339 0.2818976938724518 0.8757638335227966 -0.3075268566608429 -0.17219556868076324 -0.9126055240631104 0.3708097040653229 11.22495174407959 0.0 0.0 0.0 1.0
0.8870545029640198 -0.32488813996315 -0.32799699902534485 0.14394500851631165 0.4190935492515564 0.26869428157806396 0.8672738671302795 -0.38519424200057983 -0.19363608956336975 -0.9067806005477905 0.3745049834251404 11.174898147583008 0.0 0.0 0.0 1.0
0.8748095035552979 -0.34538179636001587 -0.339734822511673 0.19027717411518097 0.4375441372394562 0.2621833384037018 0.8601250052452087 -0.4208844304084778 -0.20799870789051056 -0.9010944962501526 0.38048025965690613 11.093480110168457 0.0 0.0 0.0 1.0
0.8557764887809753 -0.3738192021846771 -0.35763925313949585 0.3107556700706482 0.46413612365722656 0.24939529597759247 0.8499292135238647 -0.4721873998641968 -0.2285262942314148 -0.8933427333831787 0.38692963123321533 11.05046558380127 0.0 0.0 0.0 1.0
0.8326486349105835 -0.403960645198822 -0.37882980704307556 0.3862476348876953 0.4955318570137024 0.23802386224269867 0.8353399634361267 -0.48709678649902344 -0.24727393686771393 -0.8832669258117676 0.3983656167984009 11.073251724243164 0.0 0.0 0.0 1.0
0.8069777488708496 -0.43718594312667847 -0.3970583975315094 0.3693698048591614 0.5270540714263916 0.2297796607017517 0.8181780576705933 -0.5524300336837769 -0.26646000146865845 -0.8695226907730103 0.4158477187156677 10.967592239379883 0.0 0.0 0.0 1.0
0.7880222797393799 -0.45647308230400085 -0.4131019413471222 0.3038162887096405 0.5495182871818542 0.2189825475215912 0.8062731027603149 -0.6110939383506775 -0.2775798439979553 -0.8623682260513306 0.42340344190597534 11.009490013122559 0.0 0.0 0.0 1.0
0.7582082748413086 -0.4853649139404297 -0.43536317348480225 0.1092517152428627 0.5817697048187256 0.2021312415599823 0.7878369092941284 -0.5663986206054688 -0.29438790678977966 -0.8506255745887756 0.43562817573547363 10.968588829040527 0.0 0.0 0.0 1.0
0.7285090088844299 -0.5138437747955322 -0.45303335785865784 -0.11688969284296036 0.6094005703926086 0.18404871225357056 0.7712048888206482 -0.48564398288726807 -0.3128986358642578 -0.8379085063934326 0.4472178518772125 10.826943397521973 0.0 0.0 0.0 1.0
0.6983514428138733 -0.540681004524231 -0.46900883316993713 -0.22659626603126526 0.6342476010322571 0.16377946734428406 0.7555834054946899 -0.3318561315536499 -0.33171558380126953 -0.8251305222511292 0.4573012590408325 10.696982383728027 0.0 0.0 0.0 1.0
0.677711546421051 -0.5572708249092102 -0.4797460734844208 -0.26600420475006104 0.6506274938583374 0.15045014023780823 0.7443444132804871 -0.20913058519363403 -0.3426235616207123 -0.8165867924690247 0.46453753113746643 10.638480186462402 0.0 0.0 0.0 1.0
0.6461984515190125 -0.5832581520080566 -0.4921763241291046 -0.2412368655204773 0.6731476187705994 0.13174419105052948 0.7276783585548401 -0.03423387184739113 -0.35958293080329895 -0.8015319108963013 0.4777517020702362 10.563977241516113 0.0 0.0 0.0 1.0
0.6141988635063171 -0.6081118583679199 -0.5029510259628296 -0.172373965382576 0.6935351490974426 0.11186404526233673 0.7116848826408386 0.06410029530525208 -0.37652191519737244 -0.7859302759170532 0.4904537498950958 10.440016746520996 0.0 0.0 0.0 1.0
0.5843052268028259 -0.6313987970352173 -0.5098263621330261 -0.07966490834951401 0.7092568278312683 0.09200944006443024 0.6989198923110962 0.08062262833118439 -0.3943883776664734 -0.7699803709983826 0.5015855431556702 10.34238052368164 0.0 0.0 0.0 1.0
0.5625472068786621 -0.6486365795135498 -0.512651264667511 0.01563083939254284 0.7202890515327454 0.08011138439178467 0.6890325546264648 0.010095939971506596 -0.4058625102043152 -0.7568703889846802 0.5122722387313843 10.273049354553223 0.0 0.0 0.0 1.0
0.52960604429245 -0.6694666743278503 -0.52089524269104 0.12582193315029144 0.7371959090232849 0.0594991110265255 0.6730542778968811 -0.1545337736606598 -0.41959458589553833 -0.7404554486274719 0.5250391960144043 10.235289573669434 0.0 0.0 0.0 1.0
0.4963656961917877 -0.69099360704422 -0.5254987478256226 0.19955699145793915 0.7525312304496765 0.040697164833545685 0.6572978496551514 -0.2767820954322815 -0.43280228972435 -0.7217143774032593 0.5401949286460876 10.098942756652832 0.0 0.0 0.0 1.0
0.4740157127380371 -0.7051048874855042 -0.5273861885070801 0.1883087009191513 0.7623934149742126 0.02900358848273754 0.6464635133743286 -0.3777391314506531 -0.4405284821987152 -0.708509624004364 0.5513154864311218 9.900396347045898 0.0 0.0 0.0 1.0
0.4440968632698059 -0.7207959890365601 -0.5321946740150452 0.13737773895263672 0.7726327180862427 0.007326302584260702 0.6348109841346741 -0.5104392170906067 -0.4536701738834381 -0.6931085586547852 0.5601641535758972 9.947436332702637 0.0 0.0 0.0 1.0
0.4132227599620819 -0.7381741404533386 -0.5332409143447876 0.061868973076343536 0.7831718921661377 -0.010699989274144173 0.6217132210731506 -0.501253604888916 -0.46463829278945923 -0.6745253205299377 0.5736957788467407 9.86900806427002 0.0 0.0 0.0 1.0
0.38255852460861206 -0.7527959942817688 -0.535674512386322 -0.034538738429546356 0.7916265726089478 -0.031894706189632416 0.6101722121238708 -0.4254041910171509 -0.4764203727245331 -0.6574807167053223 0.5837317109107971 9.891693115234375 0.0 0.0 0.0 1.0
0.3609144985675812 -0.7642685770988464 -0.5344476103782654 -0.049316272139549255 0.7970221638679504 -0.04479295015335083 0.6022867560386658 -0.3544279932975769 -0.4842483103275299 -0.6433405876159668 0.5929725766181946 9.87901782989502 0.0 0.0 0.0 1.0
0.3261435627937317 -0.7793217301368713 -0.5350589156150818 -0.04685626178979874 0.8067396879196167 -0.0655752420425415 0.5872571468353271 -0.2778990566730499 -0.49274882674217224 -0.6231834292411804 0.6073228120803833 9.89187240600586 0.0 0.0 0.0 1.0
0.28986531496047974 -0.7918793559074402 -0.537498950958252 0.0233884546905756 0.816885232925415 -0.08791773021221161 0.5700604915618896 -0.2693008482456207 -0.49867483973503113 -0.6043157577514648 0.6213902831077576 9.956530570983887 0.0 0.0 0.0 1.0
0.2512810230255127 -0.8038637638092041 -0.5391297936439514 0.10250061005353928 0.8279688954353333 -0.10997652262449265 0.5498842597007751 -0.25900259613990784 -0.5013236403465271 -0.5845581889152527 0.6379391551017761 9.97167682647705 0.0 0.0 0.0 1.0
0.2255658507347107 -0.8117759227752686 -0.5386463403701782 0.1536462903022766 0.8335749506950378 -0.1253582090139389 0.5379945635795593 -0.2764524817466736 -0.5042547583580017 -0.5703552961349487 0.6483995318412781 9.894253730773926 0.0 0.0 0.0 1.0
0.18400916457176208 -0.8212477564811707 -0.5400859117507935 0.18821406364440918 0.8425930738449097 -0.15114648640155792 0.5169058442115784 -0.33561551570892334 -0.5061398148536682 -0.5501880645751953 0.6641653180122375 10.104879379272461 0.0 0.0 0.0 1.0
0.14289763569831848 -0.8267398476600647 -0.544133722782135 0.16482695937156677 0.8501044511795044 -0.17902222275733948 0.4952508807182312 -0.38601943850517273 -0.5068556666374207 -0.5333406925201416 0.6772333383560181 10.566465377807617 0.0 0.0 0.0 1.0
0.10014261305332184 -0.8334031105041504 -0.543516993522644 0.1309652030467987 0.8566601276397705 -0.20562250912189484 0.47313082218170166 -0.4059215486049652 -0.5060679912567139 -0.51298987865448 0.693351686000824 10.802419662475586 0.0 0.0 0.0 1.0
0.07089490443468094 -0.8352426886558533 -0.5452921986579895 0.07429438829421997 0.8605284690856934 -0.22524623572826385 0.45689699053764343 -0.4349237084388733 -0.5044448971748352 -0.5016311407089233 0.7027813196182251 10.970291137695312 0.0 0.0 0.0 1.0
0.027619073167443275 -0.837261438369751 -0.5461048483848572 0.013581064529716969 0.8642922639846802 -0.25447869300842285 0.4338656961917877 -0.408422589302063 -0.5022310614585876 -0.48397716879844666 0.7166101336479187 11.310264587402344 0.0 0.0 0.0 1.0
-0.014255608431994915 -0.8378881812095642 -0.5456557273864746 -0.03783838078379631 0.8656978011131287 -0.2834244966506958 0.41259896755218506 -0.3345508873462677 -0.5003640055656433 -0.46649107336997986 0.7293983697891235 11.54431438446045 0.0 0.0 0.0 1.0
-0.05358852818608284 -0.8371808528900146 -0.544294536113739 -0.004951103124767542 0.8653895854949951 -0.31089869141578674 0.39299216866493225 -0.23382699489593506 -0.49822595715522766 -0.4499669373035431 0.7411481738090515 11.887677192687988 0.0 0.0 0.0 1.0
-0.07906371355056763 -0.8364768624305725 -0.5422687530517578 0.06688788533210754 0.8644450306892395 -0.3284440338611603 0.3806038796901703 -0.15683329105377197 -0.49647125601768494 -0.4386695623397827 0.7490562796592712 12.00302505493164 0.0 0.0 0.0 1.0
-0.11617717146873474 -0.8359516859054565 -0.536365270614624 0.21147023141384125 0.8621022701263428 -0.3530462980270386 0.3635079562664032 -0.11135176569223404 -0.49323683977127075 -0.4201703667640686 0.7616917490959167 12.040606498718262 0.0 0.0 0.0 1.0
-0.15197314321994781 -0.8320857286453247 -0.5334205627441406 0.41795215010643005 0.858525812625885 -0.3785405158996582 0.3458908796310425 -0.11675024777650833 -0.48973214626312256 -0.4053892195224762 0.7718950510025024 12.145820617675781 0.0 0.0 0.0 1.0
-0.1869715452194214 -0.8284964561462402 -0.5278591513633728 0.6546633243560791 0.8541874885559082 -0.40249866247177124 0.32917866110801697 -0.16875775158405304 -0.4851859509944916 -0.38934361934661865 0.7829470634460449 12.027302742004395 0.0 0.0 0.0 1.0
-0.21133828163146973 -0.825029194355011 -0.5240830183029175 0.816485583782196 0.8505392670631409 -0.41942098736763 0.3172837495803833 -0.22353772819042206 -0.4815797507762909 -0.3786989748477936 0.7903594374656677 11.970051765441895 0.0 0.0 0.0 1.0
-0.24897003173828125 -0.8187849521636963 -0.5173056721687317 0.9652334451675415 0.8442338705062866 -0.4452316462993622 0.29839232563972473 -0.2940550446510315 -0.47464001178741455 -0.3624362051486969 0.8020952939987183 11.900028228759766 0.0 0.0 0.0 1.0
-0.28600043058395386 -0.8125169277191162 -0.5079566836357117 1.024559497833252 0.8364923596382141 -0.4702822268009186 0.28127413988113403 -0.351746529340744 -0.4674229919910431 -0.34445735812187195 0.8141651153564453 11.868328094482422 0.0 0.0 0.0 1.0
-0.31231072545051575 -0.8070053458213806 -0.5012030005455017 1.0222036838531494 0.830091655254364 -0.4883868396282196 0.2691210210323334 -0.3838757574558258 -0.461963027715683 -0.33199501037597656 0.8224168419837952 11.84487247467041 0.0 0.0 0.0 1.0
-0.35239672660827637 -0.7956176996231079 -0.49275654554367065 0.9765616655349731 0.8175107836723328 -0.5179912447929382 0.25171637535095215 -0.41179805994033813 -0.455513596534729 -0.3141297399997711 0.8329644799232483 11.833657264709473 0.0 0.0 0.0 1.0
-0.3941361904144287 -0.7816265821456909 -0.48344242572784424 0.866586446762085 0.8027443885803223 -0.54891037940979 0.23302118480205536 -0.41262054443359375 -0.44750210642814636 -0.29623863101005554 0.8437917828559875 11.724053382873535 0.0 0.0 0.0 1.0
-0.4374271631240845 -0.7673748135566711 -0.46882128715515137 0.7498437166213989 0.785955548286438 -0.5795739889144897 0.21533189713954926 -0.3573090434074402 -0.43695691227912903 -0.2742806673049927 0.8566439151763916 11.430444717407227 0.0 0.0 0.0 1.0
-0.4660116136074066 -0.7553696632385254 -0.46070584654808044 0.7204626202583313 0.7734702825546265 -0.6006393432617188 0.20242547988891602 -0.3271864056587219 -0.42962411046028137 -0.2620096504688263 0.8641608953475952 11.40607738494873 0.0 0.0 0.0 1.0
-0.5057788491249084 -0.736797571182251 -0.4486837089061737 0.7088667750358582 0.7526293396949768 -0.6310667991638184 0.1878928691148758 -0.2819310128688812 -0.4215884208679199 -0.2426602989435196 0.8737157583236694 11.182421684265137 0.0 0.0 0.0 1.0
-0.5436578989028931 -0.7166718244552612 -0.4368267357349396 0.7409593462944031 0.730523407459259 -0.6603100299835205 0.17414408922195435 -0.3100856840610504 -0.4132452607154846 -0.22443735599517822 0.8825283050537109 11.046582221984863 0.0 0.0 0.0 1.0
-0.5787773132324219 -0.6944540739059448 -0.427493155002594 0.8138753771781921 0.7068893909454346 -0.6886173486709595 0.16159692406654358 -0.36148393154144287 -0.40660083293914795 -0.2086617350578308 0.8894582986831665 11.045088768005371 0.0 0.0 0.0 1.0
-0.6007813811302185 -0.6799103021621704 -0.4204566180706024 0.900908887386322 0.6909662485122681 -0.7061601281166077 0.1546078771352768 -0.4349420666694641 -0.4020291566848755 -0.19763578474521637 0.8940428495407104 10.955256462097168 0.0 0.0 0.0 1.0
-0.6327566504478455 -0.6558194756507874 -0.4117279052734375 1.0493547916412354 0.6666861176490784 -0.7318524122238159 0.14114412665367126 -0.5510650873184204 -0.3938891291618347 -0.18518339097499847 0.900310218334198 11.034952163696289 0.0 0.0 0.0 1.0
-0.6613475680351257 -0.633355438709259 -0.40184611082077026 1.1357797384262085 0.6438515186309814 -0.7541885375976562 0.12905383110046387 -0.5891489386558533 -0.3848046660423279 -0.1733797937631607 0.9065675735473633 11.062305450439453 0.0 0.0 0.0 1.0
-0.689555823802948 -0.6107343435287476 -0.3892509937286377 1.1525115966796875 0.6214572787284851 -0.7749610543251038 0.11500509828329086 -0.5665786266326904 -0.37189194560050964 -0.16260044276714325 0.9139242172241211 11.196123123168945 0.0 0.0 0.0 1.0
-0.7064492702484131 -0.5958190560340881 -0.3820066750049591 1.1238479614257812 0.6063669919967651 -0.7878839373588562 0.10750783234834671 -0.5240843892097473 -0.3650321364402771 -0.15568740665912628 0.9178850650787354 11.285557746887207 0.0 0.0 0.0 1.0
-0.730528712272644 -0.5731008648872375 -0.3713262677192688 1.044877290725708 0.5836470723152161 -0.8062909245491028 0.09618246555328369 -0.4053017497062683 -0.354519248008728 -0.1464594304561615 0.9235073328018188 11.4105224609375 0.0 0.0 0.0 1.0
-0.7530578970909119 -0.5510119795799255 -0.35956865549087524 0.9477770328521729 0.561493992805481 -0.8230690360069275 0.08533388376235962 -0.20499785244464874 -0.3429698050022125 -0.13763427734375 0.929208517074585 11.449846267700195 0.0 0.0 0.0 1.0
-0.7739602327346802 -0.5287762880325317 -0.34839797019958496 0.8734503388404846 0.5379372835159302 -0.8392931222915649 0.07880712300539017 -0.03018198348581791 -0.3340793550014496 -0.1264226734638214 0.9340279698371887 11.521902084350586 0.0 0.0 0.0 1.0
-0.7872640490531921 -0.5138117671012878 -0.3408999443054199 0.8320870995521545 0.5217719674110413 -0.8497156500816345 0.07574532181024551 0.04240169748663902 -0.3285868465900421 -0.11824048310518265 0.9370431303977966 11.465495109558105 0.0 0.0 0.0 1.0
-0.8068185448646545 -0.49131670594215393 -0.32810327410697937 0.7384525537490845 0.49769318103790283 -0.864470899105072 0.07065125554800034 0.08622575551271439 -0.31834787130355835 -0.10629201680421829 0.9419960975646973 11.28569221496582 0.0 0.0 0.0 1.0
-0.8233827948570251 -0.4687749743461609 -0.3198293149471283 0.6967954039573669 0.4746127128601074 -0.8778102397918701 0.06474553793668747 0.05379502475261688 -0.3111005127429962 -0.09848469495773315 0.9452604055404663 11.300020217895508 0.0 0.0 0.0 1.0
-0.8391956090927124 -0.44686445593833923 -0.3099400997161865 0.6660292148590088 0.4522433280944824 -0.8899651765823364 0.05863446742296219 0.010656369850039482 -0.3020375370979309 -0.09096255153417587 0.9489463567733765 11.268671989440918 0.0 0.0 0.0 1.0
-0.8504812121391296 -0.43081286549568176 -0.30179792642593384 0.6092789769172668 0.43654534220695496 -0.8981818556785583 0.0519377738237381 -0.03690636157989502 -0.2934448719024658 -0.08757637441158295 0.9519561529159546 11.229514122009277 0.0 0.0 0.0 1.0
-0.8635161519050598 -0.4079473316669464 -0.296511173248291 0.5173832178115845 0.41501182317733765 -0.9088550806045532 0.041804857552051544 -0.015907227993011475 -0.28653985261917114 -0.08695647120475769 0.9541139602661133 11.370144844055176 0.0 0.0 0.0 1.0
-0.8769960403442383 -0.3860352635383606 -0.28610265254974365 0.4201466143131256 0.3935958445072174 -0.9186882376670837 0.033079225569963455 0.07138588279485703 -0.2756088674068451 -0.08359846472740173 0.9576278328895569 11.416496276855469 0.0 0.0 0.0 1.0
-0.8891249299049377 -0.3645488917827606 -0.27669644355773926 0.19782136380672455 0.3721553087234497 -0.9277920722961426 0.026501962915062904 0.15379680693149567 -0.2663780152797699 -0.07941048592329025 0.9605918526649475 11.373369216918945 0.0 0.0 0.0 1.0
-0.8958140015602112 -0.350261926651001 -0.27355778217315674 0.03038843348622322 0.35853075981140137 -0.9332839846611023 0.020898524671792984 0.21352536976337433 -0.2626270353794098 -0.07935769110918045 0.9616284966468811 11.465686798095703 0.0 0.0 0.0 1.0
-0.9048004746437073 -0.3308105170726776 -0.2681426405906677 -0.16963447630405426 0.3395269811153412 -0.9404828548431396 0.014609609730541706 0.3301240801811218 -0.2570165693759918 -0.07782287895679474 0.9632684588432312 11.463714599609375 0.0 0.0 0.0 1.0
-0.9143221974372864 -0.3122020661830902 -0.25796279311180115 -0.3844810426235199 0.3198373019695282 -0.9473839402198792 0.012951088137924671 0.38623347878456116 -0.2484331727027893 -0.0706646591424942 0.9660680294036865 11.2039155960083 0.0 0.0 0.0 1.0
-0.9200403690338135 -0.29963141679763794 -0.25248122215270996 -0.5114262104034424 0.30738744139671326 -0.9515407681465149 0.009120103903114796 0.35551488399505615 -0.24297884106636047 -0.06921868771314621 0.9675588011741638 11.249014854431152 0.0 0.0 0.0 1.0
-0.926986038684845 -0.2820448875427246 -0.2472803294658661 -0.604634165763855 0.29087287187576294 -0.9567613005638123 0.0008676444413140416 0.2899473011493683 -0.23683296144008636 -0.07112284004688263 0.9689435958862305 11.292552947998047 0.0 0.0 0.0 1.0
-0.9344080686569214 -0.2657458186149597 -0.23719340562820435 -0.6327456831932068 0.27481579780578613 -0.9614817500114441 -0.005397915840148926 0.2180427759885788 -0.22662265598773956 -0.07022835314273834 0.9714474678039551 11.246593475341797 0.0 0.0 0.0 1.0
-0.9424697160720825 -0.24813413619995117 -0.22400954365730286 -0.6384915113449097 0.2575896978378296 -0.9661595225334167 -0.0135410837829113 0.14971797168254852 -0.21306894719600677 -0.0704646110534668 0.9744928479194641 11.260631561279297 0.0 0.0 0.0 1.0
-0.9472909569740295 -0.23741514980793 -0.21511369943618774 -0.5789687037467957 0.24671024084091187 -0.968939483165741 -0.017039624974131584 0.12496845424175262 -0.20438668131828308 -0.06921223551034927 0.9764403700828552 11.282279968261719 0.0 0.0 0.0 1.0
-0.9556518793106079 -0.2185327261686325 -0.19741559028625488 -0.5031688809394836 0.2277105152606964 -0.97341388463974 -0.024766067042946815 0.09869971871376038 -0.18675486743450165 -0.06862134486436844 0.980006992816925 11.284534454345703 0.0 0.0 0.0 1.0
-0.9647436141967773 -0.19827385246753693 -0.17308171093463898 -0.6119661927223206 0.20661741495132446 -0.9779173731803894 -0.03141511604189873 0.06160706654191017 -0.16303081810474396 -0.06606923043727875 0.9844063520431519 11.150195121765137 0.0 0.0 0.0 1.0
-0.9712310433387756 -0.1760331243276596 -0.16038280725479126 -0.8040253520011902 0.1846342831850052 -0.9819812178611755 -0.04028692841529846 0.055263858288526535 -0.1504010707139969 -0.06874007731676102 0.9862323999404907 11.080269813537598 0.0 0.0 0.0 1.0
-0.9754512310028076 -0.16100431978702545 -0.15024138987064362 -0.8956320285797119 0.1692487895488739 -0.9846031665802002 -0.04372018948197365 0.04131247475743294 -0.1408890038728714 -0.06807508319616318 0.9876821637153625 11.019556045532227 0.0 0.0 0.0 1.0
