-0.9912372827529907 0.09338684380054474 0.09342113137245178 0.09460119903087616 -0.100240558385849 -0.9923855662345886 -0.07157286256551743 2.5875186920166016 0.08602581918239594 -0.08031027764081955 0.993050754070282 12.145005226135254 0.0 0.0 0.0 1.0
-0.991297721862793 0.09353884309530258 0.0926244854927063 0.1059357076883316 -0.09968337416648865 -0.9929530620574951 -0.0640890970826149 2.657320737838745 0.08597695082426071 -0.07276449352502823 0.9936363697052002 11.648505210876465 0.0 0.0 0.0 1.0
-0.9909340143203735 0.09366019070148468 0.09631995856761932 0.11523468792438507 -0.09999125450849533 -0.9929828643798828 -0.06314138323068619 2.7342119216918945 0.08973023295402527 -0.07220010459423065 0.9933456778526306 12.097634315490723 0.0 0.0 0.0 1.0
-0.9906065464019775 0.09739138931035995 0.09598759561777115 0.22932393848896027 -0.10299641638994217 -0.9931450486183167 -0.055269066244363785 2.785323143005371 0.08994687348604202 -0.06463627517223358 0.9938469529151917 12.263670921325684 0.0 0.0 0.0 1.0
-0.9900936484336853 0.09847524762153625 0.10008585453033447 0.39437782764434814 -0.10322096943855286 -0.9937117099761963 -0.043386928737163544 2.652674913406372 0.09518394619226456 -0.05328807979822159 0.9940323829650879 12.273529052734375 0.0 0.0 0.0 1.0
-0.999761700630188 -0.02159012109041214 -0.0032171651255339384 0.42795678973197937 0.021641820669174194 -0.9996210932731628 -0.017010442912578583 2.956026792526245 -0.0028486885130405426 -0.01707601547241211 0.9998501539230347 12.503690719604492 0.0 0.0 0.0 1.0
-0.998428463935852 -0.051661498844623566 -0.021718543022871017 0.4104922115802765 0.05191013216972351 -0.9985907077789307 -0.011044160462915897 2.912382125854492 -0.021117376163601875 -0.01215421687811613 0.9997031092643738 12.29278564453125 0.0 0.0 0.0 1.0
-0.9952354431152344 -0.08641552925109863 -0.04515250399708748 0.262640118598938 0.08660590648651123 -0.9962400794029236 -0.002273695543408394 2.99150013923645 -0.0447862483561039 -0.006173335947096348 0.998977541923523 12.068633079528809 0.0 0.0 0.0 1.0
-0.9894975423812866 -0.12302128970623016 -0.07589699327945709 0.09373419731855392 0.12307190150022507 -0.9923895597457886 0.004027890507131815 3.0445303916931152 -0.07581490278244019 -0.005355199798941612 0.9971075057983398 11.996221542358398 0.0 0.0 0.0 1.0
-0.9803906083106995 -0.1562022864818573 -0.12014620006084442 -0.15790247917175293 0.15413644909858704 -0.987697958946228 0.026357501745224 3.319415807723999 -0.12278525531291962 0.007321738637983799 0.9924062490463257 11.215750694274902 0.0 0.0 0.0 1.0
-0.9368664026260376 -0.27863991260528564 -0.2112846076488495 0.3015100657939911 0.27171623706817627 -0.9603955745697021 0.06173063814640045 3.854640483856201 -0.22011740505695343 0.00042390296584926546 0.9754732847213745 12.978754043579102 0.0 0.0 0.0 1.0
-0.9324900507926941 -0.2922329008579254 -0.21227870881557465 0.5215641260147095 0.28354164958000183 -0.956328272819519 0.0709955170750618 3.756046772003174 -0.223755344748497 0.0060127596370875835 0.9746267795562744 13.364371299743652 0.0 0.0 0.0 1.0
-0.9208524227142334 -0.31752240657806396 -0.22629697620868683 0.3962770998477936 0.30757513642311096 -0.9482458233833313 0.07891389727592468 3.6575636863708496 -0.23964209854602814 0.003064732300117612 0.9708564877510071 13.227143287658691 0.0 0.0 0.0 1.0
-0.9012042284011841 -0.3527352511882782 -0.2518109083175659 0.036489006131887436 0.33747291564941406 -0.9356908202171326 0.10293078422546387 3.7103452682495117 -0.2719244658946991 0.007782296743243933 0.9622871279716492 13.007946968078613 0.0 0.0 0.0 1.0
-0.8842055797576904 -0.3772720694541931 -0.2754020392894745 -0.14192618429660797 0.3641941547393799 -0.9260177612304688 0.09926621615886688 3.554046392440796 -0.292477548122406 -0.012528071179986 0.9561903476715088 13.419489860534668 0.0 0.0 0.0 1.0
-0.7556657195091248 -0.53354811668396 -0.3798627555370331 0.5564872622489929 0.501186192035675 -0.8444339036941528 0.18906015157699585 4.087667942047119 -0.4216417074203491 -0.04751569405198097 0.9055167436599731 13.262955665588379 0.0 0.0 0.0 1.0
-0.7280496954917908 -0.5575182437896729 -0.3988947570323944 0.6039317846298218 0.5161328315734863 -0.8287515044212341 0.21628187596797943 4.036438941955566 -0.45116570591926575 -0.04841872677206993 0.8911257386207581 12.979440689086914 0.0 0.0 0.0 1.0
-0.6925943493843079 -0.585002064704895 -0.4220019280910492 0.455534964799881 0.5394338965415955 -0.8084544539451599 0.235398530960083 4.028493881225586 -0.4788779616355896 -0.0646064504981041 0.8755009174346924 13.248285293579102 0.0 0.0 0.0 1.0
-0.6571973562240601 -0.6145145893096924 -0.4364211857318878 0.2630173861980438 0.5617370009422302 -0.7854002714157104 0.25999605655670166 4.026454448699951 -0.5025366544723511 -0.07428520917892456 0.8613585829734802 13.348957061767578 0.0 0.0 0.0 1.0
-0.6345273852348328 -0.6294420957565308 -0.44852834939956665 0.19830255210399628 0.5751324892044067 -0.7722049951553345 0.270040899515152 3.9109959602355957 -0.5163309574127197 -0.08661488443613052 0.8519977927207947 13.615187644958496 0.0 0.0 0.0 1.0
-0.5455756187438965 -0.6796508431434631 -0.49032843112945557 0.854312539100647 0.6253119111061096 -0.7196661829948425 0.30177074670791626 3.6094305515289307 -0.5579715371131897 -0.1419694423675537 0.8176261186599731 14.007195472717285 0.0 0.0 0.0 1.0
-0.505273163318634 -0.7037487626075745 -0.49943631887435913 0.8338724970817566 0.6437777876853943 -0.692804217338562 0.3249192237854004 3.8180553913116455 -0.5746731162071228 -0.15735302865505219 0.8031132221221924 13.596323013305664 0.0 0.0 0.0 1.0
-0.46940380334854126 -0.7126871347427368 -0.5212841033935547 0.7549098134040833 0.6502093076705933 -0.6784179210662842 0.3420189619064331 3.7743682861328125 -0.597400963306427 -0.17839877307415009 0.7818477749824524 14.283333778381348 0.0 0.0 0.0 1.0
-0.4362141191959381 -0.7408087849617004 -0.5108028650283813 0.9154171347618103 0.6678776144981384 -0.6469663977622986 0.367931991815567 3.7022905349731445 -0.603039562702179 -0.18065668642520905 0.7769854664802551 13.646705627441406 0.0 0.0 0.0 1.0
-0.40408310294151306 -0.7512782216072083 -0.5218216776847839 1.227205514907837 0.6816877126693726 -0.6277182102203369 0.375861257314682 3.4570631980895996 -0.6099333167076111 -0.2038402408361435 0.7657874822616577 14.066057205200195 0.0 0.0 0.0 1.0
-0.24419797956943512 -0.7907623648643494 -0.5613040328025818 1.28463613986969 0.7231422662734985 -0.534146249294281 0.43789616227149963 3.22149395942688 -0.6460902690887451 -0.2989692986011505 0.7022711038589478 14.292012214660645 0.0 0.0 0.0 1.0
-0.23073738813400269 -0.7898038625717163 -0.5683046579360962 1.453676700592041 0.7269870638847351 -0.5281374454498291 0.4388172924518585 3.3024797439575195 -0.6467225551605225 -0.3118985593318939 0.6960382461547852 14.147918701171875 0.0 0.0 0.0 1.0
-0.20160450041294098 -0.7973856329917908 -0.5687985420227051 1.3494552373886108 0.7370308041572571 -0.5059738159179688 0.448080450296402 3.695603847503662 -0.6450901031494141 -0.328887015581131 0.6897043585777283 13.680248260498047 0.0 0.0 0.0 1.0
-0.16268691420555115 -0.8063353300094604 -0.5686442255973816 1.0742202997207642 0.7336644530296326 -0.4842209219932556 0.4767248332500458 3.748164415359497 -0.6597495079040527 -0.3396371603012085 0.6703559756278992 13.480718612670898 0.0 0.0 0.0 1.0
-0.10529904067516327 -0.8145145177841187 -0.5705069303512573 0.483799010515213 0.7402545213699341 -0.4472828209400177 0.5019575357437134 3.7459685802459717 -0.6640296578407288 -0.3694646954536438 0.6500465273857117 13.419920921325684 0.0 0.0 0.0 1.0
0.14446571469306946 -0.816260039806366 -0.5593292713165283 0.7425351142883301 0.7400022149085999 -0.2861366271972656 0.6087055802345276 3.8393988609313965 -0.6569066643714905 -0.5018419623374939 0.5626972913742065 13.8002290725708 0.0 0.0 0.0 1.0
0.17290519177913666 -0.8139126300811768 -0.5546621084213257 0.7127015590667725 0.7406752705574036 -0.2637553811073303 0.6179265379905701 3.7638232707977295 -0.649233341217041 -0.5176672339439392 0.5572403073310852 13.474298477172852 0.0 0.0 0.0 1.0
0.22290360927581787 -0.8080444931983948 -0.5453238487243652 0.36241185665130615 0.7370185256004333 -0.22645065188407898 0.6368074417114258 3.8685593605041504 -0.6380577087402344 -0.5438604950904846 0.5450671315193176 13.35364818572998 0.0 0.0 0.0 1.0
0.2495850771665573 -0.7957937121391296 -0.5517423748970032 0.3170483708381653 0.732430100440979 -0.21757842600345612 0.6451401710510254 3.848522186279297 -0.6334457397460938 -0.5651300549507141 0.5285589098930359 13.673749923706055 0.0 0.0 0.0 1.0
0.26623615622520447 -0.7926303744316101 -0.5485028624534607 0.3963681757450104 0.7314988970756531 -0.20442844927310944 0.6504755020141602 4.030127048492432 -0.6277161836624146 -0.5744093656539917 0.5253819823265076 13.807307243347168 0.0 0.0 0.0 1.0
0.45255598425865173 -0.7175402045249939 -0.5294612050056458 0.6250144839286804 0.6734188199043274 -0.1142110526561737 0.730385422706604 3.5332653522491455 -0.584551215171814 -0.6870894432067871 0.43151819705963135 13.709494590759277 0.0 0.0 0.0 1.0
0.49620503187179565 -0.6959993243217468 -0.5190043449401855 0.3793986439704895 0.656734824180603 -0.09010551124811172 0.7487191557884216 3.482163190841675 -0.5678731799125671 -0.7123664021492004 0.41237616539001465 13.82775592803955 0.0 0.0 0.0 1.0
0.5509308576583862 -0.6684184074401855 -0.4996919333934784 0.20257429778575897 0.6334096789360046 -0.05494892597198486 0.7718632221221924 3.460955858230591 -0.5433850884437561 -0.7417529225349426 0.39310964941978455 13.932366371154785 0.0 0.0 0.0 1.0
0.5938953757286072 -0.6472752690315247 -0.4778316020965576 0.25547105073928833 0.6118442416191101 -0.022297753021121025 0.7906639575958252 3.5877296924591064 -0.5224317908287048 -0.7619301676750183 0.38278910517692566 13.94133186340332 0.0 0.0 0.0 1.0
0.6296536922454834 -0.6264562606811523 -0.4594440460205078 0.5288394093513489 0.5924239754676819 0.004609683994203806 0.8056131601333618 3.6550846099853516 -0.5025635361671448 -0.7794429659843445 0.374030202627182 14.112370491027832 0.0 0.0 0.0 1.0
0.8096655607223511 -0.4571245610713959 -0.368074506521225 0.6336468458175659 0.467804878950119 0.12395972013473511 0.875095784664154 4.063930034637451 -0.3544013500213623 -0.880721926689148 0.31421101093292236 14.175354957580566 0.0 0.0 0.0 1.0
0.820989191532135 -0.44070902466773987 -0.3629770278930664 0.7738828659057617 0.4545927345752716 0.11993550509214401 0.8825876116752625 4.0675272941589355 -0.34543052315711975 -0.8896015882492065 0.29880887269973755 14.424091339111328 0.0 0.0 0.0 1.0
0.8300987482070923 -0.42525264620780945 -0.36068859696388245 0.8155133128166199 0.45088115334510803 0.13129353523254395 0.8828749656677246 4.1439948081970215 -0.3280888497829437 -0.8955010771751404 0.30072498321533203 14.471001625061035 0.0 0.0 0.0 1.0
0.845763623714447 -0.4041211009025574 -0.34838196635246277 0.814699113368988 0.4351518750190735 0.14460934698581696 0.8886681199073792 4.1746416091918945 -0.3087502419948578 -0.9032022356987 0.2981593906879425 14.08603572845459 0.0 0.0 0.0 1.0
0.8661032319068909 -0.37449657917022705 -0.3310854136943817 0.6687816381454468 0.4095327854156494 0.15183797478675842 0.8995710611343384 3.864616632461548 -0.28661495447158813 -0.9147117137908936 0.2848759889602661 14.121796607971191 0.0 0.0 0.0 1.0
0.9600558280944824 -0.20029093325138092 -0.1953875869512558 1.0865525007247925 0.23712699115276337 0.21170242130756378 0.948131263256073 3.4157700538635254 -0.14853806793689728 -0.9565906524658203 0.25074052810668945 14.279603004455566 0.0 0.0 0.0 1.0
0.9717318415641785 -0.16931316256523132 -0.16453050076961517 0.8541551232337952 0.19997547566890717 0.2198689728975296 0.95481276512146 3.374897003173828 -0.12548720836639404 -0.9607240557670593 0.24751216173171997 14.454483032226562 0.0 0.0 0.0 1.0
0.9810042977333069 -0.1374506652355194 -0.13688623905181885 0.7254464030265808 0.16576828062534332 0.22748246788978577 0.959568977355957 3.324845314025879 -0.10075417160987854 -0.9640327095985413 0.2459462583065033 14.690900802612305 0.0 0.0 0.0 1.0
0.9851848483085632 -0.11487908661365509 -0.12733253836631775 0.7469941973686218 0.15157252550125122 0.2359304279088974 0.9598763585090637 3.2636730670928955 -0.08022810518741608 -0.964955747127533 0.24984759092330933 13.65377426147461 0.0 0.0 0.0 1.0
0.990989089012146 -0.07997898012399673 -0.10744316130876541 0.6351151466369629 0.12360795587301254 0.23710034787654877 0.9635893702507019 3.2351012229919434 -0.051592081785202026 -0.9681873917579651 0.24484989047050476 14.64137077331543 0.0 0.0 0.0 1.0
0.9992358088493347 0.009221980348229408 -0.03798305615782738 1.2640612125396729 0.03494381532073021 0.22462530434131622 0.9738184809684753 3.657679557800293 0.01751249097287655 -0.974401593208313 0.22413139045238495 14.70037841796875 0.0 0.0 0.0 1.0
0.9992910027503967 0.037214331328868866 0.005706485826522112 0.9629614949226379 -0.013044680468738079 0.20005187392234802 0.9796984791755676 3.514277219772339 0.035317230969667435 -0.9790782928466797 0.20039547979831696 17.22953224182129 0.0 0.0 0.0 1.0
0.997149646282196 0.07033390551805496 0.02730817161500454 0.6844239234924316 -0.041845425963401794 0.21436747908592224 0.9758563041687012 3.2879137992858887 0.06278180330991745 -0.9742174744606018 0.21669960021972656 14.880952835083008 0.0 0.0 0.0 1.0
0.9940961003303528 0.09996401518583298 0.042191606014966965 0.5786849856376648 -0.06334894150495529 0.2190251350402832 0.9736605882644653 3.3771462440490723 0.08808999508619308 -0.9705849885940552 0.2240646481513977 14.72109603881836 0.0 0.0 0.0 1.0
0.9875227212905884 0.14002469182014465 0.07205566763877869 0.4915347993373871 -0.10265616327524185 0.22542519867420197 0.9688370227813721 3.4567904472351074 0.1194179356098175 -0.9641454815864563 0.23698690533638 14.737006187438965 0.0 0.0 0.0 1.0
0.8947993516921997 0.38517799973487854 0.2257697582244873 0.11394278705120087 -0.31084588170051575 0.17448103427886963 0.934307873249054 2.7263667583465576 0.3204822838306427 -0.906197726726532 0.27585652470588684 14.288731575012207 0.0 0.0 0.0 1.0
0.8771458268165588 0.41561099886894226 0.24058818817138672 -0.05309724435210228 -0.3336254954338074 0.16703887283802032 0.9277887940406799 2.8340132236480713 0.34541165828704834 -0.894072413444519 0.2851758897304535 14.526634216308594 0.0 0.0 0.0 1.0
0.8630672097206116 0.4343574345111847 0.2577762007713318 -0.16004310548305511 -0.354093462228775 0.15638238191604614 0.9220424890518188 2.9195594787597656 0.36018437147140503 -0.8870615363121033 0.2887716293334961 14.660898208618164 0.0 0.0 0.0 1.0
0.8571712970733643 0.44277793169021606 0.2630685567855835 0.13641422986984253 -0.35587191581726074 0.1399550884962082 0.9239955544471741 2.989496946334839 0.37230703234672546 -0.8856411576271057 0.2775377035140991 15.6839599609375 0.0 0.0 0.0 1.0
0.8522366881370544 0.4457213580608368 0.2739071249961853 0.4101010859012604 -0.36394935846328735 0.12902309000492096 0.9224390983581543 2.799504518508911 0.375810444355011 -0.8858247399330139 0.27217820286750793 15.964140892028809 0.0 0.0 0.0 1.0
0.7128300070762634 0.5819029808044434 0.39148733019828796 0.21158097684383392 -0.499252051115036 0.02898210473358631 0.8659719824790955 3.3966434001922607 0.4925655424594879 -0.8127416372299194 0.3111755847930908 16.51109504699707 0.0 0.0 0.0 1.0
0.6767584681510925 0.612994909286499 0.40771952271461487 0.11899139732122421 -0.524530827999115 0.012873603031039238 0.8512941598892212 3.488010883331299 0.5165901184082031 -0.7899819612503052 0.33024701476097107 15.8433837890625 0.0 0.0 0.0 1.0
0.6391017436981201 0.641625165939331 0.42410629987716675 -0.11987178772687912 -0.5479936003684998 -0.007046596612781286 0.836452841758728 3.6688437461853027 0.5396776795387268 -0.7669860124588013 0.34710296988487244 16.087661743164062 0.0 0.0 0.0 1.0
0.6066935658454895 0.6610301733016968 0.44154512882232666 -0.19180454313755035 -0.5702111124992371 -0.025135470554232597 0.8211135864257812 3.782397508621216 0.5538792610168457 -0.7499382495880127 0.3616771996021271 16.444812774658203 0.0 0.0 0.0 1.0
0.5863748788833618 0.6711335182189941 0.4535904824733734 -0.16558709740638733 -0.5863351821899414 -0.03470228984951973 0.8093249201774597 3.7388203144073486 0.5589057207107544 -0.7405238747596741 0.37316063046455383 16.542932510375977 0.0 0.0 0.0 1.0
0.4261806011199951 0.7531103491783142 0.5011935234069824 0.21808338165283203 -0.6539064049720764 -0.1263832002878189 0.7459448575973511 4.249904155731201 0.6251211762428284 -0.6456408500671387 0.4386015832424164 16.622295379638672 0.0 0.0 0.0 1.0
0.4097308814525604 0.7601829767227173 0.5042246580123901 0.30340471863746643 -0.6547000408172607 -0.13984450697898865 0.742840051651001 4.220403671264648 0.6352074146270752 -0.6344804167747498 0.44039320945739746 16.445215225219727 0.0 0.0 0.0 1.0
0.3957551121711731 0.760685920715332 0.5145239233970642 0.3722594678401947 -0.662992000579834 -0.15102696418762207 0.7332342267036438 4.175414562225342 0.6354679465293884 -0.6313064098358154 0.4445589780807495 16.587474822998047 0.0 0.0 0.0 1.0
0.38198280334472656 0.7627553343772888 0.5218174457550049 0.5562903881072998 -0.6690102219581604 -0.1613186150789261 0.7255353927612305 4.274723529815674 0.6375848650932312 -0.6262432336807251 0.4486701488494873 16.806438446044922 0.0 0.0 0.0 1.0
0.3518185019493103 0.7715495824813843 0.5300330519676208 0.44639337062835693 -0.6887744665145874 -0.1700669378042221 0.7047460079193115 4.467595100402832 0.6338875889778137 -0.61301589012146 0.47159093618392944 16.472517013549805 0.0 0.0 0.0 1.0
0.12867914140224457 0.8202887773513794 0.557286262512207 0.5460441708564758 -0.7398819327354431 -0.29476800560951233 0.6047202348709106 4.485782146453857 0.6603153944015503 -0.4901409149169922 0.5689863562583923 16.7760066986084 0.0 0.0 0.0 1.0
0.08136636763811111 0.8323804140090942 0.5481992363929749 0.3417392075061798 -0.756472110748291 -0.3065464198589325 0.5777363181114197 4.353288173675537 0.6489449143409729 -0.4617057144641876 0.604729950428009 15.30270767211914 0.0 0.0 0.0 1.0
0.031866032630205154 0.8335335850715637 0.5515490174293518 -0.1312142312526703 -0.757297694683075 -0.34000134468078613 0.5575834512710571 4.259906768798828 0.6522919535636902 -0.435454785823822 0.6203985214233398 15.753719329833984 0.0 0.0 0.0 1.0
-0.013055442832410336 0.8210201263427734 0.5707499384880066 -0.41188013553619385 -0.7494773268699646 -0.38587936758995056 0.5379413366317749 4.366503715515137 0.6619012951850891 -0.42074108123779297 0.6203737854957581 17.161413192749023 0.0 0.0 0.0 1.0
-0.05326075851917267 0.8268107175827026 0.559952974319458 -0.5833953619003296 -0.7468312382698059 -0.4052175283432007 0.5272967219352722 4.615025043487549 0.6628773808479309 -0.3901061713695526 0.6390702724456787 16.866552352905273 0.0 0.0 0.0 1.0
-0.17702622711658478 0.8135078549385071 0.5539554953575134 -0.4594365358352661 -0.7234233021736145 -0.48917925357818604 0.48719844222068787 5.007447242736816 0.6673232913017273 -0.3144974410533905 0.6751081347465515 16.187328338623047 0.0 0.0 0.0 1.0
-0.21971097588539124 0.8034813404083252 0.553303599357605 -0.7292162775993347 -0.724648654460907 -0.5141367316246033 0.4588547945022583 5.126363277435303 0.6531549692153931 -0.3001352548599243 0.6952031254768372 16.54806137084961 0.0 0.0 0.0 1.0
-0.26034894585609436 0.7998017072677612 0.5408656597137451 -0.7210657000541687 -0.7243959307670593 -0.5321623682975769 0.4382393956184387 5.102463245391846 0.6383329629898071 -0.27770572900772095 0.7179210186004639 16.249317169189453 0.0 0.0 0.0 1.0
-0.29948872327804565 0.7908668518066406 0.5337004065513611 -0.733131468296051 -0.7180999517440796 -0.5551517009735107 0.4196891486644745 4.839102745056152 0.6282029151916504 -0.25755807757377625 0.7341831922531128 16.278417587280273 0.0 0.0 0.0 1.0
-0.34333622455596924 0.7807329893112183 0.5220882892608643 -0.821262538433075 -0.7050503492355347 -0.5814955234527588 0.40591493248939514 4.368800163269043 0.6205032467842102 -0.22873325645923615 0.750104546546936 15.740561485290527 0.0 0.0 0.0 1.0
-0.5707597732543945 0.689456582069397 0.44596293568611145 -2.5554349422454834 -0.6231294870376587 -0.7173819541931152 0.3115650415420532 4.078083038330078 0.5347363352775574 -0.10006385296583176 0.8390734791755676 16.02228355407715 0.0 0.0 0.0 1.0
-0.5872536897659302 0.6731405854225159 0.44946062564849854 -2.4633355140686035 -0.6091448068618774 -0.7332165837287903 0.30221855640411377 4.067378044128418 0.5329875349998474 -0.0963076502084732 0.840624213218689 16.611040115356445 0.0 0.0 0.0 1.0
-0.6075102090835571 0.6567344665527344 0.4468010663986206 -2.2728543281555176 -0.5908553004264832 -0.7495710253715515 0.2983844578266144 4.132754802703857 0.5308684706687927 -0.08272317796945572 0.8434070944786072 16.56261444091797 0.0 0.0 0.0 1.0
-0.6279396414756775 0.6363744139671326 0.4480171501636505 -2.009965658187866 -0.5729138851165771 -0.767602264881134 0.2873263359069824 4.072544574737549 0.5267460942268372 -0.07625163346529007 0.8465956449508667 16.75974464416504 0.0 0.0 0.0 1.0
-0.6457449793815613 0.6217535734176636 0.4432109296321869 -1.8627315759658813 -0.5591818690299988 -0.7803383469581604 0.279977947473526 3.9499623775482178 0.5199317932128906 -0.06704117357730865 0.8515729308128357 16.56108856201172 0.0 0.0 0.0 1.0
-0.7908833622932434 0.4956020414829254 0.35900163650512695 -1.7132905721664429 -0.44816839694976807 -0.8685252070426941 0.21168139576911926 2.992654323577881 0.416711688041687 0.006522101815789938 0.9090152978897095 15.645773887634277 0.0 0.0 0.0 1.0
-0.8120632171630859 0.47664621472358704 0.33669227361679077 -1.7619258165359497 -0.42851129174232483 -0.8786926865577698 0.21042151749134064 3.031420946121216 0.39614567160606384 0.026599140837788582 0.9178023338317871 15.423280715942383 0.0 0.0 0.0 1.0
-0.830992579460144 0.4590585231781006 0.314191997051239 -1.8057405948638916 -0.4119637906551361 -0.8873868584632874 0.20695514976978302 3.0683298110961914 0.3738143742084503 0.0425424724817276 0.9265273809432983 15.182740211486816 0.0 0.0 0.0 1.0
-0.8529736399650574 0.43858176469802856 0.2829875946044922 -2.0126733779907227 -0.39384251832962036 -0.8966017961502075 0.2024679332971573 3.0595524311065674 0.3425259292125702 0.061247263103723526 0.9375098943710327 14.93012809753418 0.0 0.0 0.0 1.0
-0.8770694136619568 0.40603214502334595 0.2566848695278168 -2.348005533218384 -0.36777642369270325 -0.9113408327102661 0.18492799997329712 2.7985711097717285 0.30901411175727844 0.06779205054044724 0.9486382603645325 14.887833595275879 0.0 0.0 0.0 1.0
-0.9389989972114563 0.27346301078796387 0.2085639089345932 -1.2634658813476562 -0.2478386014699936 -0.9584960341453552 0.1409304440021515 3.1712169647216797 0.2384469360113144 0.08064335584640503 0.9678014516830444 15.543540954589844 0.0 0.0 0.0 1.0
-0.9494137167930603 0.25003185868263245 0.18999382853507996 -1.2227376699447632 -0.22581550478935242 -0.9640232920646667 0.14023715257644653 3.5055959224700928 0.2182222306728363 0.0902395248413086 0.9717180132865906 15.435327529907227 0.0 0.0 0.0 1.0
-0.959685206413269 0.22368858754634857 0.1701992005109787 -1.3256126642227173 -0.20172591507434845 -0.9697953462600708 0.13712623715400696 3.810857057571411 0.1957319676876068 0.09726443141698837 0.9758220314979553 15.309289932250977 0.0 0.0 0.0 1.0
-0.9683284759521484 0.20030146837234497 0.14906126260757446 -1.2900723218917847 -0.18252691626548767 -0.9752519130706787 0.12477008253335953 4.185431957244873 0.1703639179468155 0.0936107262969017 0.980924665927887 15.431072235107422 0.0 0.0 0.0 1.0
-0.975887656211853 0.17664512991905212 0.12821754813194275 -1.0977485179901123 -0.16242511570453644 -0.9801080226898193 0.11404547095298767 4.492459297180176 0.14581263065338135 0.09046982228755951 0.9851669073104858 15.611120223999023 0.0 0.0 0.0 1.0
-0.9998149871826172 0.012110687792301178 0.014942931942641735 -0.41757550835609436 -0.011224452406167984 -0.998251736164093 0.058030061423778534 5.147597789764404 0.015619591809809208 0.057851601392030716 0.9982029795646667 15.264927864074707 0.0 0.0 0.0 1.0
-0.9999369978904724 0.005741793196648359 0.009642708115279675 -0.43217432498931885 -0.005208509508520365 -0.9985030889511108 0.05444703623652458 5.202517986297607 0.00994089711457491 0.05439338460564613 0.99847012758255 15.333523750305176 0.0 0.0 0.0 1.0
-0.9999702572822571 0.003240281483158469 0.006998472847044468 -0.37700551748275757 -0.0028850752860307693 -0.9987359046936035 0.05018182843923569 5.169386386871338 0.00715222954750061 0.05016014352440834 0.9987155795097351 15.440738677978516 0.0 0.0 0.0 1.0
-0.9999828338623047 0.003181322244927287 0.004919744096696377 -0.33057862520217896 -0.002931461902335286 -0.9987456202507019 0.0499863363802433 5.07860803604126 0.005072595551609993 0.04997105896472931 0.9987378120422363 15.479273796081543 0.0 0.0 0.0 1.0
-0.9999942183494568 -0.00013711648352909833 0.003405548632144928 -0.37222883105278015 0.00029691983945667744 -0.9988963603973389 0.04696834459900856 5.003897190093994 0.0033953499514609575 0.046969082206487656 0.9988905787467957 15.54757308959961 0.0 0.0 0.0 1.0