-0.9999713897705078 0.00440274178981781 0.006146808620542288 -0.2917167842388153 -0.004559227731078863 -0.9996597766876221 -0.025680525228381157 0.3789467215538025 0.006031652446836233 -0.02570781670510769 0.999651312828064 10.704751968383789 0.0 0.0 0.0 1.0
-0.9999681115150452 0.004297817591577768 0.006729492451995611 -0.2810952663421631 -0.004463652614504099 -0.999681830406189 -0.024825066328048706 0.38791710138320923 0.006620657630264759 -0.02485431358218193 0.9996691346168518 10.701082229614258 0.0 0.0 0.0 1.0
-0.9999541640281677 0.003950223326683044 0.008719148114323616 -0.24652117490768433 -0.004141798242926598 -0.9997479915618896 -0.022064201533794403 0.41623809933662415 0.008629792369902134 -0.02209930308163166 0.9997185468673706 10.685112953186035 0.0 0.0 0.0 1.0
-0.9998894333839417 0.0034024459309875965 0.014474299736320972 -0.15184840559959412 -0.003636622102931142 -0.9998624324798584 -0.016183309257030487 0.4806322455406189 0.014417245984077454 -0.016234157606959343 0.9997642636299133 10.648646354675293 0.0 0.0 0.0 1.0
-0.9997909069061279 0.0028858163859695196 0.020245108753442764 -0.06034110486507416 -0.0031117110047489405 -0.9999331831932068 -0.011135372333228588 0.5241506695747375 0.02021162025630474 -0.01119604054838419 0.999733030796051 10.627912521362305 0.0 0.0 0.0 1.0
-0.9997040033340454 0.0033156166318804026 0.024101238697767258 0.01705988310277462 -0.003468662966042757 -0.9999740719795227 -0.006311115343123674 0.563342809677124 0.024079687893390656 -0.006392846815288067 0.9996895790100098 10.595419883728027 0.0 0.0 0.0 1.0
-0.9997031092643738 0.004220366477966309 0.023997949436306953 0.06026536598801613 -0.004295354709029198 -0.9999860525131226 -0.0030740888323634863 0.5882768034934998 0.023984640836715698 -0.003176255850121379 0.9997072815895081 10.566703796386719 0.0 0.0 0.0 1.0
-0.999832272529602 0.005069892853498459 0.017597626894712448 0.06336132436990738 -0.005080993752926588 -0.9999869465827942 -0.0005861667450517416 0.5992764234542847 0.01759442500770092 -0.0006754818605259061 0.9998449683189392 10.520934104919434 0.0 0.0 0.0 1.0
-0.9999538064002991 0.0034342394210398197 0.008978062309324741 0.043847713619470596 -0.003431223565712571 -0.9999940395355225 0.00035129027673974633 0.584822952747345 0.008979215286672115 0.0003204683307558298 0.9999596476554871 10.451478004455566 0.0 0.0 0.0 1.0
-1.0 2.381811100349296e-05 1.0697287962102564e-06 0.05013959854841232 -2.3818151021259837e-05 -1.0 -3.70262423530221e-05 0.5495592355728149 1.0688469274100498e-06 -3.702626781887375e-05 1.0 10.351566314697266 0.0 0.0 0.0 1.0
-0.9999513626098633 -0.0050899563357234 -0.00844542495906353 0.066700778901577 0.005093527026474476 -0.9999869465827942 -0.0004013671714346856 0.48630741238594055 -0.008443271741271019 -0.00044436464668251574 0.9999642372131348 10.230232238769531 0.0 0.0 0.0 1.0
-0.9997568130493164 -0.012392455711960793 -0.018241217359900475 0.11459778994321823 0.012418189086019993 -0.9999220371246338 -0.0012981301406398416 0.3817671239376068 -0.018223708495497704 -0.0015243373345583677 0.9998327493667603 10.113334655761719 0.0 0.0 0.0 1.0
-0.9993869662284851 -0.018806418403983116 -0.029529817402362823 0.1503710150718689 0.01883539743721485 -0.9998223781585693 -0.0007034537266008556 0.33698058128356934 -0.0295113418251276 -0.0012592283310368657 0.9995636343955994 10.057408332824707 0.0 0.0 0.0 1.0
-0.9985958933830261 -0.02837914228439331 -0.04473157599568367 0.16764622926712036 0.028297200798988342 -0.9995965361595154 0.002464101416990161 0.3379702568054199 -0.04478345438838005 0.001194863230921328 0.9989960193634033 10.01149845123291 0.0 0.0 0.0 1.0
-0.9965450167655945 -0.04281366616487503 -0.07116895169019699 0.18373887240886688 0.0422653928399086 -0.9990641474723816 0.009192678146064281 0.39947906136512756 -0.071495920419693 0.0061529334634542465 0.99742192029953 9.978181838989258 0.0 0.0 0.0 1.0
-0.9935728311538696 -0.057045768946409225 -0.09776899963617325 0.17021042108535767 0.055665016174316406 -0.9983082413673401 0.01679481938481331 0.45898306369781494 -0.09856167435646057 0.011244562454521656 0.9950674176216125 9.958855628967285 0.0 0.0 0.0 1.0
-0.9894075989723206 -0.07176452875137329 -0.1261843889951706 0.12357902526855469 0.06918621808290482 -0.9972978234291077 0.02470383606851101 0.5127772688865662 -0.1276162713766098 0.015711940824985504 0.9916991591453552 9.932202339172363 0.0 0.0 0.0 1.0
-0.9848324060440063 -0.08517824858427048 -0.15116143226623535 0.0918780267238617 0.081450454890728 -0.9962046146392822 0.03069514036178589 0.5371320843696594 -0.15320226550102234 0.01791740208864212 0.9880324006080627 9.907354354858398 0.0 0.0 0.0 1.0
-0.9794462323188782 -0.10044316202402115 -0.17491795122623444 0.10648636519908905 0.09550201147794724 -0.9947612285614014 0.03646211326122284 0.5581663846969604 -0.17766396701335907 0.019007662311196327 0.9839076399803162 9.810314178466797 0.0 0.0 0.0 1.0
-0.9746555685997009 -0.1117594763636589 -0.1937946081161499 0.12424785643815994 0.10579128563404083 -0.9935464859008789 0.040910132229328156 0.5448852777481079 -0.19711604714393616 0.019371505826711655 0.98018878698349 9.695025444030762 0.0 0.0 0.0 1.0
-0.9691832065582275 -0.12435591220855713 -0.21264874935150146 0.1378222405910492 0.117482990026474 -0.9920680522918701 0.04470745101571083 0.505654513835907 -0.21652166545391083 0.01834709942340851 0.9761053919792175 9.591187477111816 0.0 0.0 0.0 1.0
-0.9621874690055847 -0.1384291797876358 -0.2345903366804123 0.10526389628648758 0.13083676993846893 -0.99025559425354 0.04770345240831375 0.4494205713272095 -0.23890793323516846 0.015206623822450638 0.970923125743866 9.538708686828613 0.0 0.0 0.0 1.0
-0.9518983960151672 -0.15870581567287445 -0.2621105909347534 0.05540325492620468 0.1508311629295349 -0.9872927665710449 0.05002916231751442 0.405036985874176 -0.2667198181152344 0.008088233880698681 0.9637401700019836 9.473834037780762 0.0 0.0 0.0 1.0
-0.9428832530975342 -0.1764432042837143 -0.2825579345226288 0.07922782003879547 0.16838589310646057 -0.9843084216117859 0.05275486037135124 0.4033057987689972 -0.28743237257003784 0.0021629079710692167 0.9577984809875488 9.464225769042969 0.0 0.0 0.0 1.0
-0.9341368079185486 -0.19326241314411163 -0.3000634014606476 0.1574731022119522 0.18462274968624115 -0.9811450839042664 0.05717311426997185 0.4221402108669281 -0.30545514822006226 -0.0019910181872546673 0.9522044062614441 9.512253761291504 0.0 0.0 0.0 1.0
-0.9251378774642944 -0.20820587873458862 -0.31744328141212463 0.2596079111099243 0.1981213241815567 -0.9780784845352173 0.06411271542310715 0.5049138069152832 -0.32383307814598083 -0.003579183481633663 0.9461074471473694 9.563088417053223 0.0 0.0 0.0 1.0
-0.9189598560333252 -0.21442151069641113 -0.33096256852149963 0.3275673985481262 0.20291240513324738 -0.9767353534698486 0.06938765197992325 0.5575855374336243 -0.3381410539150238 -0.0033919489942491055 0.9410893321037292 9.59304428100586 0.0 0.0 0.0 1.0
-0.9122101664543152 -0.21739156544208527 -0.3472946584224701 0.35742783546447754 0.2045523077249527 -0.9760770201683044 0.07370176911354065 0.5720741748809814 -0.35500848293304443 -0.0038084194529801607 0.9348553419113159 9.591126441955566 0.0 0.0 0.0 1.0
-0.9046725034713745 -0.2201579511165619 -0.3648262023925781 0.37160179018974304 0.2063024640083313 -0.975448489189148 0.07706841826438904 0.5667381286621094 -0.3728363811969757 -0.0055428664200007915 0.9278805255889893 9.541031837463379 0.0 0.0 0.0 1.0
-0.8931885957717896 -0.22573809325695038 -0.3889170289039612 0.36686983704566956 0.21033960580825806 -0.9741531610488892 0.08235827833414078 0.5305372476577759 -0.3974561393260956 -0.008243179880082607 0.9175841212272644 9.462248802185059 0.0 0.0 0.0 1.0
-0.8822404742240906 -0.2338627576828003 -0.4086073040962219 0.37796640396118164 0.2172193080186844 -0.9722000956535339 0.08742310106754303 0.4739789664745331 -0.41769304871559143 -0.011629197746515274 0.9085137844085693 9.4024076461792 0.0 0.0 0.0 1.0
-0.8690751194953918 -0.244619220495224 -0.42996495962142944 0.35868555307388306 0.2265874445438385 -0.9694855213165283 0.09357339143753052 0.4478699266910553 -0.43973466753959656 -0.016102362424135208 0.8979833722114563 9.380460739135742 0.0 0.0 0.0 1.0
-0.8494486212730408 -0.26191794872283936 -0.45807862281799316 0.29734906554222107 0.2423105537891388 -0.9647893905639648 0.10230842232704163 0.4515329897403717 -0.4687458276748657 -0.024091536179184914 0.8830044865608215 9.349332809448242 0.0 0.0 0.0 1.0
-0.8310553431510925 -0.27812471985816956 -0.4816572070121765 0.28843262791633606 0.2580799460411072 -0.9599533081054688 0.10901536792516708 0.4568585753440857 -0.4926883280277252 -0.03370825573801994 0.869552731513977 9.372934341430664 0.0 0.0 0.0 1.0
-0.8123669624328613 -0.2935047149658203 -0.5038996934890747 0.32230082154273987 0.2738155126571655 -0.9549100399017334 0.11476872861385345 0.455420583486557 -0.5148640275001526 -0.044741228222846985 0.8561035394668579 9.422745704650879 0.0 0.0 0.0 1.0
-0.7942304611206055 -0.30483701825141907 -0.5256161689758301 0.3562138080596924 0.28582173585891724 -0.9507980942726135 0.1195361465215683 0.44874611496925354 -0.5361939072608948 -0.055293288081884384 0.8422818779945374 9.473722457885742 0.0 0.0 0.0 1.0
-0.7739604115486145 -0.3134109675884247 -0.5502352118492126 0.3735521137714386 0.29462435841560364 -0.9473758339881897 0.12520168721675873 0.4392370283603668 -0.5605191588401794 -0.06521154940128326 0.8255699276924133 9.493356704711914 0.0 0.0 0.0 1.0
-0.75804603099823 -0.31940096616744995 -0.568638026714325 0.3872719705104828 0.29916515946388245 -0.9450267553329468 0.13200226426124573 0.44817307591438293 -0.5795397758483887 -0.07005288451910019 0.8119274973869324 9.451299667358398 0.0 0.0 0.0 1.0
-0.7416283488273621 -0.32598254084587097 -0.5862787365913391 0.3765815198421478 0.3026867210865021 -0.9425730109214783 0.1411978304386139 0.45284807682037354 -0.5986385345458984 -0.07274246960878372 0.7977094650268555 9.389633178710938 0.0 0.0 0.0 1.0
-0.7222313284873962 -0.33515504002571106 -0.6050231456756592 0.32976236939430237 0.3077535033226013 -0.9391084313392639 0.15284988284111023 0.4380437135696411 -0.6194107532501221 -0.07580501586198807 0.7813987135887146 9.303911209106445 0.0 0.0 0.0 1.0
-0.6920236945152283 -0.35001280903816223 -0.6313431859016418 0.24296341836452484 0.3185945451259613 -0.932889461517334 0.16797247529029846 0.42129379510879517 -0.6477659344673157 -0.08490155637264252 0.7570937871932983 9.26911449432373 0.0 0.0 0.0 1.0
-0.6595476865768433 -0.36458808183670044 -0.657322108745575 0.10426703840494156 0.33142346143722534 -0.9259500503540039 0.1810387372970581 0.42410802841186523 -0.6746519804000854 -0.09844829142093658 0.7315412759780884 9.26257038116455 0.0 0.0 0.0 1.0
-0.6211627721786499 -0.37888088822364807 -0.6860073804855347 -0.0497778095304966 0.34397390484809875 -0.9183498620986938 0.1957434117794037 0.45956361293792725 -0.7041581869125366 -0.1143801212310791 0.7007699012756348 9.311461448669434 0.0 0.0 0.0 1.0
-0.5719704031944275 -0.39325278997421265 -0.7198625802993774 -0.2283453792333603 0.35582026839256287 -0.9096702933311462 0.21422384679317474 0.49439623951911926 -0.7390817403793335 -0.13361197710037231 0.6602318286895752 9.413077354431152 0.0 0.0 0.0 1.0
-0.5346681475639343 -0.40080106258392334 -0.7439680695533752 -0.3640764653682709 0.35950782895088196 -0.9046122431755066 0.228977769613266 0.5278724431991577 -0.7647771239280701 -0.14503522217273712 0.6277585029602051 9.45851993560791 0.0 0.0 0.0 1.0
-0.5075185894966125 -0.40551096200942993 -0.7602537274360657 -0.41017046570777893 0.3604346811771393 -0.9013401865959167 0.24015145003795624 0.552692174911499 -0.7826312780380249 -0.15214048326015472 0.6036071181297302 9.459830284118652 0.0 0.0 0.0 1.0
-0.4908212423324585 -0.40876126289367676 -0.7694210410118103 -0.3250097930431366 0.3603370487689972 -0.8992822170257568 0.24788852035999298 0.5735121369361877 -0.7932538986206055 -0.15558195114135742 0.5886786580085754 9.432905197143555 0.0 0.0 0.0 1.0
-0.47954750061035156 -0.41256818175315857 -0.7744815945625305 -0.12489115446805954 0.3626917600631714 -0.8968569040298462 0.25318443775177 0.570471465587616 -0.7990549802780151 -0.1594841182231903 0.5797205567359924 9.374368667602539 0.0 0.0 0.0 1.0
-0.47155702114105225 -0.41829097270965576 -0.7763160467147827 0.0759752169251442 0.37081727385520935 -0.8927827477455139 0.2557997703552246 0.5559066534042358 -0.8000802993774414 -0.1672472357749939 0.5761075019836426 9.36826229095459 0.0 0.0 0.0 1.0
-0.45679518580436707 -0.42634478211402893 -0.7807485461235046 0.2267046570777893 0.38323846459388733 -0.886360764503479 0.2597939968109131 0.5550106167793274 -0.8027867078781128 -0.18054021894931793 0.5682770013809204 9.39387321472168 0.0 0.0 0.0 1.0
-0.43164631724357605 -0.4352968633174896 -0.7900620698928833 0.2963981628417969 0.3972623944282532 -0.8780813813209534 0.26675018668174744 0.6001947522163391 -0.8098543286323547 -0.19872021675109863 0.5519476532936096 9.438314437866211 0.0 0.0 0.0 1.0
-0.3961334526538849 -0.4440353512763977 -0.8036858439445496 0.3323175013065338 0.4098671078681946 -0.8687596917152405 0.27796679735183716 0.6681046485900879 -0.8216369152069092 -0.21929244697093964 0.5261402726173401 9.549933433532715 0.0 0.0 0.0 1.0
-0.3658607304096222 -0.44836729764938354 -0.8155444264411926 0.3129022717475891 0.4154919683933258 -0.862812340259552 0.28796058893203735 0.6896814107894897 -0.8327738642692566 -0.233498677611351 0.5019621849060059 9.643259048461914 0.0 0.0 0.0 1.0
-0.33761778473854065 -0.4498426914215088 -0.8268347978591919 0.2915933132171631 0.4167342185974121 -0.8590667247772217 0.29721537232398987 0.6942254900932312 -0.8440064191818237 -0.2442251592874527 0.4775010347366333 9.679645538330078 0.0 0.0 0.0 1.0
-0.3084483742713928 -0.45122939348220825 -0.8374077081680298 0.2999509572982788 0.41498419642448425 -0.8559733629226685 0.30837923288345337 0.7211458086967468 -0.8559484481811523 -0.25239187479019165 0.45127665996551514 9.642176628112793 0.0 0.0 0.0 1.0
-0.28327226638793945 -0.4540608823299408 -0.8447399139404297 0.281213641166687 0.41330260038375854 -0.8526255488395691 0.31970399618148804 0.7164912223815918 -0.8654119372367859 -0.2585699260234833 0.4291897118091583 9.574124336242676 0.0 0.0 0.0 1.0
-0.25569432973861694 -0.45822060108184814 -0.8512662649154663 0.2597486078739166 0.41390806436538696 -0.8476400971412659 0.3319433629512787 0.6587267518043518 -0.8736706972122192 -0.26746994256973267 0.4063979685306549 9.511284828186035 0.0 0.0 0.0 1.0
-0.22133494913578033 -0.4625585675239563 -0.8585163950920105 0.18274462223052979 0.41652700304985046 -0.8408496379852295 0.3456546664237976 0.6154374480247498 -0.8817687034606934 -0.28108981251716614 0.37877753376960754 9.467005729675293 0.0 0.0 0.0 1.0
-0.17333610355854034 -0.46608737111091614 -0.8675927519798279 0.062619149684906 0.41985514760017395 -0.8318383693695068 0.3629966974258423 0.5927038788795471 -0.8908851146697998 -0.30134284496307373 0.33987680077552795 9.41617202758789 0.0 0.0 0.0 1.0
-0.13214725255966187 -0.4674464762210846 -0.8740885853767395 -0.018976014107465744 0.4221069812774658 -0.8244083523750305 0.3770630359649658 0.5971245765686035 -0.8968627452850342 -0.3191310465335846 0.3062556982040405 9.405055046081543 0.0 0.0 0.0 1.0
-0.09527863562107086 -0.46676602959632874 -0.8792334198951721 -0.032180774956941605 0.4221118688583374 -0.8188551664352417 0.38897013664245605 0.5755628347396851 -0.9015229344367981 -0.33407431840896606 0.2750468850135803 9.447551727294922 0.0 0.0 0.0 1.0
-0.0574348121881485 -0.4654209017753601 -0.8832240104675293 -0.05303238332271576 0.4194847047328949 -0.8140498995780945 0.40169063210487366 0.550247073173523 -0.9059436321258545 -0.34742793440818787 0.24199175834655762 9.434791564941406 0.0 0.0 0.0 1.0
-0.03364088013768196 -0.46367794275283813 -0.8853649497032166 -0.041735682636499405 0.416080504655838 -0.8119449019432068 0.40941721200942993 0.5185049772262573 -0.9087052941322327 -0.3546099364757538 0.22024188935756683 9.402790069580078 0.0 0.0 0.0 1.0
-0.01240308303385973 -0.46325087547302246 -0.8861404061317444 -0.013768544420599937 0.4126269817352295 -0.8096059560775757 0.4174652397632599 0.5010229349136353 -0.9108156561851501 -0.3604675531387329 0.20119141042232513 9.295666694641113 0.0 0.0 0.0 1.0
0.009927177801728249 -0.46405690908432007 -0.8857497572898865 0.006453284062445164 0.4102642238140106 -0.8059158325195312 0.42682889103889465 0.47762298583984375 -0.9119126796722412 -0.36762863397598267 0.18238547444343567 9.19264030456543 0.0 0.0 0.0 1.0
0.039114970713853836 -0.46727678179740906 -0.8832454085350037 0.020014718174934387 0.41137081384658813 -0.7980104088783264 0.4404014050960541 0.45564353466033936 -0.9106283783912659 -0.38056766986846924 0.16100987792015076 9.049727439880371 0.0 0.0 0.0 1.0
0.06917482614517212 -0.4701090157032013 -0.8798933625221252 0.008333239704370499 0.4128725528717041 -0.7894333600997925 0.4542369842529297 0.458065003156662 -0.9081580638885498 -0.394705593585968 0.1394861936569214 8.973827362060547 0.0 0.0 0.0 1.0
0.10273865610361099 -0.47232964634895325 -0.8754138946533203 0.013638966716825962 0.4147289991378784 -0.7795882225036621 0.4692995250225067 0.5064979791641235 -0.9041264653205872 -0.4112747311592102 0.11579495668411255 8.90559196472168 0.0 0.0 0.0 1.0
0.13810959458351135 -0.47235405445098877 -0.8705213069915771 0.05614681914448738 0.41584375500679016 -0.7700613141059875 0.4838176667690277 0.5722796320915222 -0.8988880515098572 -0.42882072925567627 0.0900726318359375 8.897322654724121 0.0 0.0 0.0 1.0
0.180404931306839 -0.46795177459716797 -0.8651446104049683 0.1509198546409607 0.41630518436431885 -0.7605805397033691 0.49820399284362793 0.5958770513534546 -0.8911476135253906 -0.4500426650047302 0.05759827420115471 8.937068939208984 0.0 0.0 0.0 1.0
0.21694597601890564 -0.46016669273376465 -0.8609187602996826 0.1525072455406189 0.414246141910553 -0.7551813125610352 0.508036732673645 0.5698699951171875 -0.8839313387870789 -0.46684879064559937 0.026788728311657906 8.9670991897583 0.0 0.0 0.0 1.0
0.25288960337638855 -0.4514627158641815 -0.8557033538818359 0.1119338795542717 0.41303563117980957 -0.7494258880615234 0.5174576640129089 0.5421697497367859 -0.8748990893363953 -0.48429563641548157 -0.0030518195126205683 8.947900772094727 0.0 0.0 0.0 1.0
0.2924368977546692 -0.4424680769443512 -0.8477633595466614 0.09640489518642426 0.41175442934036255 -0.741868793964386 0.5292342901229858 0.5307526588439941 -0.8630984425544739 -0.5038379430770874 -0.03476160392165184 8.853914260864258 0.0 0.0 0.0 1.0
0.32185330986976624 -0.4365676939487457 -0.8401303887367249 0.11388871818780899 0.41269975900650024 -0.7339202165603638 0.5394812822341919 0.5122501254081726 -0.8521087765693665 -0.5203554630279541 -0.05604326352477074 8.755148887634277 0.0 0.0 0.0 1.0
0.3483056426048279 -0.43370962142944336 -0.8310109376907349 0.16890065371990204 0.4134533405303955 -0.7245489358901978 0.5514391660690308 0.5269941091537476 -0.8412725329399109 -0.5356535911560059 -0.07304580509662628 8.697484016418457 0.0 0.0 0.0 1.0
0.3775322735309601 -0.43063589930534363 -0.819769561290741 0.1682809740304947 0.40635842084884644 -0.7184410095214844 0.5645487904548645 0.5230885148048401 -0.83207106590271 -0.5462556481361389 -0.09624215215444565 8.634190559387207 0.0 0.0 0.0 1.0
0.42566555738449097 -0.42086637020111084 -0.801049530506134 0.08536064624786377 0.3919949233531952 -0.7121124863624573 0.5824395418167114 0.521965503692627 -0.8155665397644043 -0.5619317889213562 -0.13814426958560944 8.589670181274414 0.0 0.0 0.0 1.0
0.46740177273750305 -0.40993285179138184 -0.7832564115524292 0.037006720900535583 0.37997448444366455 -0.7068219184875488 0.5966759324073792 0.5261785387992859 -0.7982198596000671 -0.5765048265457153 -0.17460578680038452 8.584634780883789 0.0 0.0 0.0 1.0
0.5027443766593933 -0.3996056020259857 -0.7665268778800964 0.030684657394886017 0.367290198802948 -0.7039674520492554 0.6078879237174988 0.5055179595947266 -0.782525360584259 -0.5871500372886658 -0.20714448392391205 8.608858108520508 0.0 0.0 0.0 1.0
0.5318123698234558 -0.3909607231616974 -0.7512158751487732 0.014918684028089046 0.3550507724285126 -0.7023987770080566 0.61690753698349 0.47082778811454773 -0.7688397169113159 -0.5947988629341125 -0.2347334623336792 8.58691120147705 0.0 0.0 0.0 1.0
0.5581556558609009 -0.38302478194236755 -0.7360395789146423 0.044718895107507706 0.3435073494911194 -0.7008180022239685 0.6251854300498962 0.4483855366706848 -0.7552913427352905 -0.6017857789993286 -0.2595937252044678 8.521965980529785 0.0 0.0 0.0 1.0
0.5774614214897156 -0.3783706724643707 -0.7234458923339844 0.08806726336479187 0.33462560176849365 -0.6985787153244019 0.632466197013855 0.43612390756607056 -0.7446905374526978 -0.6073083877563477 -0.27678975462913513 8.41780948638916 0.0 0.0 0.0 1.0
0.5975654125213623 -0.37442517280578613 -0.7090284824371338 0.10642869025468826 0.3243344724178314 -0.6958298683166504 0.6408025622367859 0.39138057827949524 -0.7332957983016968 -0.6128838658332825 -0.2943648397922516 8.357222557067871 0.0 0.0 0.0 1.0
0.6289448738098145 -0.36638137698173523 -0.6857062578201294 0.02629067189991474 0.3110025227069855 -0.689782440662384 0.6538177132606506 0.36682379245758057 -0.7125347852706909 -0.6244716644287109 -0.3198896050453186 8.302754402160645 0.0 0.0 0.0 1.0
0.6590627431869507 -0.35535842180252075 -0.6628398895263672 -0.07461199909448624 0.2993009686470032 -0.6846107244491577 0.6646255254745483 0.36492034792900085 -0.6899675726890564 -0.6364185214042664 -0.3448422849178314 8.287334442138672 0.0 0.0 0.0 1.0
0.6891878843307495 -0.34240099787712097 -0.6385777592658997 -0.1164187416434288 0.287882536649704 -0.6793665289878845 0.6749701499938965 0.3923090994358063 -0.6649388670921326 -0.6490166783332825 -0.36963993310928345 8.315364837646484 0.0 0.0 0.0 1.0
0.7155262231826782 -0.3306821882724762 -0.6153629422187805 -0.08302243798971176 0.27667978405952454 -0.6746922731399536 0.6842796802520752 0.4366333782672882 -0.6414597034454346 -0.6598784923553467 -0.3912668824195862 8.390974998474121 0.0 0.0 0.0 1.0
0.7381461262702942 -0.31992825865745544 -0.5939580798149109 0.04311060532927513 0.26519525051116943 -0.6719342470169067 0.6915026307106018 0.4659416377544403 -0.6203320026397705 -0.6679448485374451 -0.4111422002315521 8.478975296020508 0.0 0.0 0.0 1.0
0.7512727975845337 -0.31253764033317566 -0.5812997221946716 0.1687934845685959 0.25804653763771057 -0.6715585589408875 0.6945653557777405 0.46034911274909973 -0.6074546575546265 -0.6718104481697083 -0.42387446761131287 8.49876880645752 0.0 0.0 0.0 1.0
0.7616004943847656 -0.30659520626068115 -0.5709326267242432 0.329292356967926 0.25198230147361755 -0.6715734601020813 0.6967740058898926 0.4650949537754059 -0.5970507860183716 -0.6745283603668213 -0.4342140853404999 8.480254173278809 0.0 0.0 0.0 1.0
0.7738438844680786 -0.2984098494052887 -0.5586744546890259 0.4605303704738617 0.24642708897590637 -0.6707084774971008 0.6995882987976074 0.4550015330314636 -0.5834717750549316 -0.6790446639060974 -0.4454874098300934 8.401236534118652 0.0 0.0 0.0 1.0
0.7955751419067383 -0.28138217329978943 -0.5365484952926636 0.5132322907447815 0.23933173716068268 -0.667614758014679 0.7049899697303772 0.39314907789230347 -0.5565792918205261 -0.6892855763435364 -0.4637940227985382 8.336328506469727 0.0 0.0 0.0 1.0
0.8214399814605713 -0.2613750100135803 -0.5068721771240234 0.44855162501335144 0.22840236127376556 -0.6636162996292114 0.7123522758483887 0.37518224120140076 -0.5225597620010376 -0.7009254693984985 -0.4854223132133484 8.341681480407715 0.0 0.0 0.0 1.0
0.8513742685317993 -0.23378850519657135 -0.4695793390274048 0.3174699544906616 0.21618279814720154 -0.6592537760734558 0.720173180103302 0.3728506565093994 -0.477940171957016 -0.7146519422531128 -0.5107306838035583 8.36689567565918 0.0 0.0 0.0 1.0
0.8841075897216797 -0.20233842730522156 -0.421204149723053 0.18978451192378998 0.19791464507579803 -0.6544027924537659 0.7297854423522949 0.4294963777065277 -0.4233008027076721 -0.7285712957382202 -0.5385167002677917 8.459986686706543 0.0 0.0 0.0 1.0
0.9046202898025513 -0.18236605823040009 -0.3852333426475525 0.11841627210378647 0.18184462189674377 -0.6523119807243347 0.735813558101654 0.44285205006599426 -0.38547974824905396 -0.7356845140457153 -0.5569323897361755 8.548779487609863 0.0 0.0 0.0 1.0
0.9205204248428345 -0.16529135406017303 -0.35400691628456116 0.06884995847940445 0.1672506183385849 -0.6521583795547485 0.7394028902053833 0.43343523144721985 -0.3530854880809784 -0.7398433685302734 -0.5726800560951233 8.596109390258789 0.0 0.0 0.0 1.0
0.9323490858078003 -0.1521497219800949 -0.3279872536659241 0.050562143325805664 0.15456369519233704 -0.6523526310920715 0.741987943649292 0.4139668643474579 -0.3268566131591797 -0.7424867153167725 -0.5847035646438599 8.605762481689453 0.0 0.0 0.0 1.0
0.9430420398712158 -0.13983607292175293 -0.3018569350242615 0.08782587945461273 0.1420823037624359 -0.651149570941925 0.7455312609672546 0.4121849834918976 -0.3008061647415161 -0.7459558844566345 -0.594193160533905 8.529820442199707 0.0 0.0 0.0 1.0
0.9507001638412476 -0.1311458945274353 -0.2810159921646118 0.12693414092063904 0.13203193247318268 -0.64876788854599 0.7494450211524963 0.4049175977706909 -0.28060075640678406 -0.7496005892753601 -0.5994682312011719 8.444865226745605 0.0 0.0 0.0 1.0
0.9595241546630859 -0.11983787268400192 -0.25485745072364807 0.12530718743801117 0.12008433043956757 -0.6444629430770874 0.7551471590995789 0.4117753207683563 -0.2547414004802704 -0.7551863193511963 -0.6039870977401733 8.395296096801758 0.0 0.0 0.0 1.0
0.9704563021659851 -0.10401786118745804 -0.21770353615283966 0.11303406208753586 0.10187225788831711 -0.6412782669067383 0.7605158090591431 0.4282601773738861 -0.21871575713157654 -0.7602252960205078 -0.611735999584198 8.409415245056152 0.0 0.0 0.0 1.0
0.9796000719070435 -0.0886843279004097 -0.18032963573932648 0.07621876150369644 0.08268982917070389 -0.6399797201156616 0.763929545879364 0.47468695044517517 -0.18315589427947998 -0.763256847858429 -0.6195908784866333 8.48440933227539 0.0 0.0 0.0 1.0
0.9871450066566467 -0.07321543991565704 -0.1420711874961853 0.05858368054032326 0.06264560669660568 -0.6405329704284668 0.7653712034225464 0.5114474296569824 -0.1470382660627365 -0.7644324898719788 -0.6277122497558594 8.565302848815918 0.0 0.0 0.0 1.0
0.9923282861709595 -0.06171953305602074 -0.1071224957704544 0.061342693865299225 0.042540524154901505 -0.6430988907814026 0.7646006345748901 0.5168135166168213 -0.11608114838600159 -0.7632918953895569 -0.6355396509170532 8.673131942749023 0.0 0.0 0.0 1.0
0.9959956407546997 -0.05249900743365288 -0.07236379384994507 0.09667991101741791 0.021305525675415993 -0.6467195749282837 0.7624302506446838 0.4922204911708832 -0.0868259146809578 -0.7609189748764038 -0.6430113315582275 8.766766548156738 0.0 0.0 0.0 1.0
0.9975011944770813 -0.04776163771748543 -0.0520600751042366 0.20161542296409607 0.008675023913383484 -0.6484951376914978 0.7611693739891052 0.5111405253410339 -0.07011540234088898 -0.7597189545631409 -0.6464603543281555 8.78775405883789 0.0 0.0 0.0 1.0
0.9983828067779541 -0.04487892612814903 -0.034894611686468124 0.35457658767700195 -0.0026146424934267998 -0.6494185328483582 0.7604266405105591 0.5205715298652649 -0.05678834021091461 -0.7591056823730469 -0.6484856605529785 8.80871295928955 0.0 0.0 0.0 1.0
0.999399721622467 -0.03219740465283394 -0.01278664544224739 0.4237607717514038 -0.011176387779414654 -0.6490103006362915 0.7606974840164185 0.5252358317375183 -0.032791148871183395 -0.7600979804992676 -0.6489806175231934 8.860058784484863 0.0 0.0 0.0 1.0
0.9997267127037048 -0.01260080374777317 0.019691208377480507 0.4481336772441864 -0.023161381483078003 -0.6482284665107727 0.7610935568809509 0.5705803632736206 0.0031740115955471992 -0.7613416314125061 -0.6483432054519653 8.976888656616211 0.0 0.0 0.0 1.0
0.9986792802810669 0.005354170687496662 0.05109878256917 0.45687660574913025 -0.03544413298368454 -0.6482025980949402 0.7606425881385803 0.6728754639625549 0.03719497472047806 -0.7614490985870361 -0.6471567153930664 9.086915969848633 0.0 0.0 0.0 1.0
0.9966884255409241 0.018513502553105354 0.079180046916008 0.5282182097434998 -0.04825865849852562 -0.6490445733070374 0.7592182159423828 0.7489029169082642 0.06544716656208038 -0.760525107383728 -0.6460017561912537 9.240082740783691 0.0 0.0 0.0 1.0
0.9936457872390747 0.028447972610592842 0.1088978499174118 0.6127489805221558 -0.06408117711544037 -0.6524158716201782 0.7551470994949341 0.7466603517532349 0.09252908825874329 -0.7573270797729492 -0.6464473009109497 9.358072280883789 0.0 0.0 0.0 1.0
0.9906695485115051 0.03438643738627434 0.1318763792514801 0.6655480861663818 -0.07732977718114853 -0.6549667119979858 0.7516905665397644 0.738377571105957 0.1122225970029831 -0.7548749446868896 -0.6461964845657349 9.38453197479248 0.0 0.0 0.0 1.0
0.987109899520874 0.039950236678123474 0.15497757494449615 0.7377328276634216 -0.09107545763254166 -0.6560424566268921 0.7492086291313171 0.7506386637687683 0.1316029280424118 -0.7536659240722656 -0.6439474821090698 9.345630645751953 0.0 0.0 0.0 1.0
0.9820143580436707 0.05064800754189491 0.18188609182834625 0.7726311683654785 -0.10447409003973007 -0.6566598415374756 0.7469156384468079 0.7364261150360107 0.15726707875728607 -0.7524843215942383 -0.6395580172538757 9.274802207946777 0.0 0.0 0.0 1.0
0.9723722338676453 0.07263097167015076 0.22184909880161285 0.7188932299613953 -0.12123527377843857 -0.6550179123878479 0.7458240389823914 0.7365549206733704 0.19948506355285645 -0.7521145343780518 -0.6281157732009888 9.235074996948242 0.0 0.0 0.0 1.0
0.9607301950454712 0.09406474232673645 0.2610541582107544 0.6102988719940186 -0.13761113584041595 -0.6554370522499084 0.7426071763038635 0.7526115775108337 0.24095773696899414 -0.7493690848350525 -0.6167538166046143 9.218355178833008 0.0 0.0 0.0 1.0
0.9438957571983337 0.11978381127119064 0.30775418877601624 0.4510889947414398 -0.15675322711467743 -0.6577243804931641 0.7367679476737976 0.7975242137908936 0.2906703054904938 -0.7436736226081848 -0.6020467877388 9.263025283813477 0.0 0.0 0.0 1.0
0.9250181913375854 0.14260628819465637 0.3521431088447571 0.3427638113498688 -0.17536093294620514 -0.661977231502533 0.7287212610244751 0.8150631189346313 0.33703094720840454 -0.7358325719833374 -0.5873334407806396 9.347634315490723 0.0 0.0 0.0 1.0
0.9022865891456604 0.1647162288427353 0.3984312117099762 0.22957177460193634 -0.19480571150779724 -0.6686657071113586 0.7175910472869873 0.804811954498291 0.3846161663532257 -0.7250894904136658 -0.5712404251098633 9.50341510772705 0.0 0.0 0.0 1.0
0.8849612474441528 0.17802369594573975 0.4302919805049896 0.18242748081684113 -0.2080903947353363 -0.6754602193832397 0.7074262499809265 0.7763766646385193 0.41658374667167664 -0.7155844569206238 -0.5607110857963562 9.580967903137207 0.0 0.0 0.0 1.0
0.8706274628639221 0.18822693824768066 0.45450901985168457 0.2372489869594574 -0.2176225483417511 -0.6812244057655334 0.6989805102348328 0.7821816802024841 0.44118958711624146 -0.7074630260467529 -0.5521302223205566 9.619166374206543 0.0 0.0 0.0 1.0
0.8537348508834839 0.20170772075653076 0.4800529479980469 0.326918363571167 -0.22629132866859436 -0.6865906119346619 0.6909309029579163 0.774152398109436 0.46896594762802124 -0.6985036134719849 -0.5405216217041016 9.670209884643555 0.0 0.0 0.0 1.0
0.8327574133872986 0.21950531005859375 0.5082641839981079 0.2791173458099365 -0.23407277464866638 -0.6923643350601196 0.6825258731842041 0.7606494426727295 0.5017220377922058 -0.6873493194580078 -0.5251913070678711 9.740736961364746 0.0 0.0 0.0 1.0
0.8034647107124329 0.24003838002681732 0.5448174476623535 0.09215272963047028 -0.24514393508434296 -0.7005493640899658 0.6701753735542297 0.7492216229438782 0.5425392985343933 -0.6720209717750549 -0.5040227174758911 9.807101249694824 0.0 0.0 0.0 1.0
0.7659620642662048 0.2628195583820343 0.5867094993591309 -0.18869294226169586 -0.25697359442710876 -0.711374819278717 0.6541486382484436 0.7329076528549194 0.5892934203147888 -0.6518218517303467 -0.4773484170436859 9.91734504699707 0.0 0.0 0.0 1.0
0.7245172262191772 0.28479114174842834 0.6276693940162659 -0.41898271441459656 -0.2668299376964569 -0.7237498164176941 0.6363866329193115 0.736763060092926 0.6355128884315491 -0.6285540461540222 -0.44837841391563416 10.072436332702637 0.0 0.0 0.0 1.0
0.697894275188446 0.29459473490715027 0.6528074145317078 -0.5174786448478699 -0.27377045154571533 -0.7325343489646912 0.6232520937919617 0.6983317732810974 0.6618106365203857 -0.6136834621429443 -0.430580198764801 10.154932022094727 0.0 0.0 0.0 1.0
0.6796687841415405 0.2984500527381897 0.6700581312179565 -0.5053094625473022 -0.2799663841724396 -0.7387816309928894 0.6130420565605164 0.6679195761680603 0.6779890656471252 -0.6042593121528625 -0.4185708463191986 10.186269760131836 0.0 0.0 0.0 1.0
0.6669784188270569 0.3032594323158264 0.680568516254425 -0.3309502899646759 -0.28228694200515747 -0.7424725294113159 0.6074937582015991 0.681618332862854 0.6895316243171692 -0.5973008275032043 -0.4096069633960724 10.147216796875 0.0 0.0 0.0 1.0
0.6581873893737793 0.3094604015350342 0.6863116025924683 -0.15501336753368378 -0.28184738755226135 -0.7440338134765625 0.6057851910591125 0.6955102682113647 0.6981055736541748 -0.5921553373336792 -0.40249308943748474 10.103618621826172 0.0 0.0 0.0 1.0
0.643002450466156 0.3211699426174164 0.6952680945396423 -0.07356736063957214 -0.2791536748409271 -0.7470834255218506 0.6032740473747253 0.6678200364112854 0.7131767868995667 -0.5819933414459229 -0.3907206654548645 10.03003978729248 0.0 0.0 0.0 1.0
0.61981201171875 0.336952269077301 0.7087286114692688 -0.055237557739019394 -0.276662141084671 -0.7513156533241272 0.5991517901420593 0.6871231198310852 0.7343644499778748 -0.56743985414505 -0.3724525272846222 10.034019470214844 0.0 0.0 0.0 1.0
0.5756747126579285 0.3583478331565857 0.734973132610321 -0.2527799606323242 -0.2799210548400879 -0.7581743001937866 0.5889107584953308 0.7276437878608704 0.7682726383209229 -0.5447554588317871 -0.3361526429653168 10.043111801147461 0.0 0.0 0.0 1.0
0.530276894569397 0.37194421887397766 0.7618818283081055 -0.5088261961936951 -0.28957200050354004 -0.7651363015174866 0.5750778317451477 0.7485858201980591 0.7968403100967407 -0.5255701541900635 -0.29802948236465454 10.047707557678223 0.0 0.0 0.0 1.0
0.48263993859291077 0.38061827421188354 0.7887892127037048 -0.820698082447052 -0.3035076856613159 -0.7721360325813293 0.5582911372184753 0.7223804593086243 0.8215484023094177 -0.5088571906089783 -0.25714311003685 10.061930656433105 0.0 0.0 0.0 1.0
0.44327637553215027 0.3820526897907257 0.8108895421028137 -1.0440820455551147 -0.3189144730567932 -0.778215229511261 0.5409941077232361 0.667926013469696 0.8377348184585571 -0.4984143078327179 -0.22312228381633759 10.026622772216797 0.0 0.0 0.0 1.0
0.4126456677913666 0.3819495141506195 0.8269450664520264 -1.0648539066314697 -0.32935187220573425 -0.7838590741157532 0.5263955593109131 0.6327550411224365 0.849264919757843 -0.4895707666873932 -0.19766028225421906 9.954854965209961 0.0 0.0 0.0 1.0
0.3956555426120758 0.38389238715171814 0.834316074848175 -0.9939271807670593 -0.33293887972831726 -0.7866942882537842 0.5198689699172974 0.6047661900520325 0.855925440788269 -0.483465313911438 -0.18344727158546448 9.854324340820312 0.0 0.0 0.0 1.0
0.3811659812927246 0.38804134726524353 0.8391283750534058 -0.9008382558822632 -0.33212605118751526 -0.7895830869674683 0.5159950256347656 0.5410679578781128 0.8627889752388 -0.4753761291503906 -0.17208358645439148 9.772836685180664 0.0 0.0 0.0 1.0
0.3592827320098877 0.3948264420032501 0.845593273639679 -0.824314296245575 -0.3284922242164612 -0.7946012020111084 0.510589599609375 0.4920573830604553 0.8735037446022034 -0.46121683716773987 -0.1557890772819519 9.707420349121094 0.0 0.0 0.0 1.0
0.3336595594882965 0.4003923237323761 0.8534384965896606 -0.8457993865013123 -0.3264962136745453 -0.8002042174339294 0.5030640363693237 0.44051992893218994 0.8843480944633484 -0.4464965760707855 -0.136269211769104 9.644428253173828 0.0 0.0 0.0 1.0
0.3002833425998688 0.40460073947906494 0.8637871146202087 -0.9225907921791077 -0.3280719220638275 -0.8065206408500671 0.49182647466659546 0.40895169973373413 0.8956554532051086 -0.43107157945632935 -0.10944657772779465 9.581852912902832 0.0 0.0 0.0 1.0
0.26509642601013184 0.4072127938270569 0.874014675617218 -1.0047463178634644 -0.3310816287994385 -0.8128929138183594 0.4791555404663086 0.3731379806995392 0.9055985808372498 -0.41639262437820435 -0.08067432790994644 9.551606178283691 0.0 0.0 0.0 1.0
0.22739990055561066 0.4072224497795105 0.8845672011375427 -1.0773358345031738 -0.3372272253036499 -0.8192280530929565 0.46383529901504517 0.3202075958251953 0.9135464429855347 -0.40377625823020935 -0.04896588623523712 9.513955116271973 0.0 0.0 0.0 1.0
0.20321717858314514 0.4062187671661377 0.8908922672271729 -1.109254002571106 -0.3442873954772949 -0.8221288919448853 0.45339858531951904 0.27742400765419006 0.9166073203086853 -0.3988613784313202 -0.02721470594406128 9.43790340423584 0.0 0.0 0.0 1.0
0.18546490371227264 0.40549570322036743 0.8950843811035156 -1.0698599815368652 -0.35145288705825806 -0.8232620358467102 0.44578075408935547 0.2514238953590393 0.9176511764526367 -0.39725667238235474 -0.01017358060926199 9.315764427185059 0.0 0.0 0.0 1.0
0.1711224913597107 0.40764090418815613 0.8969648480415344 -1.0110512971878052 -0.35632285475730896 -0.823164165019989 0.442080020904541 0.21014642715454102 0.9185592532157898 -0.39525893330574036 0.0043898713774979115 9.141300201416016 0.0 0.0 0.0 1.0
0.15344706177711487 0.4117435812950134 0.8982879519462585 -0.941896378993988 -0.3592362105846405 -0.8236104846000671 0.4388794004917145 0.12093043327331543 0.9205451607704163 -0.3900423049926758 0.02153259702026844 8.94843864440918 0.0 0.0 0.0 1.0
0.13362829387187958 0.415421724319458 0.8997601270675659 -0.9379531145095825 -0.36196771264076233 -0.8247185945510864 0.43453264236450195 0.08051789551973343 0.9225631952285767 -0.38374999165534973 0.04016352444887161 8.822067260742188 0.0 0.0 0.0 1.0
0.10745028406381607 0.41801369190216064 0.9020637273788452 -0.996467113494873 -0.3650782108306885 -0.8273426294326782 0.4268748164176941 0.057826973497867584 0.9247552752494812 -0.3751916289329529 0.06370949000120163 8.714877128601074 0.0 0.0 0.0 1.0
0.06472054123878479 0.4218296408653259 0.9043622016906738 -1.1443308591842651 -0.3684060871601105 -0.8321417570114136 0.4145081639289856 0.059929199516773224 0.9274094104766846 -0.35999974608421326 0.10154794901609421 8.65272045135498 0.0 0.0 0.0 1.0
0.021328598260879517 0.42331114411354065 0.9057332873344421 -1.2822761535644531 -0.36959952116012573 -0.8384220600128174 0.40055546164512634 0.07736322283744812 0.928946316242218 -0.3433018922805786 0.13857322931289673 8.630982398986816 0.0 0.0 0.0 1.0
-0.022095458582043648 0.42366474866867065 0.9055495262145996 -1.3696646690368652 -0.3717537224292755 -0.8443041443824768 0.3859400451183319 0.08763100951910019 0.9280683994293213 -0.3281138837337494 0.1761542409658432 8.659280776977539 0.0 0.0 0.0 1.0
-0.06116345152258873 0.42291033267974854 0.904105007648468 -1.4375015497207642 -0.3774421215057373 -0.848339855670929 0.3712909519672394 0.09952322393655777 0.9240111112594604 -0.3185378909111023 0.21151156723499298 8.676553726196289 0.0 0.0 0.0 1.0
-0.09772532433271408 0.42264989018440247 0.9010087847709656 -1.4576563835144043 -0.3855053186416626 -0.8507373929023743 0.35725557804107666 0.12620852887630463 0.9175158739089966 -0.312430739402771 0.24607236683368683 8.655704498291016 0.0 0.0 0.0 1.0
-0.12252442538738251 0.4237937927246094 0.897433340549469 -1.4062093496322632 -0.3898436725139618 -0.8521165251731873 0.3491694927215576 0.15312133729457855 0.9126936197280884 -0.30707693099975586 0.269618421792984 8.58292293548584 0.0 0.0 0.0 1.0
