0.929279625415802 -0.23900239169597626 -0.2816331088542938 -0.7056559324264526 0.3154175281524658 0.11665862053632736 0.9417550563812256 3.4092321395874023 -0.19222676753997803 -0.963985800743103 0.1837940216064453 12.330083847045898 0.0 0.0 0.0 1.0
0.9291802644729614 -0.23877879977226257 -0.28215014934539795 -0.703474760055542 0.3158358633518219 0.11634517461061478 0.9416536092758179 3.412715196609497 -0.19202010333538055 -0.9640790820121765 0.18352055549621582 12.344006538391113 0.0 0.0 0.0 1.0
0.9290420413017273 -0.2389056533575058 -0.2824978232383728 -0.6951420903205872 0.31610581278800964 0.11580885201692581 0.9416291117668152 3.420726776123047 -0.1922447681427002 -0.9641122221946716 0.18311075866222382 12.384349822998047 0.0 0.0 0.0 1.0
0.9284473657608032 -0.23846356570720673 -0.28481680154800415 -0.6781637668609619 0.318144291639328 0.11466850340366364 0.9410820007324219 3.4363560676574707 -0.19175425171852112 -0.9643579721450806 0.18232949078083038 12.38759994506836 0.0 0.0 0.0 1.0
0.9278718829154968 -0.23950408399105072 -0.28581738471984863 -0.6553663611412048 0.31922647356987 0.11400861293077469 0.9407956600189209 3.4415183067321777 -0.19273877143859863 -0.9641783237457275 0.18224143981933594 12.423455238342285 0.0 0.0 0.0 1.0
0.9160290360450745 -0.2561471462249756 -0.3086737096309662 -0.5045920014381409 0.3433096706867218 0.10270208865404129 0.9335902333259583 3.4364070892333984 -0.20743505656719208 -0.9611664414405823 0.18201588094234467 12.455089569091797 0.0 0.0 0.0 1.0
0.9127923250198364 -0.2613103985786438 -0.31389012932777405 -0.5036190152168274 0.34925535321235657 0.10097860544919968 0.9315707087516785 3.434401512145996 -0.21173293888568878 -0.9599584341049194 0.1834365576505661 12.440530776977539 0.0 0.0 0.0 1.0
0.90751051902771 -0.27015581727027893 -0.32162171602249146 -0.5104241967201233 0.3581538796424866 0.09768563508987427 0.9285382628440857 3.4151508808135986 -0.21943220496177673 -0.957848310470581 0.1854081004858017 12.41051197052002 0.0 0.0 0.0 1.0
0.9004727005958557 -0.2821466028690338 -0.3309715688228607 -0.5157645344734192 0.3692358136177063 0.0938340350985527 0.9245864152908325 3.4055633544921875 -0.22981253266334534 -0.9547713994979858 0.18867361545562744 12.401021003723145 0.0 0.0 0.0 1.0
0.8920016884803772 -0.29598018527030945 -0.3416558504104614 -0.5177393555641174 0.38168156147003174 0.08822192251682281 0.920073926448822 3.3997256755828857 -0.24218212068080902 -0.9511112570762634 0.19166427850723267 12.401427268981934 0.0 0.0 0.0 1.0
0.7790398001670837 -0.44471651315689087 -0.441955029964447 -0.8599352240562439 0.4980883002281189 0.010860473848879337 0.867058277130127 3.4378931522369385 -0.38079530000686646 -0.8956055641174316 0.2299688309431076 12.496216773986816 0.0 0.0 0.0 1.0
0.7538814544677734 -0.4669487774372101 -0.4621921479701996 -0.9193253517150879 0.5186787247657776 -0.00881639588624239 0.8549237847328186 3.50935435295105 -0.40328046679496765 -0.8842403888702393 0.23554986715316772 12.672992706298828 0.0 0.0 0.0 1.0
0.7322288751602173 -0.4844934642314911 -0.4786511957645416 -0.8850682377815247 0.5346320867538452 -0.026479730382561684 0.8446699976921082 3.5857629776000977 -0.4219116270542145 -0.8743939995765686 0.23963651061058044 12.808002471923828 0.0 0.0 0.0 1.0
0.7058143019676208 -0.503748893737793 -0.4980594515800476 -0.7978407144546509 0.5545980334281921 -0.0444837287068367 0.8309285640716553 3.643758773803711 -0.4407348930835724 -0.8627040386199951 0.24798089265823364 12.904868125915527 0.0 0.0 0.0 1.0
0.6793124079704285 -0.5199156999588013 -0.5179018378257751 -0.6898552775382996 0.5736348628997803 -0.06394726037979126 0.8166111707687378 3.62316632270813 -0.4576873779296875 -0.8518206477165222 0.25480160117149353 12.997347831726074 0.0 0.0 0.0 1.0
0.526823878288269 -0.5994484424591064 -0.6025928854942322 -0.470065176486969 0.6578532457351685 -0.16136300563812256 0.7356569170951843 2.7929203510284424 -0.5382245779037476 -0.7839792966842651 0.3093392252922058 12.504536628723145 0.0 0.0 0.0 1.0
0.5014569759368896 -0.6094613075256348 -0.6140828728675842 -0.5037908554077148 0.6689735054969788 -0.17696422338485718 0.7219128012657166 2.633223056793213 -0.5486485958099365 -0.7728134393692017 0.3189735412597656 12.494256973266602 0.0 0.0 0.0 1.0
0.4703977406024933 -0.6217488050460815 -0.6262223124504089 -0.5297614336013794 0.6814924478530884 -0.1948782205581665 0.7054009437561035 2.4845995903015137 -0.5606192946434021 -0.7585847973823547 0.33204683661460876 12.432815551757812 0.0 0.0 0.0 1.0
0.4387974441051483 -0.633297860622406 -0.6374877095222473 -0.4980074465274811 0.6919466853141785 -0.21448016166687012 0.689353346824646 2.398935079574585 -0.573294460773468 -0.7435939908027649 0.34409505128860474 12.419745445251465 0.0 0.0 0.0 1.0
0.41075876355171204 -0.6428905725479126 -0.6465051770210266 -0.44080668687820435 0.7010443806648254 -0.2306620329618454 0.6747828125953674 2.3687071800231934 -0.5829356908798218 -0.7304017543792725 0.35594838857650757 12.46509838104248 0.0 0.0 0.0 1.0
0.19214919209480286 -0.7037562727928162 -0.6839632987976074 -0.31689199805259705 0.7432809472084045 -0.3507148027420044 0.5696775913238525 2.8244528770446777 -0.6407902240753174 -0.6178399920463562 0.45569905638694763 12.660616874694824 0.0 0.0 0.0 1.0
0.1523398458957672 -0.7093672752380371 -0.6881792545318604 -0.3806929588317871 0.7474859952926636 -0.3728339970111847 0.5497813820838928 2.9871864318847656 -0.6465734839439392 -0.5981579422950745 0.4734445810317993 12.725646018981934 0.0 0.0 0.0 1.0
0.1132688969373703 -0.7139026522636414 -0.6910232901573181 -0.4062141478061676 0.7500691413879395 -0.39467301964759827 0.5306877493858337 3.152944326400757 -0.6515876650810242 -0.5784256458282471 0.49077215790748596 12.826774597167969 0.0 0.0 0.0 1.0
0.0817861258983612 -0.7165213227272034 -0.6927540898323059 -0.387149453163147 0.751550555229187 -0.41218218207359314 0.5150510668754578 3.258615016937256 -0.6545859575271606 -0.5627638101577759 0.5047912001609802 12.91015625 0.0 0.0 0.0 1.0
0.04524948075413704 -0.7191439867019653 -0.6933861970901489 -0.30871182680130005 0.7526826858520508 -0.43182575702667236 0.4969862401485443 3.311863422393799 -0.6568266749382019 -0.5443881154060364 0.521747350692749 12.974129676818848 0.0 0.0 0.0 1.0
-0.11800874024629593 -0.7141277194023132 -0.6899967789649963 0.25673577189445496 0.7454922795295715 -0.522731602191925 0.41351285576820374 2.7411558628082275 -0.655984103679657 -0.46558913588523865 0.5940636396408081 12.680230140686035 0.0 0.0 0.0 1.0
-0.1375027596950531 -0.712424635887146 -0.6881453990936279 0.3176288306713104 0.7432984113693237 -0.5334111452102661 0.4037078022956848 2.5456721782684326 -0.6546758413314819 -0.45598646998405457 0.6028896570205688 12.570504188537598 0.0 0.0 0.0 1.0
-0.15982340276241302 -0.7102125287055969 -0.6856052875518799 0.3601498603820801 0.7406914234161377 -0.5454040169715881 0.39231452345848083 2.3416619300842285 -0.6525585651397705 -0.4451209306716919 0.6132166385650635 12.436258316040039 0.0 0.0 0.0 1.0
-0.17824994027614594 -0.7083498239517212 -0.6829842329025269 0.37572553753852844 0.7384422421455383 -0.5550390481948853 0.38292911648750305 2.1989588737487793 -0.6503307223320007 -0.43608731031417847 0.622011125087738 12.305021286010742 0.0 0.0 0.0 1.0
-0.20004771649837494 -0.7065842747688293 -0.6787632703781128 0.4125123620033264 0.7348568439483643 -0.5664108991622925 0.37304702401161194 2.047628164291382 -0.6480481028556824 -0.42416661977767944 0.6325474977493286 12.150894165039062 0.0 0.0 0.0 1.0
-0.32563313841819763 -0.6868725419044495 -0.6497454643249512 0.6080701351165771 0.7082438468933105 -0.6324649453163147 0.313653826713562 1.6753941774368286 -0.6263814568519592 -0.3580421507358551 0.6924247741699219 11.707075119018555 0.0 0.0 0.0 1.0
-0.3504781126976013 -0.6817917823791504 -0.6421254277229309 0.5946145057678223 0.7014082074165344 -0.6454100012779236 0.30244407057762146 1.6336877346038818 -0.6206380724906921 -0.34439200162887573 0.7044164538383484 11.670121192932129 0.0 0.0 0.0 1.0
-0.3723059892654419 -0.6761508584022522 -0.635773777961731 0.550114631652832 0.6948877573013306 -0.6571723222732544 0.29198554158210754 1.6067180633544922 -0.6152392029762268 -0.33308345079421997 0.714518129825592 11.679464340209961 0.0 0.0 0.0 1.0
-0.3976674973964691 -0.6694256663322449 -0.6274789571762085 0.4310374855995178 0.6865116357803345 -0.6708069443702698 0.280570387840271 1.590648889541626 -0.6087383031845093 -0.3191978931427002 0.7263266444206238 11.686747550964355 0.0 0.0 0.0 1.0
-0.42313477396965027 -0.6613236665725708 -0.6193609237670898 0.28324127197265625 0.6781826615333557 -0.6844701766967773 0.26752352714538574 1.5461502075195312 -0.6008537411689758 -0.30684134364128113 0.7381213903427124 11.725749969482422 0.0 0.0 0.0 1.0
-0.5529454946517944 -0.6091387271881104 -0.568507969379425 0.07328564673662186 0.625049889087677 -0.7544218897819519 0.20040014386177063 1.7212963104248047 -0.5509663820266724 -0.24453549087047577 0.7978962659835815 11.935921669006348 0.0 0.0 0.0 1.0
-0.5703134536743164 -0.6011362075805664 -0.5598015189170837 0.08876205235719681 0.6165490746498108 -0.7635863423347473 0.1918414980173111 1.7254467010498047 -0.5427796840667725 -0.23573532700538635 0.8061135411262512 11.902547836303711 0.0 0.0 0.0 1.0
-0.5900934338569641 -0.5908772945404053 -0.5501397848129272 0.13406965136528015 0.6057811379432678 -0.7745141386985779 0.18209075927734375 1.6941255331039429 -0.5336843132972717 -0.22581371665000916 0.8149780631065369 11.903166770935059 0.0 0.0 0.0 1.0
-0.6092276573181152 -0.5811936259269714 -0.5394957065582275 0.20896773040294647 0.5955272316932678 -0.7845540642738342 0.17269112169742584 1.6382189989089966 -0.5236305594444275 -0.21607619524002075 0.8240886926651001 11.87171745300293 0.0 0.0 0.0 1.0
-0.6245391964912415 -0.5727055072784424 -0.5309982895851135 0.28270724415779114 0.5867934823036194 -0.7927727699279785 0.164877787232399 1.5918244123458862 -0.5153874158859253 -0.20861372351646423 0.8311775326728821 11.824546813964844 0.0 0.0 0.0 1.0
-0.7208940982818604 -0.5132550001144409 -0.4657048285007477 0.5477955341339111 0.518741250038147 -0.8452156186103821 0.128522589802742 1.265561580657959 -0.45958584547042847 -0.14892913401126862 0.8755574822425842 11.020828247070312 0.0 0.0 0.0 1.0
-0.7384698987007141 -0.5011820197105408 -0.4510861933231354 0.5240451097488403 0.5049166083335876 -0.8544034361839294 0.12269484251737595 1.1557035446166992 -0.4469020366668701 -0.1371544450521469 0.8840063214302063 10.947125434875488 0.0 0.0 0.0 1.0
-0.7531225681304932 -0.49013635516166687 -0.4388311207294464 0.4833560287952423 0.4927316904067993 -0.8622249364852905 0.1174037829041481 1.0818203687667847 -0.4359149932861328 -0.12780655920505524 0.890866756439209 10.919130325317383 0.0 0.0 0.0 1.0
-0.7715976238250732 -0.4755098223686218 -0.42252519726753235 0.45015519857406616 0.47640812397003174 -0.8721262812614441 0.11149449646472931 0.9988316297531128 -0.42151206731796265 -0.11526554822921753 0.8994672894477844 10.832775115966797 0.0 0.0 0.0 1.0
-0.7899067997932434 -0.45902690291404724 -0.4066220819950104 0.4543226659297943 0.45900195837020874 -0.8822875618934631 0.10433515161275864 0.9443078637123108 -0.40665024518966675 -0.1042252779006958 0.9076192378997803 10.814263343811035 0.0 0.0 0.0 1.0
-0.8792674541473389 -0.3622138500213623 -0.3093377649784088 0.4408699572086334 0.3573767840862274 -0.9309983849525452 0.07432238757610321 1.539690375328064 -0.3149135708808899 -0.045200880616903305 0.9480434060096741 11.186758995056152 0.0 0.0 0.0 1.0
-0.8901767730712891 -0.3461732268333435 -0.29622524976730347 0.36103302240371704 0.34171828627586365 -0.9373054504394531 0.06846267729997635 1.699143886566162 -0.30135348439216614 -0.04028170183300972 0.9526612758636475 11.352760314941406 0.0 0.0 0.0 1.0
-0.9024510383605957 -0.32786616683006287 -0.2794385552406311 0.29245349764823914 0.3235786557197571 -0.9441192150115967 0.06273596733808517 1.8835299015045166 -0.2843922972679138 -0.033804211765527725 0.9581118226051331 11.504215240478516 0.0 0.0 0.0 1.0
-0.913539469242096 -0.30954307317733765 -0.26387256383895874 0.3406776189804077 0.305972695350647 -0.9504142999649048 0.055617883801460266 2.0576066970825195 -0.2680043876171112 -0.02992866188287735 0.962952733039856 11.644254684448242 0.0 0.0 0.0 1.0
-0.921936571598053 -0.2947648763656616 -0.2512899935245514 0.42840060591697693 0.2915220558643341 -0.9552075862884521 0.05092447251081467 2.186006546020508 -0.2550448477268219 -0.026307441294193268 0.9665712714195251 11.722546577453613 0.0 0.0 0.0 1.0
-0.9618434309959412 -0.20701606571674347 -0.17888988554477692 0.9216726422309875 0.2067822366952896 -0.9781792163848877 0.02016148716211319 2.541868209838867 -0.17916013300418854 -0.017599055543541908 0.983662486076355 12.24231243133545 0.0 0.0 0.0 1.0
-0.9670349955558777 -0.19261328876018524 -0.16656354069709778 1.0242063999176025 0.19278672337532043 -0.9811216592788696 0.015282813459634781 2.5079195499420166 -0.16636276245117188 -0.017332224175333977 0.9859122633934021 12.266221046447754 0.0 0.0 0.0 1.0
-0.9710599780082703 -0.18087145686149597 -0.15597443282604218 1.1043131351470947 0.18134593963623047 -0.983354389667511 0.011302880011498928 2.482971668243408 -0.15542252361774445 -0.017309555783867836 0.9876964092254639 12.261518478393555 0.0 0.0 0.0 1.0
-0.9755738377571106 -0.166688933968544 -0.14307501912117004 1.172417402267456 0.1674301028251648 -0.9858595728874207 0.0069295610301196575 2.442171573638916 -0.14220695197582245 -0.01719476468861103 0.9896875619888306 12.251443862915039 0.0 0.0 0.0 1.0
-0.9797368049621582 -0.15147237479686737 -0.1310417354106903 1.225814938545227 0.15249699354171753 -0.9883013963699341 0.0022393460385501385 2.3687453269958496 -0.1298479288816452 -0.017789499834179878 0.9913743138313293 12.197281837463379 0.0 0.0 0.0 1.0
-0.9963970184326172 -0.06505006551742554 -0.05441920831799507 1.1198846101760864 0.0653962567448616 -0.9978487491607666 -0.004603302106261253 1.8743504285812378 -0.05400269478559494 -0.008145528845489025 0.998507559299469 11.913983345031738 0.0 0.0 0.0 1.0
-0.9978694915771484 -0.05041295662522316 -0.04141230881214142 1.0931622982025146 0.05067788437008858 -0.9987006187438965 -0.005371924955397844 1.8116159439086914 -0.04108768329024315 -0.0074591683223843575 0.9991276860237122 11.903524398803711 0.0 0.0 0.0 1.0
-0.9991437792778015 -0.03253532573580742 -0.025555917993187904 1.1336177587509155 0.03265343979001045 -0.999457836151123 -0.004218137823045254 1.7299797534942627 -0.025404823943972588 -0.005049014929682016 0.9996644854545593 11.898031234741211 0.0 0.0 0.0 1.0
-0.9997739791870117 -0.01758384332060814 -0.011949563398957253 1.203963279724121 0.01762794516980648 -0.9998381733894348 -0.003595503279939294 1.6892738342285156 -0.011884406208992004 -0.0038053367752581835 0.9999221563339233 11.898780822753906 0.0 0.0 0.0 1.0
-0.9999879002571106 0.0006152989226393402 0.004883005283772945 1.3046990633010864 -0.0006283089169301093 -0.9999962449073792 -0.0026632652152329683 1.6586949825286865 0.0048813484609127045 -0.002666301093995571 0.9999845027923584 11.888579368591309 0.0 0.0 0.0 1.0
-0.9901493787765503 0.09866859018802643 0.09934157133102417 1.5397096872329712 -0.09824008494615555 -0.9951201677322388 0.009208058007061481 1.5844045877456665 0.099765345454216 -0.0006419714773073792 0.9950107932090759 11.858759880065918 0.0 0.0 0.0 1.0
-0.9866011738777161 0.11555542796850204 0.11517390608787537 1.4040732383728027 -0.11507455259561539 -0.9932977557182312 0.01083802618086338 1.5702170133590698 0.1156543716788292 -0.0025607761926949024 0.9932861924171448 11.945793151855469 0.0 0.0 0.0 1.0
-0.9833739399909973 0.12786388397216797 0.12894408404827118 1.295941710472107 -0.12727218866348267 -0.9917845726013184 0.012852632440626621 1.5879052877426147 0.12952813506126404 -0.0037720517721027136 0.9915685653686523 11.982003211975098 0.0 0.0 0.0 1.0
-0.9791349768638611 0.14293591678142548 0.14444370567798615 1.1850636005401611 -0.1422901153564453 -0.9897136688232422 0.014845911413431168 1.62016761302948 0.14507992565631866 -0.006016760598868132 0.989401638507843 12.018117904663086 0.0 0.0 0.0 1.0
-0.9745640754699707 0.15697091817855835 0.15995298326015472 1.1076828241348267 -0.15649524331092834 -0.9875547885894775 0.01564672403037548 1.659191608428955 0.16041840612888336 -0.009783145040273666 0.9870006442070007 12.108642578125 0.0 0.0 0.0 1.0
-0.9459907412528992 0.22593143582344055 0.23250043392181396 0.9512603878974915 -0.22458800673484802 -0.9739084839820862 0.032595034688711166 1.821465253829956 0.23379839956760406 -0.02138221077620983 0.9720499515533447 12.085092544555664 0.0 0.0 0.0 1.0
-0.941112220287323 0.2363097071647644 0.2417963594198227 0.9512308835983276 -0.23462404310703278 -0.9714128971099854 0.03617395833134651 1.8057494163513184 0.24343235790729523 -0.022687487304210663 0.9696524739265442 12.050726890563965 0.0 0.0 0.0 1.0
-0.9351410865783691 0.24907706677913666 0.25193601846694946 0.9493176341056824 -0.24699479341506958 -0.9681747555732727 0.04038786515593529 1.7749121189117432 0.25397777557373047 -0.02445852756500244 0.9669007658958435 11.989547729492188 0.0 0.0 0.0 1.0
-0.9288410544395447 0.2624971568584442 0.26143741607666016 0.9382558465003967 -0.2596272826194763 -0.9646075963973999 0.04610763490200043 1.7151356935501099 0.2642876207828522 -0.025049623101949692 0.9641185402870178 11.872653007507324 0.0 0.0 0.0 1.0
-0.9233442544937134 0.274239718914032 0.2687526345252991 0.9168777465820312 -0.27089980244636536 -0.9612975120544434 0.050202954560518265 1.6363605260849 0.2721188962459564 -0.026450427249073982 0.9619000554084778 11.779316902160645 0.0 0.0 0.0 1.0
-0.8781149983406067 0.3589966297149658 0.31628382205963135 0.6878175735473633 -0.3489469587802887 -0.9328122138977051 0.08998530358076096 0.8275479078292847 0.3273378312587738 -0.031348831951618195 0.9443871974945068 11.07089614868164 0.0 0.0 0.0 1.0
-0.8678988218307495 0.37625932693481445 0.32431545853614807 0.6292718052864075 -0.36478689312934875 -0.92591792345047 0.09801304340362549 0.6923348307609558 0.33716779947280884 -0.03324061632156372 0.9408575296401978 10.936544418334961 0.0 0.0 0.0 1.0
-0.8585836291313171 0.3908364176750183 0.33178457617759705 0.5986453294754028 -0.3781152367591858 -0.919783353805542 0.1050117090344429 0.5888396501541138 0.34621232748031616 -0.03529147803783417 0.9374921321868896 10.832488059997559 0.0 0.0 0.0 1.0
-0.8465257287025452 0.4082169532775879 0.3416914939880371 0.6002752780914307 -0.3934776782989502 -0.9121270179748535 0.11488942056894302 0.49578657746315 0.3585658669471741 -0.037191133946180344 0.9327632784843445 10.677702903747559 0.0 0.0 0.0 1.0
-0.8334935903549194 0.42627158761024475 0.3515408933162689 0.6250210404396057 -0.40969178080558777 -0.9036968350410461 0.12443731725215912 0.4356367886066437 0.3707304894924164 -0.040305715054273605 0.9278655052185059 10.59609603881836 0.0 0.0 0.0 1.0
-0.7415967583656311 0.5258029699325562 0.416611909866333 0.4407292306423187 -0.49797379970550537 -0.8475947976112366 0.18331719934940338 0.5808804035186768 0.44950681924819946 -0.07151437550783157 0.8904096484184265 10.48453426361084 0.0 0.0 0.0 1.0
-0.7251888513565063 0.5397629737854004 0.42750102281570435 0.2962825894355774 -0.5114192366600037 -0.8379582762718201 0.19046342372894287 0.6237540245056152 0.4610331058502197 -0.08051030337810516 0.8837231397628784 10.606119155883789 0.0 0.0 0.0 1.0
-0.7053139209747314 0.5552151203155518 0.4407588839530945 0.15843145549297333 -0.5257863998413086 -0.8267536163330078 0.20006771385669708 0.6970486044883728 0.4754796326160431 -0.09063449501991272 0.8750454187393188 10.701276779174805 0.0 0.0 0.0 1.0
-0.6886420249938965 0.5675116777420044 0.4513343572616577 0.08122056722640991 -0.5368191003799438 -0.8174525499343872 0.20879794657230377 0.7902280688285828 0.48743969202041626 -0.09849786013364792 0.8675832748413086 10.739965438842773 0.0 0.0 0.0 1.0
-0.6677367687225342 0.5813059210777283 0.46498504281044006 0.05082451552152634 -0.5498506426811218 -0.8062292337417603 0.2183087319135666 0.8906922936439514 0.5017886757850647 -0.10989957302808762 0.8579803109169006 10.811753273010254 0.0 0.0 0.0 1.0
-0.5573343634605408 0.6420124769210815 0.5264963507652283 0.3459620177745819 -0.6077509522438049 -0.7474880218505859 0.2681426405906677 0.9762122631072998 0.5657005906105042 -0.17053353786468506 0.806784451007843 10.9761323928833 0.0 0.0 0.0 1.0
-0.5384476780891418 0.6509028077125549 0.5351632237434387 0.28788599371910095 -0.61568683385849 -0.7374993562698364 0.277532696723938 0.9690815806388855 0.5753293633460999 -0.1800561100244522 0.7978571057319641 10.906998634338379 0.0 0.0 0.0 1.0
-0.5230079293251038 0.6584726572036743 0.5411806702613831 0.21947802603244781 -0.6223686933517456 -0.7288556694984436 0.285353422164917 0.957026481628418 0.5823400020599365 -0.18757179379463196 0.7910100817680359 10.831441879272461 0.0 0.0 0.0 1.0
-0.5042548179626465 0.6664212346076965 0.5491901636123657 0.1533639132976532 -0.6299651265144348 -0.7188664078712463 0.2938961684703827 0.9173099398612976 0.5906530022621155 -0.19777211546897888 0.7823140025138855 10.765799522399902 0.0 0.0 0.0 1.0
-0.48843351006507874 0.6731435060501099 0.5552572011947632 0.1317313313484192 -0.6365798115730286 -0.7100945711135864 0.30088508129119873 0.8641529679298401 0.5968239307403564 -0.20650316774845123 0.7753435373306274 10.774599075317383 0.0 0.0 0.0 1.0
-0.36814144253730774 0.7246883511543274 0.5824935436248779 0.24520781636238098 -0.676378071308136 -0.6386016607284546 0.36701586842536926 0.7004215717315674 0.6379534602165222 -0.2588720917701721 0.725259006023407 10.626663208007812 0.0 0.0 0.0 1.0
-0.34817442297935486 0.7329826354980469 0.5843894481658936 0.2967003881931305 -0.6823545098304749 -0.6256155371665955 0.3781501054763794 0.6940498352050781 0.642780601978302 -0.267098605632782 0.7179773449897766 10.531684875488281 0.0 0.0 0.0 1.0
-0.3232991695404053 0.7422416806221008 0.5869880318641663 0.3658216893672943 -0.6888993382453918 -0.6098750829696655 0.39175260066986084 0.6917808651924133 0.6487644910812378 -0.2777223587036133 0.7085018754005432 10.47012710571289 0.0 0.0 0.0 1.0
-0.3019624352455139 0.7502377033233643 0.5881853699684143 0.41402798891067505 -0.6943581104278564 -0.5958415865898132 0.4035339653491974 0.6973355412483215 0.6532117128372192 -0.28655916452407837 0.7008554339408875 10.42736530303955 0.0 0.0 0.0 1.0
-0.27563372254371643 0.7598042488098145 0.5888323783874512 0.4195275604724884 -0.7002479434013367 -0.578363299369812 0.41850775480270386 0.7247872948646545 0.6585429906845093 -0.2969738245010376 0.6914677619934082 10.346526145935059 0.0 0.0 0.0 1.0
-0.12384459376335144 0.8045903444290161 0.5807726383209229 -0.4368067979812622 -0.7263747453689575 -0.4722529649734497 0.4993564784526825 1.051755666732788 0.676048994064331 -0.36001595854759216 0.6429200768470764 10.15388011932373 0.0 0.0 0.0 1.0
-0.09555211663246155 0.8104357123374939 0.577982485294342 -0.5389508008956909 -0.7287403345108032 -0.45248883962631226 0.5139955282211304 1.1477683782577515 0.6780909299850464 -0.3720858097076416 0.6338334679603577 10.147353172302246 0.0 0.0 0.0 1.0
-0.07200127094984055 0.8142933249473572 0.5759706497192383 -0.5998807549476624 -0.7302821278572083 -0.4363590478897095 0.5256223082542419 1.2283519506454468 0.6793407201766968 -0.38277560472488403 0.6260823011398315 10.180046081542969 0.0 0.0 0.0 1.0
-0.044306062161922455 0.8191933035850525 0.5718035697937012 -0.6641045212745667 -0.7319335341453552 -0.4161713421344757 0.5395134091377258 1.311432123184204 0.679934024810791 -0.3946184515953064 0.6180339455604553 10.138548851013184 0.0 0.0 0.0 1.0
-0.016924699768424034 0.823064386844635 0.5676958560943604 -0.7163980007171631 -0.7321277856826782 -0.3968888223171234 0.5535957217216492 1.3827781677246094 0.680957019329071 -0.40625646710395813 0.6093055009841919 10.135563850402832 0.0 0.0 0.0 1.0
0.10623656213283539 0.8326324224472046 0.5435411930084229 -0.7904019951820374 -0.7156814336776733 -0.3154604732990265 0.6231250166893005 1.674399495124817 0.6902998685836792 -0.45520102977752686 0.5623860955238342 10.258257865905762 0.0 0.0 0.0 1.0
0.11799830198287964 0.8333103060722351 0.5400651097297668 -0.8140652775764465 -0.712772786617279 -0.30759647488594055 0.6303486227989197 1.73530912399292 0.6913980841636658 -0.45932379364967346 0.5576650500297546 10.242653846740723 0.0 0.0 0.0 1.0
0.1303284913301468 0.8339095115661621 0.5362922549247742 -0.84322589635849 -0.7099980115890503 -0.29905030131340027 0.6375513672828674 1.8051295280456543 0.6920385360717773 -0.4638575613498688 0.5530993342399597 10.230607032775879 0.0 0.0 0.0 1.0
0.1391921192407608 0.8345135450363159 0.5331160426139832 -0.8707377910614014 -0.7080010771751404 -0.2925352156162262 0.6427733898162842 1.8525891304016113 0.6923583149909973 -0.46691569685935974 0.5501179099082947 10.208789825439453 0.0 0.0 0.0 1.0
0.1487378180027008 0.8355711102485657 0.5288648009300232 -0.9232085347175598 -0.7052258849143982 -0.2852768301963806 0.6490559577941895 1.8899047374725342 0.6932052969932556 -0.4695082902908325 0.5468348860740662 10.159932136535645 0.0 0.0 0.0 1.0
0.17885707318782806 0.8383306860923767 0.5149872303009033 -1.158782958984375 -0.6965263485908508 -0.26179203391075134 0.6680688858032227 2.080357551574707 0.6948821544647217 -0.4781910181045532 0.5370960235595703 10.079730987548828 0.0 0.0 0.0 1.0
0.1809527724981308 0.8388922810554504 0.5133379697799683 -1.1669728755950928 -0.6956496834754944 -0.2597886025905609 0.6697621941566467 2.1025381088256836 0.6952176690101624 -0.47829872369766235 0.5365656614303589 10.092247009277344 0.0 0.0 0.0 1.0