-0.4106324315071106 0.5670498013496399 0.7140277028083801 0.3166799247264862 -0.6643205881118774 -0.722449004650116 0.19169141352176666 -0.2685534358024597 0.6245471835136414 -0.39562857151031494 0.6733638644218445 9.16759967803955 0.0 0.0 0.0 1.0
-0.4108554720878601 0.5668855905532837 0.7140297889709473 0.3072471618652344 -0.6642794013023376 -0.7225570678710938 0.19142667949199677 -0.2595699727535248 0.624444305896759 -0.39566656947135925 0.6734369397163391 9.147818565368652 0.0 0.0 0.0 1.0
-0.4119074046611786 0.5670074224472046 0.713326632976532 0.3043362498283386 -0.664149284362793 -0.7227853536605835 0.1910158097743988 -0.25484809279441833 0.6238893866539001 -0.3950745463371277 0.6742982268333435 9.124979019165039 0.0 0.0 0.0 1.0
-0.41242149472236633 0.5650925040245056 0.7145480513572693 0.3538510501384735 -0.6636698842048645 -0.7236860990524292 0.1892634928226471 -0.3349671959877014 0.6240599155426025 -0.39616772532463074 0.6734986305236816 9.094176292419434 0.0 0.0 0.0 1.0
-0.4121978282928467 0.5625762939453125 0.7166595458984375 0.31034088134765625 -0.6628695726394653 -0.724820077419281 0.1877225786447525 -0.3666173219680786 0.6250574588775635 -0.39767298102378845 0.6716839671134949 9.266181945800781 0.0 0.0 0.0 1.0
-0.4133060574531555 0.560790479183197 0.7174204587936401 0.21066947281360626 -0.6619513034820557 -0.7260538935661316 0.18618877232074738 -0.3918214738368988 0.625298798084259 -0.39794448018074036 0.6712984442710876 9.29663372039795 0.0 0.0 0.0 1.0
-0.41462936997413635 0.5580875873565674 0.7187632918357849 0.1808631867170334 -0.6611841320991516 -0.7274556159973145 0.18342283368110657 -0.3886682391166687 0.6252344250679016 -0.39918237924575806 0.6706231236457825 9.2830810546875 0.0 0.0 0.0 1.0
-0.41603943705558777 0.5553226470947266 0.7200888395309448 0.1821269989013672 -0.6599524617195129 -0.7291709780693054 0.18103168904781342 -0.3957531750202179 0.6255988478660583 -0.3999080955982208 0.6698504090309143 9.333599090576172 0.0 0.0 0.0 1.0
-0.43670761585235596 0.54648756980896 0.7145892977714539 0.17470096051692963 -0.6524137258529663 -0.7393065094947815 0.16668006777763367 -0.3878087103366852 0.6193890571594238 -0.3934173882007599 0.6793967485427856 9.368337631225586 0.0 0.0 0.0 1.0
-0.45923277735710144 0.5356121063232422 0.7086783051490784 0.06071837618947029 -0.6436436772346497 -0.7504613995552063 0.15010185539722443 -0.30117562413215637 0.6122320890426636 -0.3872045874595642 0.6893798112869263 9.484731674194336 0.0 0.0 0.0 1.0
-0.4894423484802246 0.5241672992706299 0.6969181299209595 -0.056609466671943665 -0.6317764520645142 -0.7640119194984436 0.13093632459640503 -0.2808266878128052 0.6010862588882446 -0.37621065974235535 0.7050963044166565 9.499561309814453 0.0 0.0 0.0 1.0
-0.5177302956581116 0.5097547173500061 0.6870993375778198 -0.19465066492557526 -0.6194543838500977 -0.7772998809814453 0.10991426557302475 -0.29930776357650757 0.5901115536689758 -0.36872074007987976 0.7182014584541321 9.597979545593262 0.0 0.0 0.0 1.0
-0.5551238059997559 0.49141761660575867 0.6710784435272217 -0.3681403398513794 -0.6018844246864319 -0.7941867113113403 0.08368165791034698 -0.04848472401499748 0.5740842223167419 -0.3574579954147339 0.7366485595703125 9.830235481262207 0.0 0.0 0.0 1.0
-0.5967760682106018 0.4731508791446686 0.6480637192726135 -0.44983476400375366 -0.5810233950614929 -0.8118401765823364 0.05768265947699547 0.12397664040327072 0.5534167885780334 -0.3421165645122528 0.7593985199928284 9.927833557128906 0.0 0.0 0.0 1.0
-0.6270700097084045 0.45729583501815796 0.6306058764457703 -0.47361624240875244 -0.5636971592903137 -0.8251156210899353 0.03781183063983917 0.18502290546894073 0.5376139283180237 -0.33176007866859436 0.7751815915107727 10.038095474243164 0.0 0.0 0.0 1.0
-0.6499754190444946 0.4448380470275879 0.6161583065986633 -0.5580528974533081 -0.549765408039093 -0.8350052237510681 0.022896796464920044 0.14739374816417694 0.5246807336807251 -0.32386016845703125 0.7872894406318665 10.066214561462402 0.0 0.0 0.0 1.0
-0.6762511730194092 0.4310985803604126 0.5973595380783081 -0.5501200556755066 -0.5333287715911865 -0.8458816409111023 0.006686375476419926 0.06224793568253517 0.5081779360771179 -0.31406736373901367 0.801945686340332 10.015809059143066 0.0 0.0 0.0 1.0
-0.70602947473526 0.41255247592926025 0.5756064653396606 -0.5654615163803101 -0.5122755765914917 -0.8587245345115662 -0.01287812739610672 0.02700025774538517 0.48897451162338257 -0.30396148562431335 0.8176254034042358 9.974380493164062 0.0 0.0 0.0 1.0
-0.7300968170166016 0.397283673286438 0.5559895038604736 -0.6623972058296204 -0.4939921796321869 -0.8690243363380432 -0.027721641585230827 0.0007597780786454678 0.47215503454208374 -0.29489395022392273 0.8307269215583801 10.077781677246094 0.0 0.0 0.0 1.0
-0.7575826048851013 0.3774537742137909 0.5325384736061096 -0.6580320596694946 -0.4715278148651123 -0.8806178569793701 -0.046623412519693375 0.0013496795436367393 0.451364666223526 -0.2864277958869934 0.8451207280158997 10.05512809753418 0.0 0.0 0.0 1.0
-0.7798921465873718 0.3599991500377655 0.5120242834091187 -0.7898997068405151 -0.4513137638568878 -0.890243649482727 -0.06149929016828537 0.08195629715919495 0.43368667364120483 -0.2790464460849762 0.8567665815353394 10.102566719055176 0.0 0.0 0.0 1.0
-0.8063059449195862 0.33825382590293884 0.48523712158203125 -1.0788497924804688 -0.42547574639320374 -0.9015555381774902 -0.07853688299655914 0.1549963355064392 0.41090279817581177 -0.2697813808917999 0.8708483576774597 10.147347450256348 0.0 0.0 0.0 1.0
-0.8303751945495605 0.31647366285324097 0.4586082100868225 -1.2302463054656982 -0.4002561867237091 -0.9113821983337402 -0.09579923748970032 0.11967398226261139 0.38764941692352295 -0.26311007142066956 0.8834596872329712 10.15786361694336 0.0 0.0 0.0 1.0
-0.8435249328613281 0.3041630685329437 0.44266295433044434 -1.229443907737732 -0.38536468148231506 -0.9168445467948914 -0.10435586422681808 0.20035552978515625 0.37411192059516907 -0.2586134374141693 0.8905949592590332 10.033064842224121 0.0 0.0 0.0 1.0
-0.8549970388412476 0.29248666763305664 0.42828917503356934 -1.3246344327926636 -0.37154698371887207 -0.9215911626815796 -0.11235038936138153 0.2809904217720032 0.3618465065956116 -0.25518879294395447 0.8966302275657654 10.02529239654541 0.0 0.0 0.0 1.0
-0.8596009612083435 0.28897184133529663 0.4214041531085968 -1.3067560195922852 -0.3664224147796631 -0.9234098792076111 -0.1142314001917839 0.27788862586021423 0.3561190962791443 -0.2526053488254547 0.8996497988700867 10.015551567077637 0.0 0.0 0.0 1.0
-0.8627763390541077 0.2851063311100006 0.4175300598144531 -1.252526879310608 -0.36236461997032166 -0.9246100783348083 -0.11742252856492996 0.4344103932380676 0.35257458686828613 -0.2526074945926666 0.9010441899299622 9.922272682189941 0.0 0.0 0.0 1.0
-0.8684224486351013 0.280759334564209 0.40867671370506287 -1.1585322618484497 -0.35614851117134094 -0.9266681671142578 -0.12018454074859619 0.2697228193283081 0.34496477246284485 -0.2499205619096756 0.9047314524650574 9.981537818908691 0.0 0.0 0.0 1.0
-0.8724586367607117 0.27572813630104065 0.40347233414649963 -0.8846511840820312 -0.351107120513916 -0.9279432892799377 -0.12508007884025574 0.21918171644210815 0.3399113416671753 -0.25078919529914856 0.9064022302627563 9.856819152832031 0.0 0.0 0.0 1.0
-0.8764044046401978 0.27100133895874023 0.39808738231658936 -0.8763090372085571 -0.3456539213657379 -0.9295691847801208 -0.12815813720226288 0.3081885576248169 0.33531874418258667 -0.24991881847381592 0.9083512425422668 9.837285995483398 0.0 0.0 0.0 1.0
-0.8874397873878479 0.2586662471294403 0.38150015473365784 -0.9257213473320007 -0.3305094540119171 -0.9340197443962097 -0.1355382353067398 0.1942882388830185 0.32126951217651367 -0.24637143313884735 0.9143779277801514 9.847918510437012 0.0 0.0 0.0 1.0
-0.9059521555900574 0.23428264260292053 0.3526504337787628 -1.0486210584640503 -0.3024887144565582 -0.9409613013267517 -0.1519618183374405 0.17044897377490997 0.29622840881347656 -0.24434292316436768 0.9233337640762329 9.779191970825195 0.0 0.0 0.0 1.0
-0.9196284413337708 0.2148781567811966 0.3288022577762604 -1.1121588945388794 -0.2794901132583618 -0.9461452960968018 -0.16338419914245605 0.1556934416294098 0.27598699927330017 -0.2421497404575348 0.9301584362983704 9.858396530151367 0.0 0.0 0.0 1.0
-0.9308757185935974 0.1980118751525879 0.3070206642150879 -1.1655489206314087 -0.2592114210128784 -0.9501813054084778 -0.17310376465320587 0.11433793604373932 0.2574487030506134 -0.24072135984897614 0.9358276724815369 10.131768226623535 0.0 0.0 0.0 1.0
-0.940272867679596 0.18170979619026184 0.28786879777908325 -1.1877628564834595 -0.24039340019226074 -0.9531649351119995 -0.1835419237613678 0.08169467747211456 0.2410350739955902 -0.24178124964237213 0.9399169683456421 10.280592918395996 0.0 0.0 0.0 1.0
-0.9497793912887573 0.16541029512882233 0.2656286358833313 -1.1430401802062988 -0.21964287757873535 -0.9570173621177673 -0.18940633535385132 0.10621239244937897 0.222881481051445 -0.2382376790046692 0.9452865719795227 10.324738502502441 0.0 0.0 0.0 1.0
-0.9598961472511292 0.1457885205745697 0.23946824669837952 -1.1919519901275635 -0.19499287009239197 -0.9608933329582214 -0.19662602245807648 0.13993357121944427 0.20143762230873108 -0.23543517291545868 0.9507855772972107 10.480355262756348 0.0 0.0 0.0 1.0
-0.965613842010498 0.13471759855747223 0.22235357761383057 -1.2116880416870117 -0.180021733045578 -0.9635277986526489 -0.19800588488578796 0.2504587471485138 0.18756897747516632 -0.23122569918632507 0.9546478390693665 10.434165954589844 0.0 0.0 0.0 1.0
-0.970375657081604 0.12543617188930511 0.2064867913722992 -1.2442582845687866 -0.16661681234836578 -0.9663508534431458 -0.19597160816192627 0.31240132451057434 0.17495675384998322 -0.22457025945186615 0.9586231708526611 10.349051475524902 0.0 0.0 0.0 1.0
-0.9747636914253235 0.11641577631235123 0.19048136472702026 -1.2866159677505493 -0.15344148874282837 -0.9691450595855713 -0.1929081529378891 0.4338378310203552 0.16214652359485626 -0.21726760268211365 0.9625504016876221 10.172642707824707 0.0 0.0 0.0 1.0
-0.9784368872642517 0.10993671417236328 0.17485754191875458 -1.2343978881835938 -0.14226886630058289 -0.9724458456039429 -0.18468521535396576 0.5058906078338623 0.14973580837249756 -0.20557960867881775 0.9671174883842468 9.928017616271973 0.0 0.0 0.0 1.0
-0.9835132360458374 0.09743969142436981 0.15233926475048065 -1.0471694469451904 -0.1241929829120636 -0.9762807488441467 -0.17734721302986145 0.48560354113578796 0.13144522905349731 -0.19334279000759125 0.9722863435745239 9.871770858764648 0.0 0.0 0.0 1.0
-0.983609676361084 0.10012950003147125 0.1499534398317337 -0.7995424270629883 -0.12490299344062805 -0.97816002368927 -0.16613905131816864 0.48935896158218384 0.13004304468631744 -0.1821456104516983 0.9746341705322266 9.785126686096191 0.0 0.0 0.0 1.0
-0.9816635847091675 0.11072462052106857 0.1551666557788849 -0.5099008679389954 -0.1338472217321396 -0.9799638390541077 -0.14749829471111298 0.5139105319976807 0.13572601974010468 -0.16556233167648315 0.9768149852752686 9.452905654907227 0.0 0.0 0.0 1.0
-0.9787376523017883 0.12439090758562088 0.16309350728988647 -0.2781716287136078 -0.14636778831481934 -0.9805881381034851 -0.1304737776517868 0.4173021912574768 0.1436977982521057 -0.15157124400138855 0.9779453277587891 9.121941566467285 0.0 0.0 0.0 1.0
-0.975344181060791 0.1406550258398056 0.17005842924118042 -0.2345503866672516 -0.16032768785953522 -0.9811330437660217 -0.10804160684347153 0.4234033524990082 0.15165334939956665 -0.13264282047748566 0.9794933199882507 9.06128978729248 0.0 0.0 0.0 1.0
-0.9718196988105774 0.15529921650886536 0.17733758687973022 -0.08577941358089447 -0.17306040227413177 -0.980842649936676 -0.08943060040473938 0.5176216959953308 0.16005176305770874 -0.11760053038597107 0.9800783395767212 9.066598892211914 0.0 0.0 0.0 1.0
-0.9748702049255371 0.14933152496814728 0.1653125137090683 0.07988321781158447 -0.16423393785953522 -0.983138382434845 -0.0804126039147377 0.5164997577667236 0.15051692724227905 -0.10554177314043045 0.9829576015472412 9.193546295166016 0.0 0.0 0.0 1.0
-0.9798288941383362 0.13415010273456573 0.1481184959411621 0.17010872066020966 -0.14714471995830536 -0.9858317375183105 -0.08052494376897812 0.3110612630844116 0.13521747291088104 -0.10069552063941956 0.9856858849525452 9.761372566223145 0.0 0.0 0.0 1.0
-0.9828247427940369 0.1240650862455368 0.1366138756275177 0.08233371376991272 -0.1362217515707016 -0.9871507287025452 -0.08352857828140259 0.4812694191932678 0.12449551373720169 -0.10070373862981796 0.9870965480804443 10.020883560180664 0.0 0.0 0.0 1.0
-0.9872319102287292 0.10787338763475418 0.11720291525125504 -0.07355251908302307 -0.11756521463394165 -0.9899036884307861 -0.07917773723602295 0.7520291209220886 0.10747842490673065 -0.09194577485322952 0.9899466633796692 10.136468887329102 0.0 0.0 0.0 1.0
-0.9904796481132507 0.09414331614971161 0.10043444484472275 -0.14894193410873413 -0.10204877704381943 -0.9918174147605896 -0.07670928537845612 0.7455359101295471 0.09239096194505692 -0.08622819930315018 0.9919821619987488 10.018527030944824 0.0 0.0 0.0 1.0
-0.9927172660827637 0.08300214260816574 0.08730998635292053 -0.16568443179130554 -0.08954956382513046 -0.9932329654693604 -0.07395411282777786 0.7596143484115601 0.08058080077171326 -0.08123409748077393 0.9934322834014893 9.92605209350586 0.0 0.0 0.0 1.0
-0.9945740699768066 0.07234854996204376 0.07475394010543823 -0.16252389550209045 -0.07772226631641388 -0.9943957924842834 -0.07166790217161179 0.6934376358985901 0.0691499337553978 -0.0770890861749649 0.9946233034133911 9.826554298400879 0.0 0.0 0.0 1.0
-0.9958198070526123 0.06508230417966843 0.06408774852752686 -0.14743562042713165 -0.06934278458356857 -0.9953629374504089 -0.06666488945484161 0.7032795548439026 0.0594518668949604 -0.07083024084568024 0.9957150816917419 9.70199203491211 0.0 0.0 0.0 1.0
-0.9970875978469849 0.05519622936844826 0.05262758582830429 -0.06319532543420792 -0.05857899785041809 -0.9961602687835693 -0.06506288051605225 0.6881258487701416 0.048834286630153656 -0.06795626878738403 0.9964924454689026 9.564910888671875 0.0 0.0 0.0 1.0
-0.9984601140022278 0.0412243977189064 0.03712098300457001 -0.04056825488805771 -0.04340774938464165 -0.9972498416900635 -0.06007060408592224 0.6909335255622864 0.034542519599199295 -0.06158944219350815 0.9975036382675171 9.606332778930664 0.0 0.0 0.0 1.0
-0.9992994666099548 0.029419926926493645 0.023129936307668686 -0.038399629294872284 -0.030629022046923637 -0.99808269739151 -0.05378508195281029 0.6624030470848083 0.021503236144781113 -0.05445585027337074 0.998284637928009 9.629618644714355 0.0 0.0 0.0 1.0
-0.9993864893913269 0.028932852670550346 0.01973779872059822 0.07995234429836273 -0.029875360429286957 -0.9983392357826233 -0.0492573156952858 0.4851776361465454 0.01827986352145672 -0.04981676861643791 0.9985910654067993 9.724987030029297 0.0 0.0 0.0 1.0
-0.9994503259658813 0.028509989380836487 0.016918707638978958 0.14852961897850037 -0.029233582317829132 -0.9985955357551575 -0.04418576881289482 0.4415566921234131 0.015635209158062935 -0.04465607553720474 0.9988800883293152 9.946981430053711 0.0 0.0 0.0 1.0
-0.9997969269752502 0.0196932852268219 0.004281331319361925 0.19580389559268951 -0.019842805340886116 -0.999070942401886 -0.03825566545128822 0.4283444285392761 0.0035239739809185266 -0.038332849740982056 0.999258816242218 9.947162628173828 0.0 0.0 0.0 1.0
-0.9999234676361084 0.009890918619930744 -0.007432643324136734 0.20502761006355286 -0.009712504222989082 -0.9996726512908936 -0.023668544366955757 0.4866105318069458 -0.007664314471185207 -0.02359454333782196 0.9996922016143799 9.762929916381836 0.0 0.0 0.0 1.0
-0.9998597502708435 0.0033812676556408405 -0.016402900218963623 0.17567628622055054 -0.0032073757611215115 -0.9999384880065918 -0.010616038925945759 0.5289124846458435 -0.01643778756260872 -0.01056193932890892 0.9998090863227844 9.729151725769043 0.0 0.0 0.0 1.0
-0.9997602105140686 -0.0005691005499102175 -0.02189103700220585 0.17954210937023163 0.000589617295190692 -0.9999994039535522 -0.0009307773434557021 0.5496881008148193 -0.021890493109822273 -0.0009434614912606776 0.9997599124908447 9.947006225585938 0.0 0.0 0.0 1.0
-0.9997640252113342 0.0008596830302849412 -0.0217049028724432 0.24201592803001404 -0.0009594743605703115 -0.9999890327453613 0.0045876456424593925 0.42872872948646545 -0.021700721234083176 0.004607388284057379 0.9997538924217224 10.104084968566895 0.0 0.0 0.0 1.0
-0.9997963905334473 0.00237900554202497 -0.020037446171045303 0.23577836155891418 -0.002460940508171916 -0.9999887347221375 0.004065418615937233 0.3393682539463043 -0.02002754807472229 0.004113901872187853 0.9997909665107727 10.358800888061523 0.0 0.0 0.0 1.0
-0.9998250603675842 0.0029167749453336 -0.018475692719221115 0.27255886793136597 -0.0029381916392594576 -0.9999950528144836 0.0011321394704282284 0.38783377408981323 -0.018472298979759216 0.0011862264946103096 0.9998286962509155 10.44795036315918 0.0 0.0 0.0 1.0
-0.9998546838760376 0.002816492458805442 -0.016811802983283997 0.23112182319164276 -0.0028320313431322575 -0.9999955892562866 0.0009005513275042176 0.4581776559352875 -0.016809191554784775 0.000948032015003264 0.9998582601547241 10.504633903503418 0.0 0.0 0.0 1.0
-0.99983149766922 2.3018916181172244e-05 -0.018357519060373306 0.21193042397499084 1.2246618098288309e-05 -0.999998152256012 -0.0019209255697205663 0.4894965589046478 -0.0183575302362442 -0.0019208266166970134 0.9998296499252319 10.54294204711914 0.0 0.0 0.0 1.0
-0.998715877532959 -0.029371099546551704 -0.04127931222319603 0.18415044248104095 0.029519231989979744 -0.999559760093689 -0.002983451820909977 0.5709013938903809 -0.04117351025342941 -0.004198153968900442 0.9991431832313538 10.368478775024414 0.0 0.0 0.0 1.0
-0.995582640171051 -0.0633397325873375 -0.0693056657910347 0.014272507280111313 0.06376702338457108 -0.9979569315910339 -0.0039682090282440186 0.5548694729804993 -0.06891272217035294 -0.008370095863938332 0.9975875616073608 10.27187728881836 0.0 0.0 0.0 1.0
-0.9913347363471985 -0.09200254082679749 -0.09376019984483719 -0.021241052076220512 0.09293975681066513 -0.9956555962562561 -0.0056694261729717255 0.44460806250572205 -0.09283126145601273 -0.01433434896171093 0.9955786466598511 10.25328254699707 0.0 0.0 0.0 1.0
-0.9845646619796753 -0.1258610486984253 -0.12162016332149506 -0.027278874069452286 0.12756125628948212 -0.9918109178543091 -0.006264916155487299 0.35149404406547546 -0.11983569711446762 -0.021682236343622208 0.9925569295883179 10.235079765319824 0.0 0.0 0.0 1.0
-0.9739611744880676 -0.1649596095085144 -0.15552495419979095 -0.10447895526885986 0.1678314507007599 -0.9858007431030273 -0.0054268138483166695 0.28927332162857056 -0.15242141485214233 -0.031387485563755035 0.9878170490264893 10.314009666442871 0.0 0.0 0.0 1.0
-0.9624821543693542 -0.19802291691303253 -0.18551284074783325 -0.13197210431098938 0.20224371552467346 -0.979327380657196 -0.003917298279702663 0.2748359143733978 -0.18090209364891052 -0.041289135813713074 0.9826340079307556 10.421091079711914 0.0 0.0 0.0 1.0
-0.9609972238540649 -0.20193377137184143 -0.18896321952342987 -0.06844209879636765 0.20620645582675934 -0.9785038232803345 -0.00302101019769907 0.2652214765548706 -0.18429118394851685 -0.04186861589550972 0.9819795489311218 10.449858665466309 0.0 0.0 0.0 1.0
-0.9610686898231506 -0.20148120820522308 -0.18908274173736572 0.012825088575482368 0.2062717229127884 -0.9784775376319885 -0.005798796657472849 0.18862365186214447 -0.18384486436843872 -0.044575463980436325 0.9819440245628357 10.573410987854004 0.0 0.0 0.0 1.0
-0.9607494473457336 -0.20182815194129944 -0.19033104181289673 -0.12611889839172363 0.20700831711292267 -0.978310227394104 -0.00752677908167243 0.25076383352279663 -0.1846836805343628 -0.04663145914673805 0.9816911220550537 10.942380905151367 0.0 0.0 0.0 1.0
-0.9575800895690918 -0.20965637266635895 -0.1976982057094574 -0.19815073907375336 0.21521605551242828 -0.9765426516532898 -0.006819604430347681 0.29574140906333923 -0.19163095951080322 -0.04907814785838127 0.98023921251297 11.124403953552246 0.0 0.0 0.0 1.0
-0.9432284832000732 -0.2425629198551178 -0.22689922153949738 -0.1862935721874237 0.24978627264499664 -0.9682956337928772 -0.0032301549799740314 0.3597366511821747 -0.21892200410366058 -0.05972308665513992 0.9739128947257996 11.10240364074707 0.0 0.0 0.0 1.0
-0.9253584742546082 -0.27816370129585266 -0.2575589716434479 -0.24676533043384552 0.28778913617134094 -0.9576937556266785 0.0003398295375518501 0.41455668210983276 -0.2467571496963501 -0.0738082081079483 0.9662625193595886 11.218571662902832 0.0 0.0 0.0 1.0
-0.9059429168701172 -0.3114721477031708 -0.28679710626602173 -0.2723182439804077 0.3240163326263428 -0.9460433125495911 0.003925584722310305 0.27516233921051025 -0.27254518866539 -0.08937059342861176 0.9579833149909973 11.306539535522461 0.0 0.0 0.0 1.0
-0.8818720579147339 -0.34674954414367676 -0.31947842240333557 -0.26783791184425354 0.36372798681259155 -0.9314790964126587 0.006975201889872551 0.19815221428871155 -0.30000612139701843 -0.11005200445652008 0.947567880153656 11.285601615905762 0.0 0.0 0.0 1.0
-0.854012131690979 -0.38186436891555786 -0.3533311188220978 -0.24844010174274445 0.40484845638275146 -0.9143329858779907 0.00963874813169241 0.2760269343852997 -0.3267430067062378 -0.13481396436691284 0.9354486465454102 11.339441299438477 0.0 0.0 0.0 1.0
-0.8244397640228271 -0.41465672850608826 -0.38517382740974426 -0.3073233664035797 0.44447022676467896 -0.8957006931304932 0.012901708483695984 0.4590419828891754 -0.3503502607345581 -0.16056162118911743 0.9227538704872131 11.40186882019043 0.0 0.0 0.0 1.0
-0.7913979887962341 -0.4469216763973236 -0.41707339882850647 -0.4288387894630432 0.4835589826107025 -0.8750798106193542 0.020151136443018913 0.6630467772483826 -0.37397846579551697 -0.18573202192783356 0.9086493849754333 11.252557754516602 0.0 0.0 0.0 1.0
-0.7471349835395813 -0.48435044288635254 -0.4551856517791748 -0.45607438683509827 0.5302022695541382 -0.8472927212715149 0.03131449967622757 0.6347795128822327 -0.40084266662597656 -0.21794430911540985 0.8898457288742065 11.20439338684082 0.0 0.0 0.0 1.0
-0.70435631275177 -0.5118805766105652 -0.49179309606552124 -0.5746687650680542 0.5710514187812805 -0.8201349377632141 0.03576194494962692 0.5293013453483582 -0.42164257168769836 -0.25565001368522644 0.8699773550033569 11.177460670471191 0.0 0.0 0.0 1.0
-0.661390483379364 -0.53679358959198 -0.5238465666770935 -0.7552539706230164 0.6089619994163513 -0.7920455932617188 0.04276697710156441 0.6319748163223267 -0.4378674328327179 -0.2907169759273529 0.8507383465766907 11.008955955505371 0.0 0.0 0.0 1.0
-0.6130308508872986 -0.5593095421791077 -0.5580017566680908 -0.8884530663490295 0.6479143500328064 -0.760067880153656 0.05003880336880684 0.4662034511566162 -0.45210638642311096 -0.33086201548576355 0.8283297419548035 10.860701560974121 0.0 0.0 0.0 1.0
-0.5645537376403809 -0.5795947909355164 -0.587664008140564 -1.0170917510986328 0.6829954385757446 -0.7278134226799011 0.061683595180511475 0.43173956871032715 -0.4634612202644348 -0.3665481507778168 0.8067503571510315 10.993823051452637 0.0 0.0 0.0 1.0
-0.5029942989349365 -0.5994917750358582 -0.6225804090499878 -1.1564699411392212 0.720260500907898 -0.6889059543609619 0.08144579827785492 0.7363095283508301 -0.47772544622421265 -0.4074532985687256 0.7783060073852539 11.030373573303223 0.0 0.0 0.0 1.0
-0.45815879106521606 -0.6159324645996094 -0.640872597694397 -1.2399905920028687 0.7443422675132751 -0.6599422693252563 0.1021309420466423 0.9818738698959351 -0.4858447015285492 -0.4302363991737366 0.7608229517936707 10.981528282165527 0.0 0.0 0.0 1.0
-0.40178626775741577 -0.6322970986366272 -0.6623957753181458 -1.2016775608062744 0.7686334252357483 -0.6260528564453125 0.13137923181056976 0.9197453856468201 -0.4977654814720154 -0.45635315775871277 0.7375441193580627 10.77220344543457 0.0 0.0 0.0 1.0
-0.34035369753837585 -0.6444078087806702 -0.6847612261772156 -1.1841473579406738 0.7907503843307495 -0.5902060866355896 0.16239029169082642 0.9580345749855042 -0.5087957978248596 -0.4862050712108612 0.7104445695877075 10.531644821166992 0.0 0.0 0.0 1.0
-0.2854274809360504 -0.6524032950401306 -0.7020691633224487 -1.2828513383865356 0.8061000108718872 -0.5596505999565125 0.19233830273151398 1.1161830425262451 -0.5183955430984497 -0.5110393166542053 0.6856419444084167 10.511443138122559 0.0 0.0 0.0 1.0
-0.23680181801319122 -0.6581949591636658 -0.7146357893943787 -1.3613355159759521 0.8165622353553772 -0.5334023833274841 0.22069887816905975 1.2613388299942017 -0.5264512896537781 -0.5312827229499817 0.6637678146362305 10.577347755432129 0.0 0.0 0.0 1.0
-0.21178501844406128 -0.6618285179138184 -0.7191175818443298 -1.4931005239486694 0.8198877573013306 -0.520786464214325 0.23783504962921143 1.365318775177002 -0.5319127440452576 -0.5392258167266846 0.6529198884963989 10.60421085357666 0.0 0.0 0.0 1.0
-0.20681928098201752 -0.6648102402687073 -0.7178113460540771 -1.3974906206130981 0.8182713985443115 -0.5197287201881409 0.24558909237384796 1.1625921726226807 -0.5363373160362244 -0.5365719199180603 0.6514850854873657 10.581554412841797 0.0 0.0 0.0 1.0
-0.2058248072862625 -0.6639846563339233 -0.7188605666160583 -1.3046882152557373 0.8171675801277161 -0.5207734704017639 0.24704685807228088 0.9641144275665283 -0.5383988618850708 -0.5365811586380005 0.6497748494148254 10.689927101135254 0.0 0.0 0.0 1.0
-0.2043018490076065 -0.6618449091911316 -0.7212641835212708 -1.4408364295959473 0.8154362440109253 -0.5227103233337402 0.24867179989814758 1.102492094039917 -0.541594386100769 -0.5373408198356628 0.6464830040931702 11.000638008117676 0.0 0.0 0.0 1.0
-0.20313139259815216 -0.6659634709358215 -0.7177954316139221 -1.612076759338379 0.8145779967308044 -0.5217168927192688 0.2535235285758972 1.2206153869628906 -0.5433233976364136 -0.5332017540931702 0.6484562754631042 10.916534423828125 0.0 0.0 0.0 1.0
-0.2011549472808838 -0.6666552424430847 -0.7177098989486694 -1.6354155540466309 0.8128880262374878 -0.522434413433075 0.25743991136550903 1.1073297262191772 -0.5465800166130066 -0.5316324830055237 0.6470063328742981 10.664412498474121 0.0 0.0 0.0 1.0
-0.19748280942440033 -0.6644599437713623 -0.7207589745521545 -1.557905912399292 0.8124396800994873 -0.5223756432533264 0.25896987318992615 1.0443782806396484 -0.5485820770263672 -0.5344310998916626 0.6429938673973083 10.670140266418457 0.0 0.0 0.0 1.0
-0.12856782972812653 -0.6669750213623047 -0.7339036464691162 -1.5782873630523682 0.8234066963195801 -0.48423752188682556 0.29583001136779785 1.1913256645202637 -0.5526949167251587 -0.5662670135498047 0.611449122428894 10.751076698303223 0.0 0.0 0.0 1.0
-0.07423944771289825 -0.6680406928062439 -0.740412175655365 -1.6006373167037964 0.8291639685630798 -0.45385193824768066 0.3263518512248993 1.3253319263458252 -0.554053783416748 -0.5896949172019958 0.5876089930534363 10.71139144897461 0.0 0.0 0.0 1.0
-0.017862405627965927 -0.6648569703102112 -0.7467570304870605 -1.5021426677703857 0.8332709074020386 -0.4226709306240082 0.35638299584388733 1.3779932260513306 -0.5525762438774109 -0.6158850789070129 0.5615559220314026 10.393757820129395 0.0 0.0 0.0 1.0
0.03229879215359688 -0.6624660491943359 -0.7483953237533569 -1.4286998510360718 0.8352355360984802 -0.3933653235435486 0.38424646854400635 1.2707436084747314 -0.5489429831504822 -0.637497067451477 0.5406098961830139 10.161863327026367 0.0 0.0 0.0 1.0
0.07741265743970871 -0.6548125743865967 -0.7518163323402405 -1.335265040397644 0.8355680704116821 -0.3687714636325836 0.4072267711162567 1.0612726211547852 -0.5439056158065796 -0.6597182154655457 0.518592894077301 10.203570365905762 0.0 0.0 0.0 1.0
0.11908654868602753 -0.6456723809242249 -0.7542715072631836 -1.3086570501327515 0.8343847990036011 -0.3466816544532776 0.4285019040107727 1.0788757801055908 -0.538163959980011 -0.6803814768791199 0.49745410680770874 10.149856567382812 0.0 0.0 0.0 1.0
0.153726264834404 -0.6398876905441284 -0.7529355883598328 -1.2889760732650757 0.8320094347000122 -0.3272329270839691 0.4479719400405884 1.080105185508728 -0.5330370664596558 -0.6953145861625671 0.4820882976055145 10.109899520874023 0.0 0.0 0.0 1.0
0.18685410916805267 -0.6309270858764648 -0.7530050277709961 -1.2982239723205566 0.8291995525360107 -0.3097386956214905 0.46528488397598267 1.130692720413208 -0.5267956256866455 -0.711331844329834 0.4652884900569916 10.156988143920898 0.0 0.0 0.0 1.0
0.23086968064308167 -0.6205033659934998 -0.749449610710144 -1.3762214183807373 0.8234679698944092 -0.2856747508049011 0.49019429087638855 1.0923405885696411 -0.5182660818099976 -0.7303187847137451 0.4450110197067261 10.174549102783203 0.0 0.0 0.0 1.0
0.27864813804626465 -0.6063017249107361 -0.7448177337646484 -1.4196511507034302 0.8150240182876587 -0.260954886674881 0.5173377394676208 1.015218734741211 -0.5080265998840332 -0.7511995434761047 0.4214358925819397 10.261173248291016 0.0 0.0 0.0 1.0
0.3264438211917877 -0.5891988277435303 -0.7391070127487183 -1.4618604183197021 0.8049516677856445 -0.23659063875675201 0.5441302061080933 1.0735869407653809 -0.4954666793346405 -0.7725733518600464 0.39704304933547974 10.270463943481445 0.0 0.0 0.0 1.0
0.36227789521217346 -0.5767529606819153 -0.7321958541870117 -1.5952388048171997 0.7956069111824036 -0.21787960827350616 0.5652770400047302 1.2383843660354614 -0.4855557382106781 -0.7873274683952332 0.3799356520175934 10.3019380569458 0.0 0.0 0.0 1.0
0.40587669610977173 -0.5607683062553406 -0.7216668128967285 -1.6208600997924805 0.7825053334236145 -0.19473224878311157 0.5914091467857361 1.1863616704940796 -0.4721753001213074 -0.8047473430633545 0.3597669303417206 10.312820434570312 0.0 0.0 0.0 1.0
0.46641895174980164 -0.535373330116272 -0.7041510939598083 -1.552846908569336 0.7608615756034851 -0.16319133341312408 0.6280591487884521 1.0530316829681396 -0.45115748047828674 -0.8287001848220825 0.33122944831848145 10.307909965515137 0.0 0.0 0.0 1.0
0.5106103420257568 -0.5127965807914734 -0.6901570558547974 -1.5650664567947388 0.7424806952476501 -0.14180606603622437 0.6546857953071594 1.0985249280929565 -0.43358907103538513 -0.8467175960540771 0.3083339035511017 10.156712532043457 0.0 0.0 0.0 1.0
0.5497782230377197 -0.4935106337070465 -0.6739370822906494 -1.55768620967865 0.7237812280654907 -0.12132088840007782 0.6792804598808289 1.0738354921340942 -0.41699478030204773 -0.8612366318702698 0.2904941439628601 10.132346153259277 0.0 0.0 0.0 1.0
0.5881609320640564 -0.47292813658714294 -0.6560531258583069 -1.496132493019104 0.7034685611724854 -0.10104169696569443 0.7035073041915894 1.015757441520691 -0.39899712800979614 -0.8752882480621338 0.27326130867004395 10.139131546020508 0.0 0.0 0.0 1.0
0.6206256747245789 -0.4528713822364807 -0.6401025056838989 -1.5331425666809082 0.6845701932907104 -0.08511696755886078 0.7239604592323303 0.9691109657287598 -0.3823445737361908 -0.8875035643577576 0.25719648599624634 10.18637466430664 0.0 0.0 0.0 1.0
0.6311402320861816 -0.448051393032074 -0.6331760883331299 -1.5407650470733643 0.6775332093238831 -0.07897546142339706 0.7312397956848145 1.0002237558364868 -0.37763839960098267 -0.8905126452445984 0.2537251114845276 10.256502151489258 0.0 0.0 0.0 1.0
0.632270336151123 -0.44761922955513 -0.6323537230491638 -1.3811309337615967 0.6763458251953125 -0.07919339835643768 0.7323146462440491 0.847424328327179 -0.3778763711452484 -0.8907106518745422 0.25267377495765686 10.474688529968262 0.0 0.0 0.0 1.0
0.6331672668457031 -0.44635045528411865 -0.6323531270027161 -1.3943614959716797 0.6756104826927185 -0.07994675636291504 0.7329112887382507 0.7874255776405334 -0.3776898980140686 -0.8912798762321472 0.25093939900398254 10.768857955932617 0.0 0.0 0.0 1.0
0.6352719068527222 -0.4454044997692108 -0.6309076547622681 -1.3969531059265137 0.6738486886024475 -0.07943246513605118 0.7345872521400452 0.85756516456604 -0.37730300426483154 -0.8917989134788513 0.2496740072965622 10.856369972229004 0.0 0.0 0.0 1.0
0.661636471748352 -0.42728352546691895 -0.6161704063415527 -1.4610235691070557 0.6569249629974365 -0.06586649268865585 0.7510733604431152 0.9513744711875916 -0.36150625348091125 -0.9017152786254883 0.23711353540420532 10.969827651977539 0.0 0.0 0.0 1.0
0.703422486782074 -0.3960180878639221 -0.5902257561683655 -1.5154519081115723 0.6275308132171631 -0.04392179474234581 0.7773519158363342 1.0788267850875854 -0.33376917243003845 -0.9171916842460632 0.2176179587841034 10.85478687286377 0.0 0.0 0.0 1.0
0.7460971474647522 -0.359167218208313 -0.5606584548950195 -1.6692866086959839 0.5939655900001526 -0.02151377499103546 0.8042027354240417 1.1562601327896118 -0.30090513825416565 -0.9330252408981323 0.197281613945961 10.76661491394043 0.0 0.0 0.0 1.0
0.793364942073822 -0.3133234679698944 -0.5219200253486633 -1.801802635192871 0.550068199634552 0.0017235549166798592 0.8351179957389832 1.2381683588027954 -0.260762482881546 -0.949644923210144 0.17371666431427002 10.761858940124512 0.0 0.0 0.0 1.0
0.8403868675231934 -0.258728951215744 -0.4762449264526367 -1.7773817777633667 0.4983842372894287 0.023596111685037613 0.8666350841522217 1.3813042640686035 -0.2129860520362854 -0.9656617045402527 0.14877627789974213 10.548834800720215 0.0 0.0 0.0 1.0
0.8817669153213501 -0.2025754451751709 -0.42596983909606934 -1.7262390851974487 0.4429156482219696 0.04502708837389946 0.8954318761825562 1.474957823753357 -0.1622123271226883 -0.9782309532165527 0.1294272243976593 10.474543571472168 0.0 0.0 0.0 1.0
0.9015253186225891 -0.16897422075271606 -0.3983713984489441 -1.6245452165603638 0.4119565486907959 0.05334867909550667 0.9096404314041138 1.2784299850463867 -0.13245318830013275 -0.9841756224632263 0.11770522594451904 10.463998794555664 0.0 0.0 0.0 1.0
0.9141839146614075 -0.1432843953371048 -0.3791271150112152 -1.5188000202178955 0.3899420201778412 0.055881697684526443 0.9191422462463379 1.2386126518249512 -0.11051247268915176 -0.9881026148796082 0.10695875436067581 10.498017311096191 0.0 0.0 0.0 1.0
0.9267013669013977 -0.11713559180498123 -0.3570767641067505 -1.4074580669403076 0.365544855594635 0.06052371487021446 0.9288238883018494 1.1624177694320679 -0.08718672394752502 -0.9912699460983276 0.09890571981668472 10.586816787719727 0.0 0.0 0.0 1.0
0.9371878504753113 -0.09210647642612457 -0.3364452123641968 -1.3076421022415161 0.3426278531551361 0.06206471845507622 0.9374188780784607 1.108206033706665 -0.06546097248792648 -0.9938130378723145 0.08972454071044922 10.698089599609375 0.0 0.0 0.0 1.0
0.9454553723335266 -0.06969419866800308 -0.318208783864975 -1.2422724962234497 0.3225162923336029 0.0629371851682663 0.9444692730903625 1.092453122138977 -0.04579686373472214 -0.9955810308456421 0.08198180794715881 10.767874717712402 0.0 0.0 0.0 1.0
0.9531973600387573 -0.04714129865169525 -0.2986511290073395 -1.157406210899353 0.30123552680015564 0.06338466703891754 0.9514407515525818 1.0398809909820557 -0.025922251865267754 -0.9968751668930054 0.07461873441934586 10.73546028137207 0.0 0.0 0.0 1.0
0.962054431438446 -0.018469512462615967 -0.27223172783851624 -1.0768756866455078 0.27285751700401306 0.06496862322092056 0.959858238697052 0.974767804145813 -4.159446689300239e-05 -0.9977163672447205 0.0675428956747055 10.651172637939453 0.0 0.0 0.0 1.0
0.9680154323577881 0.004962398204952478 -0.2508416175842285 -1.0300918817520142 0.2500251829624176 0.06389524787664413 0.9661287665367126 0.9802438616752625 0.02082190290093422 -0.9979442954063416 0.06061085686087608 10.628284454345703 0.0 0.0 0.0 1.0
0.973203718662262 0.028192589059472084 -0.2282096892595291 -1.0358654260635376 0.22607558965682983 0.06397761404514313 0.9720064997673035 1.0089309215545654 0.04200369119644165 -0.9975530505180359 0.05588959902524948 10.582059860229492 0.0 0.0 0.0 1.0
0.9789503812789917 0.05952044576406479 -0.1952267438173294 -0.9012218713760376 0.1913534253835678 0.06505805253982544 0.9793627262115479 1.0153814554214478 0.07099317759275436 -0.9961047768592834 0.05229916423559189 10.526108741760254 0.0 0.0 0.0 1.0
0.9814388751983643 0.07847949862480164 -0.17498208582401276 -0.8215010762214661 0.17012757062911987 0.06483013182878494 0.9832871556282043 0.9228559732437134 0.08851199597120285 -0.9948055148124695 0.0502752847969532 10.56318473815918 0.0 0.0 0.0 1.0
0.9837168455123901 0.10474198311567307 -0.146048903465271 -0.762934148311615 0.1399090737104416 0.06378650665283203 0.9881076812744141 0.8777903914451599 0.11281230300664902 -0.9924517273902893 0.048093508929014206 10.56590747833252 0.0 0.0 0.0 1.0
0.9847152233123779 0.13359381258487701 -0.11175272613763809 -0.6883397698402405 0.10411237180233002 0.0628916397690773 0.9925750494003296 0.7892203330993652 0.13963019847869873 -0.9890385866165161 0.0480215884745121 10.659926414489746 0.0 0.0 0.0 1.0
0.9841048717498779 0.15494732558727264 -0.08676960319280624 -0.6784905195236206 0.07821828871965408 0.06046893075108528 0.9951006770133972 0.7995820641517639 0.15943506360054016 -0.9860703945159912 0.04738805443048477 10.844145774841309 0.0 0.0 0.0 1.0
0.9827725887298584 0.17346960306167603 -0.06376758962869644 -0.8482216000556946 0.054063040763139725 0.060109566897153854 0.9967266321182251 0.9185223579406738 0.1767348200082779 -0.9830031394958496 0.04969574138522148 11.223225593566895 0.0 0.0 0.0 1.0
0.980534553527832 0.19228582084178925 -0.03972568362951279 -1.0626723766326904 0.02863449789583683 0.06012086570262909 0.9977803230285645 0.9849700331687927 0.19424735009670258 -0.9794955849647522 0.05344457924365997 11.477449417114258 0.0 0.0 0.0 1.0
0.976612389087677 0.2147095948457718 -0.01131757814437151 -1.2153507471084595 -0.0013270688941702247 0.05865650251507759 0.9982773661613464 1.0281181335449219 0.2150035798549652 -0.9749149680137634 0.05756959691643715 11.51539421081543 0.0 0.0 0.0 1.0
0.9760453701019287 0.2174989879131317 -0.005437853280454874 -1.3175511360168457 -0.008542774245142937 0.06328713893890381 0.997958779335022 0.9108696579933167 0.21739917993545532 -0.9740066528320312 0.0636291652917862 11.302105903625488 0.0 0.0 0.0 1.0
0.975726842880249 0.2189907729625702 -0.00045435415813699365 -1.17642080783844 -0.014000681228935719 0.06445114314556122 0.997822642326355 0.44955769181251526 0.21854323148727417 -0.9735959768295288 0.06595272570848465 11.21963882446289 0.0 0.0 0.0 1.0
0.9753983020782471 0.22043858468532562 0.0022382610477507114 -1.4539490938186646 -0.016514988616108894 0.0629434883594513 0.9978804588317871 0.487026572227478 0.2198304682970047 -0.9733678102493286 0.06503551453351974 11.654650688171387 0.0 0.0 0.0 1.0
0.9749974608421326 0.22212250530719757 0.006447603926062584 -1.805233359336853 -0.021367518231272697 0.06483229249715805 0.9976673722267151 0.5616080164909363 0.22118636965751648 -0.9728609323501587 0.06795752793550491 11.882213592529297 0.0 0.0 0.0 1.0
0.9744879007339478 0.2241472601890564 0.011462234891951084 -1.8848538398742676 -0.026771865785121918 0.06538230925798416 0.9975010752677917 0.7515125274658203 0.22283771634101868 -0.9723595976829529 0.06971511244773865 11.927382469177246 0.0 0.0 0.0 1.0
0.9710115790367126 0.2374834418296814 0.027168354019522667 -1.739878535270691 -0.044131990522146225 0.06640809029340744 0.996816098690033 0.9032164216041565 0.2349231243133545 -0.9691189527511597 0.07496364414691925 11.809002876281738 0.0 0.0 0.0 1.0
0.9658167362213135 0.25507551431655884 0.04620043560862541 -1.6861023902893066 -0.06421149522066116 0.0627368912100792 0.9959623217582703 1.005462408065796 0.25114715099334717 -0.9648836851119995 0.0769711285829544 11.798724174499512 0.0 0.0 0.0 1.0
0.9602006077766418 0.27175551652908325 0.06452719867229462 -1.6614840030670166 -0.08433347195386887 0.061833690851926804 0.9945172071456909 1.0293139219284058 0.2662755846977234 -0.9603778123855591 0.08229083567857742 11.665117263793945 0.0 0.0 0.0 1.0
