-0.9848167300224304 0.0072059473022818565 -0.17344756424427032 0.21736232936382294 0.012661968357861042 -0.9934951066970825 -0.11316845566034317 5.339117527008057 -0.17313478887081146 -0.11364638060331345 0.9783194065093994 18.825603485107422 0.0 0.0 0.0 1.0
-0.9848597049713135 0.00702352961525321 -0.1732109636068344 0.21989791095256805 0.012826910242438316 -0.9934874176979065 -0.11321739852428436 5.340076446533203 -0.17287810146808624 -0.11372501403093338 0.9783556461334229 18.821752548217773 0.0 0.0 0.0 1.0
-0.9850680828094482 0.0064357188530266285 -0.172045037150383 0.23266221582889557 0.013395502232015133 -0.9934066534042358 -0.11385836452245712 5.338042259216309 -0.1716434508562088 -0.11446287482976913 0.978486955165863 18.832069396972656 0.0 0.0 0.0 1.0
-0.9855034947395325 0.005309527739882469 -0.1695719212293625 0.26812320947647095 0.014385380782186985 -0.993295431137085 -0.1147051528096199 5.32102632522583 -0.16904404759407043 -0.11548168957233429 0.978819727897644 18.881980895996094 0.0 0.0 0.0 1.0
-0.986096203327179 0.00479653337970376 -0.16610629856586456 0.3257888853549957 0.014639590866863728 -0.9931893348693848 -0.11558809876441956 5.418739318847656 -0.16552941501140594 -0.11641271412372589 0.9793100357055664 19.00107765197754 0.0 0.0 0.0 1.0
-0.9928897619247437 0.011001018807291985 -0.11852819472551346 0.37827056646347046 0.0027438767720013857 -0.993340790271759 -0.11518042534589767 5.669694900512695 -0.11900599300861359 -0.11468669027090073 0.986247718334198 19.530202865600586 0.0 0.0 0.0 1.0
-0.9939848184585571 0.013526988215744495 -0.10867924988269806 0.4557134807109833 -0.0011284641223028302 -0.9935551881790161 -0.11334392428398132 5.728167533874512 -0.10951203852891922 -0.11253949999809265 0.9875940084457397 19.515628814697266 0.0 0.0 0.0 1.0
-0.9950261116027832 0.01600322313606739 -0.09832031279802322 0.5587162971496582 -0.004950964357703924 -0.993736207485199 -0.11164165288209915 5.776532173156738 -0.09949108213186264 -0.110599584877491 0.9888727068901062 19.541696548461914 0.0 0.0 0.0 1.0
-0.9957602024078369 0.018752966076135635 -0.09005498141050339 0.6940146684646606 -0.008780191652476788 -0.9939054846763611 -0.10988521575927734 5.806410312652588 -0.09156681597232819 -0.10862862318754196 0.9898562431335449 19.530113220214844 0.0 0.0 0.0 1.0
-0.99660724401474 0.022525478154420853 -0.07916184514760971 0.8812053203582764 -0.01392640545964241 -0.9941026568412781 -0.10754525661468506 5.832720756530762 -0.08111751079559326 -0.10607794672250748 0.9910436272621155 19.49098014831543 0.0 0.0 0.0 1.0
-0.9974433779716492 0.06246807426214218 0.03470509871840477 0.9449552893638611 -0.06528668105602264 -0.9940577745437622 -0.0871022567152977 6.272512912750244 0.029057761654257774 -0.08914534747600555 0.9955946803092957 18.80930519104004 0.0 0.0 0.0 1.0
-0.9955024123191833 0.07129316031932831 0.06238787621259689 0.8904528021812439 -0.07634391635656357 -0.993644654750824 -0.08271616697311401 6.29875373840332 0.05609428137540817 -0.08710707724094391 0.9946184158325195 18.44170570373535 0.0 0.0 0.0 1.0
-0.9931322932243347 0.07920278608798981 0.08611129969358444 0.8987945318222046 -0.08600841462612152 -0.9932029247283936 -0.07842525094747543 6.222118377685547 0.07931449264287949 -0.08529294282197952 0.9931939840316772 18.280235290527344 0.0 0.0 0.0 1.0
-0.9894064664840698 0.08852443844079971 0.11505762487649918 0.8832635879516602 -0.09732969105243683 -0.9925492405891418 -0.07330035418272018 6.128826141357422 0.10771148651838303 -0.08372236788272858 0.9906507134437561 18.206947326660156 0.0 0.0 0.0 1.0
-0.984430193901062 0.09855566918849945 0.14554716646671295 0.8570340275764465 -0.10936827957630157 -0.9916561245918274 -0.06823976337909698 6.12278413772583 0.13760733604431152 -0.08309552818536758 0.9869951009750366 18.192501068115234 0.0 0.0 0.0 1.0
-0.9466874003410339 0.14883001148700714 0.28571420907974243 0.7483422756195068 -0.1682252436876297 -0.9847463965415955 -0.044439204037189484 6.391812324523926 0.27474212646484375 -0.09013437479734421 0.9572839736938477 18.248037338256836 0.0 0.0 0.0 1.0
-0.9428593516349792 0.15048378705978394 0.2972724139690399 0.8165081739425659 -0.1707475334405899 -0.9843646883964539 -0.043259911239147186 6.3728437423706055 0.28611454367637634 -0.09154654294252396 0.9538121819496155 18.221416473388672 0.0 0.0 0.0 1.0
-0.9379333257675171 0.15289968252182007 0.3112921118736267 0.8196620345115662 -0.17431606352329254 -0.9837934970855713 -0.04200277477502823 6.35651969909668 0.29982492327690125 -0.09365902096033096 0.9493855834007263 18.33852195739746 0.0 0.0 0.0 1.0
-0.9327200055122375 0.1553048938512802 0.32544389367103577 0.7516686320304871 -0.177537202835083 -0.9833181500434875 -0.03957172483205795 6.349218368530273 0.3138692080974579 -0.09468773752450943 0.9447329640388489 18.409374237060547 0.0 0.0 0.0 1.0
-0.9275084137916565 0.1567912995815277 0.33932968974113464 0.7008742690086365 -0.18010851740837097 -0.9829071760177612 -0.0381365604698658 6.377566337585449 0.32755011320114136 -0.09648814797401428 0.9398941397666931 18.45443344116211 0.0 0.0 0.0 1.0
-0.8844001293182373 0.1762024611234665 0.43219104409217834 0.47332629561424255 -0.19977734982967377 -0.9797967076301575 -0.009348924271762371 6.546501636505127 0.4218120574951172 -0.09461016952991486 0.9017336368560791 17.480592727661133 0.0 0.0 0.0 1.0
-0.8773899078369141 0.18065613508224487 0.4444662630558014 0.4896965026855469 -0.20489351451396942 -0.9787617325782776 -0.006642110645771027 6.518925666809082 0.43382665514945984 -0.0968959778547287 0.8957709670066833 17.468599319458008 0.0 0.0 0.0 1.0
-0.8663994073867798 0.1881643831729889 0.46254321932792664 0.29829806089401245 -0.2150920182466507 -0.976577639579773 -0.0056177908554673195 6.321286678314209 0.4506523013114929 -0.10435660928487778 0.8865789175033569 17.47195053100586 0.0 0.0 0.0 1.0
-0.8455322980880737 0.19952841103076935 0.4952409267425537 0.2371726632118225 -0.23093123733997345 -0.9729674458503723 -0.002271980047225952 6.11826229095459 0.4813999533653259 -0.11628762632608414 0.8687527179718018 17.387483596801758 0.0 0.0 0.0 1.0
-0.8209090232849121 0.21301592886447906 0.5298420786857605 0.2127472162246704 -0.24682654440402985 -0.9690331816673279 0.007166986353695393 5.861773490905762 0.5149612426757812 -0.12489564716815948 0.8480660319328308 17.29615592956543 0.0 0.0 0.0 1.0
-0.7228805422782898 0.2563328742980957 0.6416674852371216 0.36247870326042175 -0.2961885631084442 -0.9539521932601929 0.04740829020738602 6.306873321533203 0.6242724061012268 -0.15578404068946838 0.7655163407325745 18.510826110839844 0.0 0.0 0.0 1.0
-0.7106286287307739 0.2614712417125702 0.6531766057014465 0.28488975763320923 -0.29997092485427856 -0.9523681998252869 0.05488405004143715 6.324410438537598 0.6364152431488037 -0.1569318175315857 0.7552139163017273 18.34599494934082 0.0 0.0 0.0 1.0
-0.6961551308631897 0.2669994831085205 0.6663928031921387 0.3120931386947632 -0.3040716052055359 -0.9505505561828613 0.06319922208786011 6.257264137268066 0.6503141522407532 -0.15863466262817383 0.7429175972938538 17.960641860961914 0.0 0.0 0.0 1.0
-0.6803687214851379 0.2723202109336853 0.6803970336914062 0.31583744287490845 -0.3083394169807434 -0.94859778881073 0.07133754342794418 6.00058650970459 0.6648497581481934 -0.16125738620758057 0.7293633222579956 17.66590118408203 0.0 0.0 0.0 1.0
-0.6629052758216858 0.27769267559051514 0.6953009366989136 0.31981736421585083 -0.3127366900444031 -0.9464780688285828 0.07984348386526108 5.899043083190918 0.6802590489387512 -0.16451746225357056 0.7142699956893921 17.522777557373047 0.0 0.0 0.0 1.0
-0.5047548413276672 0.3253418207168579 0.7996094226837158 0.43184682726860046 -0.3546714782714844 -0.9226335883140564 0.15151038765907288 6.200636863708496 0.7870391607284546 -0.2071230560541153 0.5810932517051697 18.00229835510254 0.0 0.0 0.0 1.0
-0.47167882323265076 0.3375394940376282 0.8146079778671265 0.45927977561950684 -0.36260172724723816 -0.916355311870575 0.1697436422109604 6.177439212799072 0.8037655353546143 -0.21531379222869873 0.5546178221702576 17.5529842376709 0.0 0.0 0.0 1.0
-0.4372435510158539 0.35185739398002625 0.8276560306549072 0.3594476282596588 -0.3696992099285126 -0.9092578887939453 0.19123949110507965 5.762993812561035 0.8198418021202087 -0.22236554324626923 0.5276485681533813 17.2363338470459 0.0 0.0 0.0 1.0
-0.4084795415401459 0.36375415325164795 0.8371543288230896 0.20123375952243805 -0.37452441453933716 -0.9031920433044434 0.20970362424850464 5.294271469116211 0.8323916792869568 -0.22787509858608246 0.5051702857017517 17.12600326538086 0.0 0.0 0.0 1.0
-0.3742954730987549 0.3761417865753174 0.8475967645645142 0.20252123475074768 -0.37945854663848877 -0.8961353302001953 0.23011451959609985 4.943984031677246 0.8461170792579651 -0.23549701273441315 0.4781496226787567 17.387746810913086 0.0 0.0 0.0 1.0
-0.1730673909187317 0.425132155418396 0.8884313702583313 0.6242202520370483 -0.39081019163131714 -0.8576332330703735 0.3342643678188324 5.629803657531738 0.9040548205375671 -0.2893577814102173 0.31457433104515076 18.81011199951172 0.0 0.0 0.0 1.0
-0.1456780582666397 0.42867109179496765 0.8916383981704712 0.5828882455825806 -0.39107745885849 -0.8528013825416565 0.34610432386398315 5.732503890991211 0.908755362033844 -0.29827988147735596 0.2918780446052551 18.747922897338867 0.0 0.0 0.0 1.0
-0.1110880970954895 0.43283870816230774 0.894600510597229 0.588712215423584 -0.3903910517692566 -0.8468169569969177 0.3612421154975891 5.772863864898682 0.9139224886894226 -0.30911433696746826 0.26304763555526733 18.682632446289062 0.0 0.0 0.0 1.0
-0.0752205029129982 0.4375763535499573 0.8960294723510742 0.33414551615715027 -0.389177143573761 -0.8401962518692017 0.3776392638683319 5.788997650146484 0.918086588382721 -0.32030797004699707 0.23349469900131226 18.48711585998535 0.0 0.0 0.0 1.0
-0.0400848351418972 0.4418995678424835 0.8961684703826904 0.09644913673400879 -0.3872873783111572 -0.8336490392684937 0.39374831318855286 5.537502765655518 0.9210872650146484 -0.33129140734672546 0.20455880463123322 18.519947052001953 0.0 0.0 0.0 1.0
0.20858928561210632 0.46605393290519714 0.8598164319992065 0.006562789902091026 -0.3477953374385834 -0.7863373160362244 0.510599672794342 5.422729015350342 0.9140726923942566 -0.40554574131965637 -0.001930158119648695 18.204225540161133 0.0 0.0 0.0 1.0
0.22788429260253906 0.4716283977031708 0.8518423438072205 -0.0001383561611874029 -0.32916969060897827 -0.7860362529754639 0.5232536196708679 5.313509941101074 0.9163601994514465 -0.3996419608592987 -0.02387954480946064 18.23563575744629 0.0 0.0 0.0 1.0
0.23929272592067719 0.4832395017147064 0.8421511650085449 0.04853466898202896 -0.3081086575984955 -0.7847292423248291 0.5378373861312866 5.155853271484375 0.9207649230957031 -0.3881746530532837 -0.038889721035957336 18.02025604248047 0.0 0.0 0.0 1.0
0.24514323472976685 0.4938134253025055 0.8342979550361633 -0.10108838975429535 -0.29098135232925415 -0.7834035754203796 0.5491890907287598 4.940601825714111 0.9247889518737793 -0.3773951530456543 -0.048355583101511 17.74816131591797 0.0 0.0 0.0 1.0
0.25709229707717896 0.5008842945098877 0.8264493346214294 -0.13819138705730438 -0.27792951464653015 -0.7807415723800659 0.5596407651901245 4.903874397277832 0.9255586266517639 -0.37357398867607117 -0.06151212751865387 17.538475036621094 0.0 0.0 0.0 1.0
0.3759729266166687 0.5267789959907532 0.7623308300971985 -0.6407514214515686 -0.23127874732017517 -0.74330735206604 0.6276976466178894 4.369749069213867 0.8973039984703064 -0.4123082458972931 -0.15763065218925476 15.957636833190918 0.0 0.0 0.0 1.0
0.3750838339328766 0.5310489535331726 0.7598020434379578 -0.8758416175842285 -0.22452279925346375 -0.7431942224502563 0.6302791833877563 4.143477439880371 0.8993895649909973 -0.40700042247772217 -0.15952752530574799 15.56588077545166 0.0 0.0 0.0 1.0
0.3700107932090759 0.5357727408409119 0.758972704410553 -1.0846128463745117 -0.21625001728534698 -0.7448437213897705 0.6312240362167358 3.7150540351867676 0.9035086631774902 -0.39768755435943604 -0.15973934531211853 15.054681777954102 0.0 0.0 0.0 1.0
0.36658015847206116 0.5418747663497925 0.756300687789917 -1.2559007406234741 -0.20810435712337494 -0.7445378303527832 0.6343153715133667 3.3483335971832275 0.9068139791488647 -0.38991689682006836 -0.16016629338264465 14.463711738586426 0.0 0.0 0.0 1.0
0.36624884605407715 0.5483876466751099 0.7517531514167786 -1.2318881750106812 -0.20130693912506104 -0.742060124874115 0.6393921375274658 3.2189812660217285 0.9084807634353638 -0.38550975918769836 -0.16138440370559692 13.959342956542969 0.0 0.0 0.0 1.0
0.39174872636795044 0.5842441916465759 0.7107683420181274 -0.7797950506210327 -0.17791034281253815 -0.7098321914672852 0.6815322041511536 3.9533157348632812 0.9027075171470642 -0.39344239234924316 -0.17413276433944702 13.777366638183594 0.0 0.0 0.0 1.0
0.398891806602478 0.5884923338890076 0.7032511234283447 -0.6527288556098938 -0.17307636141777039 -0.704805314540863 0.6879637241363525 4.001173973083496 0.9005164504051208 -0.3961392343044281 -0.17928695678710938 13.595486640930176 0.0 0.0 0.0 1.0
0.4064498841762543 0.5929876565933228 0.6951000690460205 -0.6389162540435791 -0.16755469143390656 -0.6994977593421936 0.6947145462036133 3.894315004348755 0.8981781005859375 -0.3988339304924011 -0.18495292961597443 13.19699478149414 0.0 0.0 0.0 1.0
0.4154027998447418 0.5981015563011169 0.6853575706481934 -0.8125076293945312 -0.15949556231498718 -0.6938767433166504 0.7022081017494202 3.685119867324829 0.895545482635498 -0.4010107219219208 -0.19284377992153168 12.758861541748047 0.0 0.0 0.0 1.0
0.4308443069458008 0.6033207774162292 0.671101450920105 -1.1470115184783936 -0.1486474722623825 -0.6860589981079102 0.7121986746788025 3.4640533924102783 0.8900994658470154 -0.4066042900085449 -0.20590250194072723 12.635110855102539 0.0 0.0 0.0 1.0
0.6324082612991333 0.5006039142608643 0.5911476016044617 0.16416391730308533 -0.2175067812204361 -0.617675244808197 0.7557566165924072 3.1888222694396973 0.7434719800949097 -0.6065253615379333 -0.28173816204071045 13.006281852722168 0.0 0.0 0.0 1.0
0.6570131182670593 0.4863741099834442 0.5759982466697693 0.12437402456998825 -0.22061774134635925 -0.6065515875816345 0.7638213038444519 3.235776901245117 0.7208755612373352 -0.6289160251617432 -0.2912096083164215 12.907328605651855 0.0 0.0 0.0 1.0
0.6689523458480835 0.48223021626472473 0.5656471848487854 -0.010376712307333946 -0.22988946735858917 -0.5894532799720764 0.7744001746177673 3.4563405513763428 0.7068617939949036 -0.6480731964111328 -0.2834565341472626 12.858460426330566 0.0 0.0 0.0 1.0
0.6718294620513916 0.48317116498947144 0.5614185333251953 -0.18219873309135437 -0.2405460774898529 -0.5745487809181213 0.7823243141174316 3.6201331615448 0.7005588412284851 -0.6606355309486389 -0.2697738707065582 12.701176643371582 0.0 0.0 0.0 1.0
0.673820972442627 0.4846677780151367 0.5577297806739807 -0.3588670492172241 -0.2500717043876648 -0.5606880187988281 0.7893624901771545 3.708376169204712 0.6952909231185913 -0.6713613867759705 -0.25660163164138794 12.410100936889648 0.0 0.0 0.0 1.0
0.6860730051994324 0.4546774923801422 0.5679543614387512 -0.31377112865448 -0.24264152348041534 -0.5929628014564514 0.7678022384643555 2.9173758029937744 0.6858782172203064 -0.6645777225494385 -0.2964921295642853 12.415581703186035 0.0 0.0 0.0 1.0
0.6866742372512817 0.45273834466934204 0.5687763094902039 -0.45236796140670776 -0.2358030080795288 -0.601381242275238 0.7633724808692932 2.8706417083740234 0.6876593828201294 -0.6583073735237122 -0.3061959445476532 12.421710968017578 0.0 0.0 0.0 1.0
0.6871672868728638 0.45321953296661377 0.5677967667579651 -0.6887980103492737 -0.225135937333107 -0.6102323532104492 0.7595592737197876 2.7498984336853027 0.6907350420951843 -0.6497757434844971 -0.31729573011398315 12.277664184570312 0.0 0.0 0.0 1.0
0.6879401803016663 0.45746058225631714 0.5634430646896362 -1.026407241821289 -0.211271733045578 -0.6164929866790771 0.7584857940673828 2.575021982192993 0.6943360567092896 -0.6408324241638184 -0.327461838722229 12.102489471435547 0.0 0.0 0.0 1.0
0.6898824572563171 0.4647309184074402 0.5550562143325806 -1.4491145610809326 -0.19668897986412048 -0.6175625920295715 0.7615312933921814 2.2591235637664795 0.6966890692710876 -0.6345404982566833 -0.3346381187438965 11.812013626098633 0.0 0.0 0.0 1.0
0.8168500661849976 0.43203529715538025 0.3822321891784668 0.06497551500797272 -0.10344187915325165 -0.5421724915504456 0.8338757753372192 3.5693299770355225 0.5674995183944702 -0.7206903100013733 -0.39818307757377625 11.803399085998535 0.0 0.0 0.0 1.0
0.8437557220458984 0.4149831533432007 0.3403898775577545 -0.10459581762552261 -0.07584268599748611 -0.5356480479240417 0.8410285711288452 3.4629623889923096 0.5313418507575989 -0.7354387640953064 -0.42048266530036926 11.505271911621094 0.0 0.0 0.0 1.0
0.8717323541641235 0.3939439356327057 0.29136037826538086 -0.14986759424209595 -0.043274931609630585 -0.5304104089736938 0.8466357588768005 3.3330492973327637 0.4880675971508026 -0.7506483793258667 -0.4453279972076416 11.342878341674805 0.0 0.0 0.0 1.0
0.9000672698020935 0.36739373207092285 0.23430921137332916 -0.028866475448012352 -0.007010262925177813 -0.5254353880882263 0.8508046269416809 3.1248903274536133 0.4356946349143982 -0.7674239873886108 -0.4703516364097595 11.139811515808105 0.0 0.0 0.0 1.0
0.9261108636856079 0.3367707133293152 0.1700122356414795 -0.14792244136333466 0.03161804378032684 -0.5183646082878113 0.854574978351593 2.888859987258911 0.37592414021492004 -0.7860557436943054 -0.49071112275123596 10.909025192260742 0.0 0.0 0.0 1.0
0.9625427722930908 0.07383643835783005 -0.2608822286128998 0.004790582228451967 0.2610619068145752 -0.5121669769287109 0.8182491064071655 2.6350584030151367 -0.07319867610931396 -0.8557062149047852 -0.5122585296630859 10.989712715148926 0.0 0.0 0.0 1.0
0.9431645274162292 0.012960703112185001 -0.33207330107688904 0.07945847511291504 0.2908446490764618 -0.5156242251396179 0.805941104888916 2.8394527435302734 -0.16077947616577148 -0.8567168116569519 -0.4900880455970764 11.306982040405273 0.0 0.0 0.0 1.0
0.9199525713920593 -0.043243277817964554 -0.3896373212337494 0.054358839988708496 0.31201326847076416 -0.520979642868042 0.7944985032081604 3.217846393585205 -0.23734985291957855 -0.8524729609489441 -0.46578413248062134 11.7937593460083 0.0 0.0 0.0 1.0
0.8927403688430786 -0.09275161474943161 -0.44092145562171936 0.18641294538974762 0.33049798011779785 -0.5303239226341248 0.7807224988937378 3.397064685821533 -0.30624446272850037 -0.8427061438560486 -0.4427873492240906 11.96350383758545 0.0 0.0 0.0 1.0
0.8600417375564575 -0.13895215094089508 -0.49093836545944214 0.08902162313461304 0.34860455989837646 -0.5425670742988586 0.7642616629600525 3.4248242378234863 -0.3725627660751343 -0.828440248966217 -0.41819098591804504 11.942147254943848 0.0 0.0 0.0 1.0
0.5061978101730347 -0.3870447874069214 -0.7706881165504456 0.791167140007019 0.43177682161331177 -0.659834086894989 0.6149696707725525 4.168233871459961 -0.7465471029281616 -0.6440615653991699 -0.16688957810401917 14.354488372802734 0.0 0.0 0.0 1.0
0.45048314332962036 -0.4043968915939331 -0.7959447503089905 0.38716545701026917 0.43986785411834717 -0.6752786040306091 0.5920431017875671 4.163217067718506 -0.7769048810005188 -0.616815984249115 -0.12632043659687042 14.211554527282715 0.0 0.0 0.0 1.0
0.3923487961292267 -0.4165762960910797 -0.8200771808624268 0.1770877242088318 0.44834890961647034 -0.6918676495552063 0.5659525990486145 3.8829307556152344 -0.8031473159790039 -0.5897315740585327 -0.0846819207072258 14.379240989685059 0.0 0.0 0.0 1.0
0.3301074504852295 -0.4267001152038574 -0.8419952988624573 0.24695158004760742 0.4559333026409149 -0.7089713215827942 0.5380375981330872 3.789522409439087 -0.8265312314033508 -0.5615039467811584 -0.03948992118239403 14.588264465332031 0.0 0.0 0.0 1.0
0.277180552482605 -0.434364378452301 -0.8570289015769958 0.34059154987335205 0.4607822000980377 -0.7226190567016602 0.5152683258056641 3.87165904045105 -0.8431196212768555 -0.5377259850502014 -0.00014857931819278747 14.901139259338379 0.0 0.0 0.0 1.0
-0.041446324437856674 -0.46414902806282043 -0.8847869038581848 0.3941262662410736 0.48406413197517395 -0.78400719165802 0.3886060118675232 3.6046335697174072 -0.8740504384040833 -0.4121873080730438 0.2571721076965332 14.219367980957031 0.0 0.0 0.0 1.0
-0.10689795762300491 -0.4656665623188019 -0.8784801959991455 0.07779747992753983 0.4787865877151489 -0.7984644174575806 0.3649904131889343 3.6800832748413086 -0.8713989853858948 -0.38158783316612244 0.3083091080188751 14.264524459838867 0.0 0.0 0.0 1.0
-0.1776329129934311 -0.4661325514316559 -0.8666989207267761 0.002420752542093396 0.4685259461402893 -0.8145434856414795 0.3420560359954834 4.099612236022949 -0.865407407283783 -0.3453105092048645 0.36308491230010986 14.40172290802002 0.0 0.0 0.0 1.0
-0.23422811925411224 -0.4629978537559509 -0.8548509478569031 -0.032666467130184174 0.45328864455223083 -0.8298930525779724 0.3252798020839691 4.246789455413818 -0.860038697719574 -0.31130456924438477 0.4042559564113617 14.465022087097168 0.0 0.0 0.0 1.0
-0.28860798478126526 -0.4331962466239929 -0.8538421988487244 -0.4454934000968933 0.4114835560321808 -0.8613507747650146 0.29791978001594543 4.372438907623291 -0.8645153045654297 -0.2653599679470062 0.42684581875801086 14.445629119873047 0.0 0.0 0.0 1.0
-0.6383422017097473 -0.3424071669578552 -0.6894030570983887 -0.50040203332901 0.31498613953590393 -0.9333930611610413 0.17193357646465302 5.811644077301025 -0.7023553252220154 -0.10739995539188385 0.7036776542663574 15.204056739807129 0.0 0.0 0.0 1.0
-0.6637319922447205 -0.3279052674770355 -0.6722633242607117 -0.7694461941719055 0.3062945306301117 -0.9391234517097473 0.15566232800483704 5.578099250793457 -0.6823807954788208 -0.10259250551462173 0.7237618565559387 15.145668983459473 0.0 0.0 0.0 1.0
-0.698080837726593 -0.3118230700492859 -0.6445537209510803 -0.7897316813468933 0.29906362295150757 -0.9448880553245544 0.13321979343891144 5.356176376342773 -0.6505721211433411 -0.0997643917798996 0.7528632283210754 15.30482292175293 0.0 0.0 0.0 1.0
-0.7407722473144531 -0.2901756465435028 -0.6058502793312073 -0.582365095615387 0.2837684452533722 -0.9526419639587402 0.1093103215098381 5.367773532867432 -0.6088775992393494 -0.09094714373350143 0.7880334258079529 15.647788047790527 0.0 0.0 0.0 1.0
-0.786248505115509 -0.26187410950660706 -0.5596742033958435 -0.4769386649131775 0.2587166130542755 -0.9620547890663147 0.0866963118314743 5.730242729187012 -0.561140775680542 -0.07663215696811676 0.8241653442382812 16.278409957885742 0.0 0.0 0.0 1.0
-0.939744234085083 -0.12727861106395721 -0.31730255484580994 -0.32687124609947205 0.13169635832309723 -0.9912611246109009 0.007580887991935015 6.01365327835083 -0.315494567155838 -0.034663498401641846 0.9482940435409546 17.926427841186523 0.0 0.0 0.0 1.0
-0.960445761680603 -0.10728748142719269 -0.2569696009159088 0.04089193418622017 0.11006876081228256 -0.9939175248146057 0.0035795464646071196 5.994156837463379 -0.2557906210422516 -0.024846365675330162 0.9664128422737122 17.869522094726562 0.0 0.0 0.0 1.0
-0.9767813682556152 -0.08227995038032532 -0.1978084295988083 0.38065528869628906 0.08386753499507904 -0.9964768290519714 0.00035296546411700547 6.100062370300293 -0.19714055955410004 -0.016244936734437943 0.9802406430244446 17.920852661132812 0.0 0.0 0.0 1.0
-0.9876795411109924 -0.05962933599948883 -0.14468412101268768 0.5598577260971069 0.06046372279524803 -0.9981694221496582 -0.001372647937387228 6.130488872528076 -0.14433743059635162 -0.010103876702487469 0.9894769191741943 18.120983123779297 0.0 0.0 0.0 1.0
-0.9934492707252502 -0.04743143916130066 -0.10396558791399002 0.36324161291122437 0.04797966778278351 -0.9988444447517395 -0.0027772074099630117 6.194722652435303 -0.10371372103691101 -0.007747248746454716 0.9945769906044006 18.411521911621094 0.0 0.0 0.0 1.0
-0.9992932081222534 -0.036063164472579956 0.010606657713651657 -1.1257569789886475 0.036055661737918854 -0.9993493556976318 -0.0008976437384262681 6.021266460418701 0.010632128454744816 -0.0005145792383700609 0.9999433159828186 17.740442276000977 0.0 0.0 0.0 1.0
-0.9994398951530457 -0.03249802067875862 0.00798499584197998 -1.5571470260620117 0.03250621259212494 -0.999471127986908 0.0008978319820016623 6.074529647827148 0.007951594889163971 0.0011568911140784621 0.9999676942825317 17.657995223999023 0.0 0.0 0.0 1.0
-0.9996227622032166 -0.027176670730113983 0.003966432064771652 -1.8106508255004883 0.02719070017337799 -0.9996240139007568 0.003527408931404352 6.078321933746338 0.0038690774235874414 0.0036339282523840666 0.999985933303833 17.485389709472656 0.0 0.0 0.0 1.0
-0.9997751712799072 -0.021078674122691154 0.00231076218187809 -1.7935636043548584 0.021087219938635826 -0.9997706413269043 0.0037386263720691204 6.042136192321777 0.002231427002698183 0.003786513116210699 0.9999903440475464 17.386545181274414 0.0 0.0 0.0 1.0
-0.9998743534088135 -0.015768757089972496 0.0016317854169756174 -1.6879048347473145 0.0157739520072937 -0.9998704195022583 0.0032210033386945724 6.017065048217773 0.001580782700330019 0.003246338339522481 0.9999935030937195 17.264406204223633 0.0 0.0 0.0 1.0
-0.9999979734420776 0.0009126600925810635 -0.0017944835126399994 -0.5702080130577087 -0.0009121518232859671 -0.9999995231628418 -0.0002840414526872337 5.894139766693115 -0.0017947419546544552 -0.00028240401297807693 0.9999983310699463 17.13265037536621 0.0 0.0 0.0 1.0
-0.9999967813491821 0.0011139571433886886 -0.0022729840129613876 -0.5563930869102478 -0.0011122069554403424 -0.9999991059303284 -0.0007710873032920063 5.876608371734619 -0.0022738410625606775 -0.0007685567834414542 0.9999971389770508 17.14808464050293 0.0 0.0 0.0 1.0