-0.9999082684516907 -0.013541797176003456 -0.00021731312153860927 0.1802522987127304 0.013540921732783318 -0.9999017715454102 0.0036225817166268826 1.6635512113571167 -0.00026634804089553654 0.0036193067207932472 0.9999934434890747 10.833295822143555 0.0 0.0 0.0 1.0
-0.9999086856842041 -0.013500930741429329 -0.0005920092226006091 0.1867518275976181 0.01349873561412096 -0.9999025464057922 0.0035668672062456608 1.6671181917190552 -0.0006401075515896082 0.0035585500299930573 0.9999934434890747 10.827784538269043 0.0 0.0 0.0 1.0
-0.9999048709869385 -0.013791544362902641 0.00014075866783969104 0.18696635961532593 0.013792058452963829 -0.9998935461044312 0.004756812937557697 1.6698877811431885 7.513989112339914e-05 0.00475830165669322 0.9999886751174927 10.80167293548584 0.0 0.0 0.0 1.0
-0.9999023079872131 -0.013972136192023754 0.0004145180282648653 0.19703340530395508 0.013974015600979328 -0.999890148639679 0.004942914936691523 1.67982816696167 0.00034540941123850644 0.0049482244066894054 0.9999877214431763 10.811468124389648 0.0 0.0 0.0 1.0
-0.9999021887779236 -0.013986392877995968 -1.0346038834541105e-06 0.20680955052375793 0.01398628018796444 -0.9998944401741028 0.003938059322535992 1.6906774044036865 -5.6113742175512016e-05 0.003937659785151482 0.9999922513961792 10.850102424621582 0.0 0.0 0.0 1.0
-0.9999924898147583 -0.003865631064400077 -0.00031991576543077826 0.2223488688468933 0.0038643083535134792 -0.9999843835830688 0.004037319682538509 1.6411656141281128 -0.00033551754313521087 0.004036052618175745 0.999991774559021 10.889605522155762 0.0 0.0 0.0 1.0
-0.9999998807907104 0.0002538210537750274 -0.00039319341885857284 0.21913249790668488 -0.00025398231809958816 -0.9999998807907104 0.00041013440932147205 1.648017168045044 -0.0003930892562493682 0.00041023423545993865 0.9999998211860657 10.970561981201172 0.0 0.0 0.0 1.0
-0.9999685287475586 0.007905010133981705 0.0007058294140733778 0.2642490863800049 -0.007907523773610592 -0.9999621510505676 -0.003632285865023732 1.6417649984359741 0.0006770894397050142 -0.003637752728536725 0.9999931454658508 11.037789344787598 0.0 0.0 0.0 1.0
-0.999898374080658 0.013765618205070496 0.0037159931380301714 0.3156603276729584 -0.013775080442428589 -0.9999018907546997 -0.0025329499039798975 1.6257660388946533 0.003680760972201824 -0.002583880675956607 0.9999898672103882 10.950949668884277 0.0 0.0 0.0 1.0
-0.999661922454834 0.02563623897731304 0.004341172985732555 0.4046935737133026 -0.025661619380116463 -0.9996532797813416 -0.005895349197089672 1.5770291090011597 0.004188533406704664 -0.006004757713526487 0.9999731779098511 10.964420318603516 0.0 0.0 0.0 1.0
-0.9905445575714111 0.11924643814563751 0.06783614307641983 0.7397980093955994 -0.12000080943107605 -0.9927480816841125 -0.0071417829021811485 1.5752978324890137 0.06649257242679596 -0.015214646235108376 0.9976708889007568 11.230881690979004 0.0 0.0 0.0 1.0
-0.9868008494377136 0.13940362632274628 0.08240588009357452 0.7833695411682129 -0.14027591049671173 -0.9901005029678345 -0.0048634931445121765 1.6649994850158691 0.08091211318969727 -0.016358857974410057 0.9965869784355164 11.33520221710205 0.0 0.0 0.0 1.0
-0.9791909456253052 0.17373719811439514 0.10488327592611313 0.8565565943717957 -0.1745930016040802 -0.9846401214599609 0.001036682864651084 1.7789738178253174 0.10345239192247391 -0.017296774312853813 0.994484007358551 11.443346977233887 0.0 0.0 0.0 1.0
-0.9724423289299011 0.19890780746936798 0.1216205582022667 0.9380741715431213 -0.19985762238502502 -0.9798147678375244 0.0044631254859268665 1.8419744968414307 0.12005337327718735 -0.01996666193008423 0.9925666451454163 11.51732063293457 0.0 0.0 0.0 1.0
-0.9599906206130981 0.23822970688343048 0.14718906581401825 1.1150851249694824 -0.2394113391637802 -0.9708677530288696 0.00989825651049614 1.8916168212890625 0.14525917172431946 -0.025736497715115547 0.9890588521957397 11.6326265335083 0.0 0.0 0.0 1.0
-0.8639663457870483 0.433515340089798 0.25617679953575134 0.9515844583511353 -0.4364393353462219 -0.8984279036521912 0.04845625162124634 0.962475597858429 0.25116291642189026 -0.06994105875492096 0.9654146432876587 11.165238380432129 0.0 0.0 0.0 1.0
-0.8512141108512878 0.4521303176879883 0.2664821147918701 0.8844414949417114 -0.45508086681365967 -0.8887910842895508 0.054330646991729736 0.8690993785858154 0.2614114582538605 -0.07502388954162598 0.9623073935508728 11.090644836425781 0.0 0.0 0.0 1.0
-0.832816481590271 0.4773630201816559 0.280252069234848 0.7608984112739563 -0.4796645939350128 -0.8750355839729309 0.06507374346256256 0.7374170422554016 0.2762943208217621 -0.08023250848054886 0.9577181935310364 10.938864707946777 0.0 0.0 0.0 1.0
-0.8203662037849426 0.49162423610687256 0.29207006096839905 0.6917305588722229 -0.49362313747406006 -0.8666640520095825 0.07231593877077103 0.6742768883705139 0.2886788845062256 -0.08484699577093124 0.9536589980125427 10.90456485748291 0.0 0.0 0.0 1.0
-0.8004587292671204 0.5112276077270508 0.31290921568870544 0.6590396761894226 -0.5131133794784546 -0.8542867302894592 0.08311958611011505 0.6449946761131287 0.3098072111606598 -0.09402410686016083 0.9461389780044556 10.954339027404785 0.0 0.0 0.0 1.0
-0.6391065716743469 0.636740505695343 0.4313981235027313 1.2086619138717651 -0.6356967091560364 -0.7530491948127747 0.16972489655017853 0.2490297257900238 0.4329347312450409 -0.16576609015464783 0.8860525488853455 11.162469863891602 0.0 0.0 0.0 1.0
-0.6144498586654663 0.6545284986495972 0.4405040442943573 0.9947574734687805 -0.6548247337341309 -0.7345214486122131 0.1779966950416565 0.21387866139411926 0.44006356596946716 -0.17908288538455963 0.8799280524253845 11.178314208984375 0.0 0.0 0.0 1.0
-0.5768338441848755 0.6800171732902527 0.45259180665016174 0.6488094329833984 -0.6831676959991455 -0.7053561806678772 0.1890888661146164 0.2011730819940567 0.44782212376594543 -0.20012323558330536 0.8714390397071838 11.259724617004395 0.0 0.0 0.0 1.0
-0.551026463508606 0.6959913372993469 0.46039748191833496 0.44443535804748535 -0.7011322975158691 -0.6853178143501282 0.1968577653169632 0.2281322181224823 0.4525299072265625 -0.2143257111310959 0.8656103014945984 11.305817604064941 0.0 0.0 0.0 1.0
-0.5111181735992432 0.7200127840042114 0.4694036841392517 0.2108449935913086 -0.7277659773826599 -0.6530963778495789 0.20933644473552704 0.2920452952384949 0.45729076862335205 -0.2346203774213791 0.8578102588653564 11.3583345413208 0.0 0.0 0.0 1.0
-0.22882339358329773 0.8202986121177673 0.5241659879684448 0.32497745752334595 -0.8329119682312012 -0.4436902105808258 0.33075156807899475 -0.36043617129325867 0.5038824081420898 -0.3609004616737366 0.7847632765769958 11.475852012634277 0.0 0.0 0.0 1.0
-0.18677882850170135 0.8295615911483765 0.5262520909309387 0.22686873376369476 -0.8426403403282166 -0.41067054867744446 0.3482915163040161 -0.46386533975601196 0.505045473575592 -0.37838777899742126 0.7757266163825989 11.390676498413086 0.0 0.0 0.0 1.0
-0.12210644036531448 0.8410342335700989 0.5270212888717651 -0.01211454626172781 -0.8565276861190796 -0.3575668931007385 0.37216421961784363 -0.5727633237838745 0.5014482140541077 -0.4059646725654602 0.7640303373336792 11.357434272766113 0.0 0.0 0.0 1.0
-0.07736010104417801 0.8474074602127075 0.5252771377563477 -0.16744528710842133 -0.8636634945869446 -0.32017308473587036 0.3893258273601532 -0.5903319120407104 0.49809718132019043 -0.42354437708854675 0.7566434741020203 11.35958480834961 0.0 0.0 0.0 1.0
-0.004317708779126406 0.8549415469169617 0.5187063217163086 -0.21407407522201538 -0.8675576448440552 -0.26116931438446045 0.42324262857437134 -0.5656735301017761 0.4973178803920746 -0.448180228471756 0.7428387403488159 11.50585651397705 0.0 0.0 0.0 1.0
0.3259240686893463 0.8269817233085632 0.4581209123134613 0.6783241033554077 -0.8086088299751282 -0.007217227015644312 0.5883023142814636 -0.41315796971321106 0.4898216128349304 -0.5621825456619263 0.6663524508476257 11.400137901306152 0.0 0.0 0.0 1.0
0.3559078276157379 0.8169571757316589 0.45377370715141296 0.6267158389091492 -0.8015381097793579 0.01720394380390644 0.5976961255073547 -0.3790377080440521 0.4804854691028595 -0.5764416456222534 0.6609453558921814 11.454455375671387 0.0 0.0 0.0 1.0
0.4005703926086426 0.7988424301147461 0.44876959919929504 0.5383452773094177 -0.790679395198822 0.05387575179338455 0.6098552942276001 -0.26895061135292053 0.46300047636032104 -0.5991228222846985 0.6532092690467834 11.572969436645508 0.0 0.0 0.0 1.0
0.4305243194103241 0.7857860922813416 0.44405969977378845 0.4623964726924896 -0.7816329002380371 0.07857243716716766 0.6187700629234314 -0.16955992579460144 0.4513300657272339 -0.613487184047699 0.6480236053466797 11.67110824584961 0.0 0.0 0.0 1.0
0.47408199310302734 0.7649261951446533 0.43604379892349243 0.395366370677948 -0.7656993865966797 0.11367995291948318 0.6330729126930237 -0.01733509823679924 0.4346846342086792 -0.634006917476654 0.6395971179008484 11.736130714416504 0.0 0.0 0.0 1.0
0.6684569716453552 0.6434005498886108 0.3730964958667755 -0.06429721415042877 -0.6524471640586853 0.2664620578289032 0.7094439268112183 -0.17318440973758698 0.35704055428504944 -0.7176584601402283 0.597903311252594 11.745569229125977 0.0 0.0 0.0 1.0
0.6910757422447205 0.6250900030136108 0.36287301778793335 -0.1618630439043045 -0.6341280937194824 0.2834450602531433 0.7194028496742249 -0.2650481164455414 0.34683695435523987 -0.7272698283195496 0.5922691226005554 11.69674301147461 0.0 0.0 0.0 1.0
0.724309504032135 0.5973861813545227 0.3442462980747223 -0.3005709648132324 -0.6039729714393616 0.30892184376716614 0.7346999049186707 -0.34140053391456604 0.3325543701648712 -0.7400655746459961 0.5845601558685303 11.602507591247559 0.0 0.0 0.0 1.0
0.7463987469673157 0.5779775977134705 0.32989513874053955 -0.37762826681137085 -0.5815689563751221 0.32550275325775146 0.7455370426177979 -0.3483893871307373 0.3235219419002533 -0.7483246922492981 0.5790886878967285 11.60300064086914 0.0 0.0 0.0 1.0
0.7764082551002502 0.5502036213874817 0.30735358595848083 -0.39697495102882385 -0.5480482578277588 0.3486344516277313 0.7603269815444946 -0.3455294966697693 0.31118062138557434 -0.7587687373161316 0.5722208023071289 11.605348587036133 0.0 0.0 0.0 1.0
0.9088572859764099 0.3692440986633301 0.19400325417518616 -0.08622349053621292 -0.3610653281211853 0.4635982811450958 0.8091405630111694 0.15759620070457458 0.2088308185338974 -0.80544114112854 0.5546659231185913 12.108434677124023 0.0 0.0 0.0 1.0
0.9212512969970703 0.34290027618408203 0.18361777067184448 -0.0635417252779007 -0.33830922842025757 0.4734189212322235 0.8132781982421875 0.23149922490119934 0.19194519519805908 -0.8113531470298767 0.5521441102027893 12.185332298278809 0.0 0.0 0.0 1.0
0.937032163143158 0.30595239996910095 0.16841574013233185 -0.03249500319361687 -0.30593255162239075 0.4864857494831085 0.818374514579773 0.37553825974464417 0.16845178604125977 -0.8183671236038208 0.549453616142273 12.295812606811523 0.0 0.0 0.0 1.0
0.9455933570861816 0.2836228311061859 0.1594093143939972 -0.05482117086648941 -0.2863527536392212 0.4929128587245941 0.8216075897216797 0.47790729999542236 0.15445175766944885 -0.8225539326667786 0.5473113059997559 12.375652313232422 0.0 0.0 0.0 1.0
0.9558020830154419 0.2537905275821686 0.14843441545963287 -0.09521444886922836 -0.26118582487106323 0.501125156879425 0.8250185251235962 0.6088285446166992 0.1349976658821106 -0.8273233771324158 0.5452629327774048 12.431558609008789 0.0 0.0 0.0 1.0
0.9866605401039124 0.1283094584941864 0.10018809884786606 0.20259179174900055 -0.15256080031394958 0.5140659213066101 0.8440743088722229 0.6644591689109802 0.05679943040013313 -0.8480995893478394 0.5267835259437561 12.936132431030273 0.0 0.0 0.0 1.0
0.9895108938217163 0.11068549007177353 0.09282737970352173 0.2732231020927429 -0.13698922097682953 0.5150233507156372 0.8461589217185974 0.6029557585716248 0.04584924504160881 -0.8499997854232788 0.5247839093208313 12.98108959197998 0.0 0.0 0.0 1.0
0.9933680891990662 0.0831437036395073 0.07941655069589615 0.3364380896091461 -0.11116200685501099 0.5180302262306213 0.8481082916259766 0.515275239944458 0.02937469631433487 -0.8513118624687195 0.5238370895385742 12.938501358032227 0.0 0.0 0.0 1.0
0.9955180287361145 0.06269920617341995 0.07080049067735672 0.33106547594070435 -0.09312254935503006 0.5193119645118713 0.8494958877563477 0.45654335618019104 0.016495177522301674 -0.8522815704345703 0.5228230953216553 12.895248413085938 0.0 0.0 0.0 1.0
0.9978609085083008 0.03099275939166546 0.05755941569805145 0.26535144448280334 -0.06527074426412582 0.5215782523155212 0.8507031798362732 0.3457677364349365 -0.0036560993175953627 -0.8526403903961182 0.5224854350090027 12.761722564697266 0.0 0.0 0.0 1.0
0.9869624376296997 -0.15394248068332672 -0.046977631747722626 -0.37621086835861206 0.12103345990180969 0.5174714922904968 0.8470975160598755 -0.06201404333114624 -0.10609471052885056 -0.841739296913147 0.5293570756912231 12.111579895019531 0.0 0.0 0.0 1.0
0.9816051721572876 -0.17680327594280243 -0.07205494493246078 -0.26358482241630554 0.15442538261413574 0.5133207440376282 0.8441887497901917 -0.12236950546503067 -0.11226804554462433 -0.8397871255874634 0.5311811566352844 12.168521881103516 0.0 0.0 0.0 1.0
0.9710375070571899 -0.21244224905967712 -0.10933656990528107 -0.0112072778865695 0.20476265251636505 0.5041303038597107 0.8390023112297058 -0.11819683015346527 -0.12311965972185135 -0.8370907306671143 0.5330296754837036 12.282885551452637 0.0 0.0 0.0 1.0
0.9625899195671082 -0.23594026267528534 -0.13323965668678284 0.14382849633693695 0.23736968636512756 0.4971175193786621 0.8345836400985718 -0.05544004961848259 -0.13067610561847687 -0.8349888324737549 0.5345253944396973 12.319153785705566 0.0 0.0 0.0 1.0
0.9480469822883606 -0.2765733003616333 -0.15720736980438232 0.27199816703796387 0.2787940502166748 0.4842696189880371 0.8293110728263855 0.005817273166030645 -0.1532345414161682 -0.8300542831420898 0.5362173318862915 12.410539627075195 0.0 0.0 0.0 1.0
0.8480200171470642 -0.47819700837135315 -0.22845064103603363 -0.367441862821579 0.43171218037605286 0.3732987940311432 0.8211410641670227 0.31508663296699524 -0.3073868453502655 -0.7949689626693726 0.5230083465576172 12.645010948181152 0.0 0.0 0.0 1.0
0.8360528945922852 -0.49810096621513367 -0.23002399504184723 -0.458000510931015 0.440123051404953 0.3585645258426666 0.8232394456863403 0.26000896096229553 -0.3275779187679291 -0.7895105481147766 0.5190045833587646 12.641818046569824 0.0 0.0 0.0 1.0
0.8181282877922058 -0.5233432054519653 -0.23828135430812836 -0.5970224738121033 0.4542967677116394 0.33420464396476746 0.8257855176925659 0.1641855090856552 -0.35253453254699707 -0.7838489413261414 0.5111753940582275 12.703042984008789 0.0 0.0 0.0 1.0
0.8044136166572571 -0.5408492088317871 -0.2457658052444458 -0.6346249580383301 0.46471261978149414 0.31516411900520325 0.8274742960929871 0.10283681005239487 -0.370082288980484 -0.7798420786857605 0.5048617720603943 12.670117378234863 0.0 0.0 0.0 1.0
0.7773603796958923 -0.5670884847640991 -0.2722527086734772 -0.4179270267486572 0.49460330605506897 0.28357988595962524 0.8215534090995789 -0.031101230531930923 -0.3886880576610565 -0.7733001708984375 0.5009276270866394 12.644502639770508 0.0 0.0 0.0 1.0
0.6155698299407959 -0.6556949019432068 -0.437193363904953 1.070325493812561 0.6810198426246643 0.16340988874435425 0.7137991189956665 -0.48487913608551025 -0.3965927064418793 -0.7371305227279663 0.5471314191818237 12.227088928222656 0.0 0.0 0.0 1.0
0.6093143820762634 -0.6587232351303101 -0.44138389825820923 0.8682756423950195 0.6840179562568665 0.15510329604148865 0.712785005569458 -0.43546223640441895 -0.40106791257858276 -0.7362246513366699 0.5450851321220398 12.308370590209961 0.0 0.0 0.0 1.0
0.5983067154884338 -0.6656548380851746 -0.4460187256336212 0.5039180517196655 0.688412606716156 0.14219628274440765 0.7112442255020142 -0.3645511567592621 -0.41002094745635986 -0.7325870990753174 0.5433221459388733 12.38017463684082 0.0 0.0 0.0 1.0
0.588791012763977 -0.672732949256897 -0.44805747270584106 0.26776865124702454 0.6915006637573242 0.13222447037696838 0.7101714611053467 -0.30069708824157715 -0.41851159930229187 -0.7279745936393738 0.5430479049682617 12.403417587280273 0.0 0.0 0.0 1.0
0.5676531195640564 -0.6863985061645508 -0.4545624256134033 0.005293338093906641 0.7015772461891174 0.11441928148269653 0.703347384929657 -0.14494964480400085 -0.43076592683792114 -0.7181680202484131 0.5465120673179626 12.397284507751465 0.0 0.0 0.0 1.0
0.33792001008987427 -0.7776988744735718 -0.5300891399383545 0.14095117151737213 0.8223841190338135 -0.029918622225522995 0.5681454539299011 0.31066256761550903 -0.45770564675331116 -0.6279246211051941 0.6294571161270142 12.262523651123047 0.0 0.0 0.0 1.0
0.3130783438682556 -0.7843582034111023 -0.535503625869751 0.07085711508989334 0.8317322134971619 -0.045757707208395004 0.5532881021499634 0.37710896134376526 -0.45847949385643005 -0.6186181306838989 0.6380502581596375 12.227116584777832 0.0 0.0 0.0 1.0
0.2673933506011963 -0.7953845262527466 -0.5439340472221375 0.10166577249765396 0.8489205837249756 -0.07261660695075989 0.5235080122947693 0.49729442596435547 -0.4558888375759125 -0.6017393469810486 0.6558011174201965 12.154687881469727 0.0 0.0 0.0 1.0
0.23504768311977386 -0.8032465577125549 -0.5473093390464783 0.14610613882541656 0.8579967617988586 -0.09312161058187485 0.5051434636116028 0.5597206950187683 -0.45672109723091125 -0.5883224606513977 0.6672949194908142 12.168155670166016 0.0 0.0 0.0 1.0
0.18737877905368805 -0.8154198527336121 -0.5477039813995361 0.11604425311088562 0.8657455444335938 -0.12633709609508514 0.4842763841152191 0.5741548538208008 -0.4640839099884033 -0.5649154186248779 0.6822732090950012 12.241791725158691 0.0 0.0 0.0 1.0
-0.009745964780449867 -0.8444441556930542 -0.5355549454689026 -1.1706346273422241 0.8404843211174011 -0.2970812916755676 0.4531322419643402 0.6110715866088867 -0.5417482256889343 -0.44570934772491455 0.7126373648643494 12.520776748657227 0.0 0.0 0.0 1.0
-0.031282588839530945 -0.8468030691146851 -0.5309858322143555 -1.2110061645507812 0.8368614912033081 -0.312669038772583 0.44933387637138367 0.7361711263656616 -0.5465201139450073 -0.43030524253845215 0.7184379696846008 12.451875686645508 0.0 0.0 0.0 1.0
-0.06384539604187012 -0.8476089239120483 -0.5267664194107056 -1.2273309230804443 0.8349291682243347 -0.33449888229370117 0.43703973293304443 0.9262268543243408 -0.5466415882110596 -0.41190966963768005 0.7290496826171875 12.40892219543457 0.0 0.0 0.0 1.0
-0.0915462002158165 -0.8459796905517578 -0.5252976417541504 -1.1745260953903198 0.8326883316040039 -0.35433486104011536 0.42553141713142395 1.015456199645996 -0.5461221933364868 -0.39845341444015503 0.7368754148483276 12.414779663085938 0.0 0.0 0.0 1.0
-0.13965588808059692 -0.8420201539993286 -0.5210549235343933 -1.006360650062561 0.8298078775405884 -0.38664230704307556 0.40240105986595154 1.1538913249969482 -0.5402916669845581 -0.3761778175830841 0.752711832523346 12.338469505310059 0.0 0.0 0.0 1.0
-0.3583303987979889 -0.8000361323356628 -0.4811875820159912 0.44338956475257874 0.8324998617172241 -0.5070926547050476 0.22316129505634308 1.6245986223220825 -0.42254379391670227 -0.32062312960624695 0.8477367162704468 11.785279273986816 0.0 0.0 0.0 1.0
-0.37521132826805115 -0.7948102951049805 -0.47696226835250854 0.3951548933982849 0.8296964168548584 -0.5174063444137573 0.20951008796691895 1.609753966331482 -0.41330409049987793 -0.3171233534812927 0.8535880446434021 11.711087226867676 0.0 0.0 0.0 1.0
-0.4016161262989044 -0.7846711277961731 -0.4722241759300232 0.15575456619262695 0.8202219605445862 -0.537550687789917 0.19564040005207062 1.5223528146743774 -0.407357782125473 -0.3087562918663025 0.8594935536384583 11.643856048583984 0.0 0.0 0.0 1.0
-0.4206777513027191 -0.7752506732940674 -0.4711863398551941 -0.062406230717897415 0.8100906610488892 -0.5548080801963806 0.1895815134048462 1.460900068283081 -0.40839120745658875 -0.30195093154907227 0.8614187836647034 11.649507522583008 0.0 0.0 0.0 1.0
-0.4538780450820923 -0.7588555812835693 -0.4670470654964447 -0.40957725048065186 0.7897190451622009 -0.5853456258773804 0.1836145520210266 1.3962023258209229 -0.4127208888530731 -0.28549736738204956 0.8649582266807556 11.547015190124512 0.0 0.0 0.0 1.0
-0.6601789593696594 -0.6278062462806702 -0.412338525056839 -1.6690915822982788 0.6411792039871216 -0.7569805979728699 0.12597450613975525 1.5560319423675537 -0.3912198543548584 -0.18121716380119324 0.9022789597511292 11.943169593811035 0.0 0.0 0.0 1.0
-0.6840168237686157 -0.6101318001747131 -0.39982515573501587 -1.6472562551498413 0.624398410320282 -0.7731017470359802 0.11153614521026611 1.694911241531372 -0.3771572709083557 -0.17335759103298187 0.9097799062728882 12.081088066101074 0.0 0.0 0.0 1.0
-0.7188464999198914 -0.5861980319023132 -0.37367305159568787 -1.469635009765625 0.6019415855407715 -0.7937608957290649 0.08723520487546921 1.9554500579833984 -0.3477441370487213 -0.16222062706947327 0.9234492182731628 12.215343475341797 0.0 0.0 0.0 1.0
-0.7418918013572693 -0.5688015222549438 -0.3550512492656708 -1.2876228094100952 0.5846368670463562 -0.808017909526825 0.07284735143184662 2.1116421222686768 -0.32832345366477966 -0.15353119373321533 0.9320042133331299 12.23322582244873 0.0 0.0 0.0 1.0
-0.7797303795814514 -0.5388636589050293 -0.31882044672966003 -0.9449808597564697 0.5548979640007019 -0.830602765083313 0.046768929809331894 2.2751846313476562 -0.29001522064208984 -0.14044566452503204 0.9466605186462402 12.209511756896973 0.0 0.0 0.0 1.0
-0.9109334349632263 -0.3287302851676941 -0.24927237629890442 -1.2885349988937378 0.3434549868106842 -0.9390193819999695 -0.016770800575613976 2.530357599258423 -0.2285585254430771 -0.10089092701673508 0.9682881832122803 12.475106239318848 0.0 0.0 0.0 1.0
-0.9208992719650269 -0.3012203276157379 -0.24740822613239288 -1.3974157571792603 0.31708475947380066 -0.9480406045913696 -0.026005685329437256 2.529050588607788 -0.22671960294246674 -0.10239799320697784 0.9685622453689575 12.629146575927734 0.0 0.0 0.0 1.0
-0.9360080361366272 -0.257755845785141 -0.2396892011165619 -1.4605387449264526 0.2744705080986023 -0.9608209133148193 -0.03858909010887146 2.545978307723999 -0.22035184502601624 -0.10190731287002563 0.9700824618339539 12.754469871520996 0.0 0.0 0.0 1.0
-0.946878969669342 -0.22851908206939697 -0.2262725681066513 -1.410378336906433 0.245578795671463 -0.9680878520011902 -0.049970079213380814 2.5833938121795654 -0.20763260126113892 -0.10288336127996445 0.9727814197540283 12.845335960388184 0.0 0.0 0.0 1.0
-0.9602144360542297 -0.18904827535152435 -0.20554551482200623 -1.2498098611831665 0.20546932518482208 -0.9767277836799622 -0.06152364984154701 2.6140074729919434 -0.18913108110427856 -0.10130919516086578 0.9767117500305176 12.834442138671875 0.0 0.0 0.0 1.0
-0.9986150860786438 -0.013026879169046879 -0.05097205936908722 -0.305456280708313 0.01798621192574501 -0.9950159788131714 -0.09808023273944855 2.110137939453125 -0.04944033548235893 -0.0988611951470375 0.9938722848892212 12.482205390930176 0.0 0.0 0.0 1.0
-0.999268114566803 0.002380839316174388 -0.038178298622369766 -0.342270165681839 0.0013878375757485628 -0.9951476454734802 -0.0983833372592926 1.9731117486953735 -0.038227278739213943 -0.09836431592702866 0.9944159984588623 12.418318748474121 0.0 0.0 0.0 1.0
-0.999109148979187 0.036105308681726456 -0.021848076954483986 -0.4095343053340912 -0.03371573984622955 -0.9942843317985535 -0.10130123794078827 1.795168399810791 -0.025380713865160942 -0.10047437250614166 0.9946158528327942 12.335932731628418 0.0 0.0 0.0 1.0
-0.9980994462966919 0.060635991394519806 -0.010988843627274036 -0.46488499641418457 -0.05924211069941521 -0.9932421445846558 -0.09980162233114243 1.6795258522033691 -0.01696615293622017 -0.09896094352006912 0.9949466586112976 12.19565200805664 0.0 0.0 0.0 1.0
-0.9958711862564087 0.09077741205692291 1.4468896551989019e-05 -0.6730215549468994 -0.09030986577272415 -0.9907257556915283 -0.10152129828929901 1.5446081161499023 -0.009201506152749062 -0.10110343992710114 0.9948333501815796 12.067195892333984 0.0 0.0 0.0 1.0
-0.976361095905304 0.2023712396621704 0.07592718303203583 -0.554884672164917 -0.21165266633033752 -0.9663887619972229 -0.14593110978603363 1.1671621799468994 0.043842919170856476 -0.1585516333580017 0.9863767623901367 11.341002464294434 0.0 0.0 0.0 1.0
-0.9737141728401184 0.2085702270269394 0.09153777360916138 -0.40613609552383423 -0.220415860414505 -0.964139997959137 -0.1478203684091568 1.1448298692703247 0.057424306869506836 -0.1641111671924591 0.9847689867019653 11.21988296508789 0.0 0.0 0.0 1.0
-0.9700356721878052 0.21516139805316925 0.1128554716706276 -0.20864570140838623 -0.23068669438362122 -0.9614152908325195 -0.14988075196743011 1.1097238063812256 0.07625243067741394 -0.17142392694950104 0.9822420477867126 11.024874687194824 0.0 0.0 0.0 1.0
-0.9674214124679565 0.2204209268093109 0.12454063445329666 -0.10105632245540619 -0.23804397881031036 -0.9594420194625854 -0.151016965508461 1.098489761352539 0.0862022191286087 -0.1757432073354721 0.9806546568870544 10.918272018432617 0.0 0.0 0.0 1.0
-0.9638066291809082 0.2279655933380127 0.13823340833187103 0.034590523689985275 -0.24828363955020905 -0.9563827514648438 -0.15390682220458984 1.0554828643798828 0.09711857885122299 -0.18265751004219055 0.9783681631088257 10.78459644317627 0.0 0.0 0.0 1.0
-0.954035222530365 0.24570375680923462 0.17159979045391083 0.4295191764831543 -0.2721717655658722 -0.9500237703323364 -0.1528966873884201 0.9432043433189392 0.12545658648014069 -0.1925734430551529 0.973229706287384 10.6730318069458 0.0 0.0 0.0 1.0
-0.9537635445594788 0.24599911272525787 0.1726834923028946 0.47478196024894714 -0.2725987732410431 -0.9500012397766113 -0.1522745043039322 0.948036253452301 0.12659014761447906 -0.19230717420578003 0.9731355905532837 10.645150184631348 0.0 0.0 0.0 1.0