-0.5102201104164124 0.5559963583946228 0.6561581492424011 0.4230831563472748 -0.5082771182060242 -0.8103787899017334 0.29144567251205444 0.29084160923957825 0.6937794089317322 -0.18480870127677917 0.6960718035697937 7.549495220184326 0.0 0.0 0.0 1.0
-0.5098742842674255 0.5556367039680481 0.656731367111206 0.4198518395423889 -0.5083951950073242 -0.810465931892395 0.29099714756011963 0.29516056180000305 0.6939470767974854 -0.18550710380077362 0.6957187652587891 7.51227331161499 0.0 0.0 0.0 1.0
-0.5098899602890015 0.5557107329368591 0.6566565632820129 0.416954904794693 -0.5076847672462463 -0.8106243014335632 0.29179519414901733 0.30380257964134216 0.6944554448127747 -0.1845911145210266 0.6954550743103027 7.5026936531066895 0.0 0.0 0.0 1.0
-0.5155038237571716 0.5539464354515076 0.6537576913833618 0.39338940382003784 -0.5065992474555969 -0.8123521208763123 0.2888619601726532 0.3374817371368408 0.6910955309867859 -0.18228374421596527 0.699399471282959 7.407482624053955 0.0 0.0 0.0 1.0
-0.5434058308601379 0.5440353751182556 0.6393243670463562 0.2651495039463043 -0.5006387233734131 -0.8213478922843933 0.2734015882015228 0.3969570994377136 0.6738478541374207 -0.17150253057479858 0.7186903953552246 7.625582695007324 0.0 0.0 0.0 1.0
-0.5951648354530334 0.5174862742424011 0.6148062944412231 0.007064383942633867 -0.4742794632911682 -0.8438034057617188 0.2511071264743805 0.20721247792243958 0.6487201452255249 -0.14213988184928894 0.7476352453231812 7.9613871574401855 0.0 0.0 0.0 1.0
-0.6528320908546448 0.47609439492225647 0.5891896486282349 -0.2367340326309204 -0.4359884262084961 -0.8722147941589355 0.2217102199792862 -0.06970637291669846 0.6194549202919006 -0.11214032024145126 0.7769814133644104 8.412775993347168 0.0 0.0 0.0 1.0
-0.7057960033416748 0.43039670586586 0.5626816749572754 -0.22740846872329712 -0.3885194957256317 -0.8993454575538635 0.20057493448257446 -0.19023467600345612 0.5923720598220825 -0.07704782485961914 0.801971971988678 8.376668930053711 0.0 0.0 0.0 1.0
-0.7545126080513 0.3842330574989319 0.5320485234260559 -0.20372223854064941 -0.34276309609413147 -0.9220541715621948 0.17980428040027618 -0.35487931966781616 0.5596643090248108 -0.04670201987028122 0.8274024128913879 8.636009216308594 0.0 0.0 0.0 1.0
-0.7966969013214111 0.3402019143104553 0.49953651428222656 -0.07833191007375717 -0.2979801297187805 -0.9401924014091492 0.16506385803222656 -0.3649715483188629 0.525815486907959 -0.017346100881695747 0.8504217863082886 8.791974067687988 0.0 0.0 0.0 1.0
-0.8320257663726807 0.2971992492675781 0.46840769052505493 0.052333615720272064 -0.25621452927589417 -0.9548003673553467 0.15069963037967682 -0.1758056879043579 0.49202364683151245 0.005373131018131971 0.8705652356147766 8.768543243408203 0.0 0.0 0.0 1.0
-0.8538556098937988 0.2767656147480011 0.44083037972450256 0.046370018273591995 -0.2387717217206955 -0.9608216285705566 0.14074760675430298 -0.012064187787473202 0.4625134766101837 0.014920296147465706 0.8864867091178894 8.504973411560059 0.0 0.0 0.0 1.0
-0.8668612241744995 0.2724469006061554 0.417521595954895 -0.035149797797203064 -0.24348674714565277 -0.9621608853340149 0.12231353670358658 0.2715940773487091 0.435046911239624 0.004367884248495102 0.9003971815109253 8.327706336975098 0.0 0.0 0.0 1.0
-0.8712606430053711 0.28304532170295715 0.40098655223846436 -0.18027900159358978 -0.26480597257614136 -0.9589426517486572 0.10152263939380646 0.508439302444458 0.4132586121559143 -0.017730945721268654 0.9104410409927368 8.139508247375488 0.0 0.0 0.0 1.0
-0.8699758648872375 0.2958798408508301 0.3944580554962158 -0.2168004959821701 -0.2858642637729645 -0.9544522762298584 0.08545441925525665 0.5028590559959412 0.40177562832832336 -0.03841818496584892 0.9149318933486938 8.054441452026367 0.0 0.0 0.0 1.0
-0.8698498010635376 0.3006380498409271 0.39112409949302673 -0.16378898918628693 -0.29759764671325684 -0.9521216154098511 0.07000009715557098 0.46174705028533936 0.39344242215156555 -0.05550804361701012 0.9176720380783081 8.230923652648926 0.0 0.0 0.0 1.0
-0.8714131712913513 0.2964745759963989 0.39082205295562744 -0.055833715945482254 -0.29473093152046204 -0.9532979726791382 0.06600496172904968 0.5085211992263794 0.39213865995407104 -0.057669747620821 0.918096661567688 8.332518577575684 0.0 0.0 0.0 1.0
-0.8755201101303101 0.2915992736816406 0.38527190685272217 0.12095028907060623 -0.2891891598701477 -0.9550184011459351 0.06564651429653168 0.47065970301628113 0.3870842456817627 -0.05394161120057106 0.9204651713371277 8.365584373474121 0.0 0.0 0.0 1.0
-0.8833383321762085 0.2796570062637329 0.37617191672325134 0.25323447585105896 -0.2770131230354309 -0.9588417410850525 0.06233981251716614 0.48975861072540283 0.37812310457229614 -0.049137409776449203 0.9244503378868103 8.383017539978027 0.0 0.0 0.0 1.0
-0.8976467847824097 0.2578395903110504 0.3574199378490448 0.30070170760154724 -0.2543940842151642 -0.9653884768486023 0.0575215183198452 0.5724226236343384 0.3598804175853729 -0.039291515946388245 0.9321707487106323 8.3591947555542 0.0 0.0 0.0 1.0
-0.9180232286453247 0.22600923478603363 0.32581156492233276 0.21667475998401642 -0.2250615656375885 -0.9734757542610168 0.04113657772541046 0.8308016061782837 0.3264669179916382 -0.035563331097364426 0.9445393681526184 8.511788368225098 0.0 0.0 0.0 1.0
-0.9375884532928467 0.1951998919248581 0.28779318928718567 -0.010863210074603558 -0.18887504935264587 -0.9807340502738953 0.04986950755119324 1.119579553604126 0.29198309779167175 -0.00759988185018301 0.956393301486969 7.938179969787598 0.0 0.0 0.0 1.0
-0.9566380381584167 0.16437070071697235 0.240470290184021 -0.24457114934921265 -0.1581074446439743 -0.9863845705986023 0.045249372720718384 1.1355195045471191 0.24463385343551636 0.005267125088721514 0.9696012139320374 7.964291095733643 0.0 0.0 0.0 1.0
-0.9741037487983704 0.12556152045726776 0.18803231418132782 -0.5848354697227478 -0.12143301963806152 -0.9920387268066406 0.03336409479379654 0.9603228569030762 0.19072458148002625 0.009666758589446545 0.9815959930419922 7.941473484039307 0.0 0.0 0.0 1.0
-0.9863610863685608 0.09486161172389984 0.13451071083545685 -0.8243212103843689 -0.09186898916959763 -0.9953689575195312 0.02829747460782528 0.7385026812553406 0.13657212257385254 0.015554164536297321 0.9905080199241638 7.917854309082031 0.0 0.0 0.0 1.0
-0.9945511221885681 0.06280086934566498 0.08321123570203781 -1.012624979019165 -0.061399780213832855 -0.9979267716407776 0.01929362304508686 0.44154322147369385 0.08425037562847137 0.014079343527555466 0.9963451623916626 7.9709296226501465 0.0 0.0 0.0 1.0
-0.9980852007865906 0.03803720697760582 0.04877592995762825 -1.1008479595184326 -0.03729429841041565 -0.9991753697395325 0.01605210267007351 0.268593430519104 0.049346283078193665 0.014202301390469074 0.9986807703971863 7.951261043548584 0.0 0.0 0.0 1.0
-0.999526858329773 0.017009461298584938 0.025626763701438904 -1.0768684148788452 -0.01668522320687771 -0.999778687953949 0.012813485227525234 0.1641114503145218 0.02583904191851616 0.012379834428429604 0.9995894432067871 7.973721981048584 0.0 0.0 0.0 1.0
-0.9999358057975769 0.0009890729561448097 0.011285809800028801 -1.0056558847427368 -0.0008249270613305271 -0.9998939633369446 0.01453984621912241 0.1651145964860916 0.011298994533717632 0.014529603533446789 0.9998306035995483 7.966090202331543 0.0 0.0 0.0 1.0
-0.9996803998947144 -0.024442140012979507 -0.006451506167650223 -0.9281073212623596 0.024370362982153893 -0.9996427297592163 0.010979097336530685 0.2478266805410385 -0.006717553827911615 0.010818363167345524 0.9999189376831055 8.091151237487793 0.0 0.0 0.0 1.0
-0.9982614517211914 -0.05017559230327606 -0.0309268981218338 -0.8974469304084778 0.049760013818740845 -0.9986621737480164 0.014064228162169456 0.4576967656612396 -0.031591203063726425 0.012500853277742863 0.9994226694107056 8.176508903503418 0.0 0.0 0.0 1.0
-0.9952870011329651 -0.07604581117630005 -0.06017276644706726 -0.9153098464012146 0.0747319757938385 -0.9969197511672974 0.023794902488589287 0.6900969743728638 -0.061796918511390686 0.019185928627848625 0.9979043006896973 8.071331977844238 0.0 0.0 0.0 1.0
-0.989291250705719 -0.10903860628604889 -0.09702286124229431 -0.9848038554191589 0.1065506786108017 -0.9938399791717529 0.03048017993569374 0.7821740508079529 -0.09974871575832367 0.019815923646092415 0.9948153495788574 8.116369247436523 0.0 0.0 0.0 1.0
-0.9802361726760864 -0.143513023853302 -0.136165589094162 -1.077757477760315 0.1394578367471695 -0.9894629716873169 0.03891735523939133 0.7512104511260986 -0.1403159648180008 0.01915884017944336 0.9899213910102844 8.117396354675293 0.0 0.0 0.0 1.0
-0.9679291844367981 -0.1786292940378189 -0.17664834856987 -1.1602354049682617 0.17328032851219177 -0.9838262796401978 0.04538455605506897 0.5412383675575256 -0.181898295879364 0.013319355435669422 0.9832271337509155 8.069300651550293 0.0 0.0 0.0 1.0
-0.9536918997764587 -0.2100498527288437 -0.21529248356819153 -1.1997705698013306 0.2040843963623047 -0.9776840806007385 0.049833398312330246 0.3350285291671753 -0.22095553576946259 0.0035878694616258144 0.975277304649353 8.039519309997559 0.0 0.0 0.0 1.0
-0.9367040991783142 -0.2450515329837799 -0.2500704526901245 -1.202671766281128 0.23875629901885986 -0.9694808125495911 0.055699363350868225 0.20521199703216553 -0.2560877203941345 -0.007532072719186544 0.9666242003440857 8.02617359161377 0.0 0.0 0.0 1.0
-0.9195201396942139 -0.27891573309898376 -0.2769273817539215 -1.1346982717514038 0.272987425327301 -0.9601092338562012 0.06056508421897888 0.11679921299219131 -0.28277307748794556 -0.01990688219666481 0.9589802622795105 8.084162712097168 0.0 0.0 0.0 1.0
-0.901202380657196 -0.30967772006988525 -0.3032061457633972 -1.1184033155441284 0.30407649278640747 -0.9503029584884644 0.06679677963256836 0.09028436988592148 -0.3088231682777405 -0.03200044855475426 0.9505810141563416 8.101130485534668 0.0 0.0 0.0 1.0
-0.8826125264167786 -0.33865973353385925 -0.3260439932346344 -1.0471205711364746 0.3327045738697052 -0.9399866461753845 0.07571489363908768 0.12718936800956726 -0.33211857080459595 -0.041649412363767624 0.9423176646232605 8.052906036376953 0.0 0.0 0.0 1.0
-0.8666414618492126 -0.36016902327537537 -0.34526923298835754 -0.8751770257949829 0.3539578318595886 -0.9315448999404907 0.08329463005065918 0.188261479139328 -0.3516339361667633 -0.050024162977933884 0.9348000884056091 8.016233444213867 0.0 0.0 0.0 1.0
-0.8508123159408569 -0.37726011872291565 -0.36577755212783813 -0.8008778095245361 0.36935916543006897 -0.9244834780693054 0.09436178207397461 0.3067118227481842 -0.37375423312187195 -0.05481913313269615 0.9259063601493835 7.954771518707275 0.0 0.0 0.0 1.0
-0.8323912620544434 -0.3985004127025604 -0.3851262629032135 -0.6693888902664185 0.3884228467941284 -0.915194034576416 0.10745937377214432 0.3958074748516083 -0.3952878713607788 -0.060143597424030304 0.9165862202644348 7.899557113647461 0.0 0.0 0.0 1.0
-0.8171482682228088 -0.41624587774276733 -0.398758202791214 -0.4646395742893219 0.40439143776893616 -0.9069390892982483 0.11802122741937637 0.43934324383735657 -0.4107752740383148 -0.06481356918811798 0.9094299674034119 7.840469837188721 0.0 0.0 0.0 1.0
-0.7972721457481384 -0.43436840176582336 -0.4191433787345886 -0.4570813775062561 0.4220743477344513 -0.8975745439529419 0.12733088433742523 0.5067319869995117 -0.431520938873291 -0.07539229094982147 0.89894700050354 7.920127868652344 0.0 0.0 0.0 1.0
-0.7741881012916565 -0.45679548382759094 -0.4381445348262787 -0.3869740664958954 0.44295936822891235 -0.8854694962501526 0.1404663771390915 0.6224343776702881 -0.45212802290916443 -0.08533282577991486 0.8878617882728577 7.9072065353393555 0.0 0.0 0.0 1.0
-0.7515193223953247 -0.4760828912258148 -0.4566878378391266 -0.3577125668525696 0.4596022069454193 -0.8744469285011292 0.15526866912841797 0.6586022973060608 -0.473270058631897 -0.09320733696222305 0.8759725093841553 7.854268550872803 0.0 0.0 0.0 1.0
-0.730175793170929 -0.49000170826911926 -0.4761739671230316 -0.4361809492111206 0.4704821705818176 -0.8659482598304749 0.1696469485759735 0.6538073420524597 -0.495469331741333 -0.10015927255153656 0.8628315329551697 7.803366184234619 0.0 0.0 0.0 1.0
-0.7075902223587036 -0.5045177936553955 -0.49475032091140747 -0.5082152485847473 0.4803650677204132 -0.8569369316101074 0.18683823943138123 0.6343781352043152 -0.5182330012321472 -0.10545586049556732 0.8487129211425781 7.7737016677856445 0.0 0.0 0.0 1.0
-0.6827210783958435 -0.5181450843811035 -0.5151869654655457 -0.569169819355011 0.49145346879959106 -0.8473939895629883 0.20098988711833954 0.6265844702720642 -0.5407082438468933 -0.11597038805484772 0.833177924156189 7.835709571838379 0.0 0.0 0.0 1.0
-0.6548335552215576 -0.5320665240287781 -0.5367478728294373 -0.5934038162231445 0.5010887980461121 -0.8373109698295593 0.21867874264717102 0.5800198912620544 -0.5657764673233032 -0.12576016783714294 0.8149118423461914 7.818000793457031 0.0 0.0 0.0 1.0
-0.6189559698104858 -0.5490089058876038 -0.5616784691810608 -0.6196454763412476 0.5155178308486938 -0.8234988451004028 0.23683542013168335 0.4955350160598755 -0.5925663113594055 -0.14296458661556244 0.7927334308624268 7.775530815124512 0.0 0.0 0.0 1.0
-0.5760486125946045 -0.5686943531036377 -0.5871581435203552 -0.6501085758209229 0.5343703627586365 -0.8055607080459595 0.25596940517425537 0.49352484941482544 -0.6185598969459534 -0.16630908846855164 0.7679355144500732 7.859682083129883 0.0 0.0 0.0 1.0
-0.5272718667984009 -0.5903628468513489 -0.611110508441925 -0.6970553398132324 0.5526502728462219 -0.7845745086669922 0.2811058461666107 0.40901777148246765 -0.6454162001609802 -0.18951119482517242 0.7399482727050781 7.859907627105713 0.0 0.0 0.0 1.0
-0.4746537506580353 -0.6055763363838196 -0.638733983039856 -0.7719305157661438 0.5664385557174683 -0.7656112313270569 0.30493733286857605 0.21029165387153625 -0.6736847758293152 -0.21706391870975494 0.7064220309257507 7.8707733154296875 0.0 0.0 0.0 1.0
-0.436655193567276 -0.6179779767990112 -0.6537854671478271 -0.7832036018371582 0.5785765647888184 -0.7494041919708252 0.32193562388420105 0.07369694858789444 -0.6888986825942993 -0.23769007623195648 0.6847788095474243 7.840242385864258 0.0 0.0 0.0 1.0
-0.3819712698459625 -0.6318240165710449 -0.6744600534439087 -0.6963975429534912 0.5947140455245972 -0.7266610860824585 0.34391695261001587 -0.1070270985364914 -0.7073988914489746 -0.26974448561668396 0.6533182263374329 7.961979389190674 0.0 0.0 0.0 1.0
-0.3300747275352478 -0.6450566053390503 -0.6891680359840393 -0.846836507320404 0.6093289256095886 -0.703205943107605 0.36635997891426086 -0.16115130484104156 -0.7209500670433044 -0.29900383949279785 0.6251621842384338 8.021003723144531 0.0 0.0 0.0 1.0
-0.27972808480262756 -0.6555449366569519 -0.7014364004135132 -0.9574289321899414 0.6200351119041443 -0.6811600923538208 0.38932937383651733 -0.21427218616008759 -0.733013391494751 -0.3260088562965393 0.5970004796981812 7.75501823425293 0.0 0.0 0.0 1.0
-0.23429948091506958 -0.6623890399932861 -0.711578905582428 -1.0043971538543701 0.632292628288269 -0.6598178148269653 0.4060129225254059 -0.23936516046524048 -0.7384509444236755 -0.35479748249053955 0.5734186768531799 7.706545829772949 0.0 0.0 0.0 1.0
-0.18676991760730743 -0.668305516242981 -0.720058798789978 -1.1145075559616089 0.641631007194519 -0.6380146741867065 0.42573103308677673 -0.20366139709949493 -0.7439265251159668 -0.3824983239173889 0.5479674935340881 7.60033655166626 0.0 0.0 0.0 1.0
-0.13881251215934753 -0.6747110486030579 -0.724911093711853 -1.2851853370666504 0.6472020745277405 -0.6158570051193237 0.44927680492401123 -0.16998858749866486 -0.7495735883712769 -0.40679872035980225 0.5221630334854126 7.503054618835449 0.0 0.0 0.0 1.0
-0.09370902180671692 -0.6789708733558655 -0.7281601428985596 -1.3612746000289917 0.6527308821678162 -0.5941582918167114 0.47001945972442627 -0.11628803610801697 -0.7517719268798828 -0.4312475323677063 0.49886325001716614 7.361978530883789 0.0 0.0 0.0 1.0
-0.055813729763031006 -0.682801365852356 -0.7284690141677856 -1.3539382219314575 0.6529362797737122 -0.5769321322441101 0.4907377362251282 -0.010737926699221134 -0.755353569984436 -0.44825395941734314 0.47802650928497314 7.3912553787231445 0.0 0.0 0.0 1.0
-0.022335926070809364 -0.6892063021659851 -0.7242208123207092 -1.3277784585952759 0.648552656173706 -0.5612815022468567 0.5141425728797913 0.04713791608810425 -0.7608420252799988 -0.4582114517688751 0.4595233201980591 7.391098499298096 0.0 0.0 0.0 1.0
0.009702836163341999 -0.6967312693595886 -0.7172666192054749 -1.2072556018829346 0.643664538860321 -0.5445855259895325 0.5377012491226196 -0.010755887255072594 -0.7652462720870972 -0.46689629554748535 0.443177193403244 7.441120147705078 0.0 0.0 0.0 1.0
0.03799299895763397 -0.6998341083526611 -0.7132943272590637 -1.0522239208221436 0.6399726271629333 -0.5311739444732666 0.5552380084991455 -0.11535268276929855 -0.7674578428268433 -0.47758400440216064 0.42769378423690796 7.435080051422119 0.0 0.0 0.0 1.0
0.06857806444168091 -0.7014555931091309 -0.7094061970710754 -0.9732105731964111 0.6366917490959167 -0.5166707634925842 0.5724290013313293 -0.15878650546073914 -0.768062949180603 -0.49092912673950195 0.41117870807647705 7.411083221435547 0.0 0.0 0.0 1.0
0.10043473541736603 -0.7029638290405273 -0.7040984630584717 -0.8732969164848328 0.6329277753829956 -0.5008808970451355 0.5903564691543579 -0.14640185236930847 -0.7676687240600586 -0.5049358010292053 0.39461952447891235 7.379775047302246 0.0 0.0 0.0 1.0
0.13487567007541656 -0.7025709748268127 -0.6987149715423584 -0.8653857707977295 0.6262626647949219 -0.4860095679759979 0.6095816493034363 -0.15969157218933105 -0.7678565382957458 -0.5197967886924744 0.37444308400154114 7.425291061401367 0.0 0.0 0.0 1.0
0.17388086020946503 -0.7025787830352783 -0.6900351643562317 -0.9328296780586243 0.6139628291130066 -0.47050991654396057 0.63377445936203 -0.1325046271085739 -0.7699449062347412 -0.5338571667671204 0.34954458475112915 7.347256183624268 0.0 0.0 0.0 1.0
0.22085103392601013 -0.7000781893730164 -0.6790547370910645 -0.9686063528060913 0.5986899137496948 -0.4523228108882904 0.6610404253005981 -0.10143116861581802 -0.7699319124221802 -0.5525346994400024 0.31923380494117737 7.2364349365234375 0.0 0.0 0.0 1.0
0.27576127648353577 -0.6934794187545776 -0.6656140089035034 -0.9784467816352844 0.5852395296096802 -0.42819342017173767 0.6885818839073181 -0.09006849676370621 -0.7625289559364319 -0.5794278979301453 0.28777241706848145 7.137409687042236 0.0 0.0 0.0 1.0
0.32817304134368896 -0.684907853603363 -0.6505410671234131 -0.9121180772781372 0.5696883201599121 -0.4058408737182617 0.7146666049957275 -0.09384583681821823 -0.7534969449043274 -0.605139970779419 0.2569980025291443 7.1125688552856445 0.0 0.0 0.0 1.0
0.3804812729358673 -0.6720836162567139 -0.6352460980415344 -0.8702218532562256 0.5511122941970825 -0.3868289291858673 0.7393501400947571 -0.19493892788887024 -0.7426366806030273 -0.6314008235931396 0.22321239113807678 7.07932186126709 0.0 0.0 0.0 1.0
0.42613866925239563 -0.6536896824836731 -0.6253764033317566 -0.7950578927993774 0.537951648235321 -0.3726806640625 0.7561197876930237 -0.2854360044002533 -0.7273334264755249 -0.6586341261863708 0.19283980131149292 7.101190090179443 0.0 0.0 0.0 1.0
0.46335551142692566 -0.6384658813476562 -0.6145429015159607 -0.747700572013855 0.5263066291809082 -0.35965779423713684 0.7704853415489197 -0.22989574074745178 -0.7129537463188171 -0.6804466247558594 0.16937939822673798 7.025296688079834 0.0 0.0 0.0 1.0
0.4980074167251587 -0.6252408623695374 -0.600884735584259 -0.7809180021286011 0.512678861618042 -0.34657275676727295 0.7855238914489746 -0.046296942979097366 -0.6993919014930725 -0.6992576122283936 0.14795196056365967 6.872377395629883 0.0 0.0 0.0 1.0
0.5276339650154114 -0.6131142973899841 -0.5879568457603455 -0.7589815258979797 0.500595211982727 -0.33477145433425903 0.798331081867218 0.10669500380754471 -0.6862993836402893 -0.71555495262146 0.13028530776500702 6.728164196014404 0.0 0.0 0.0 1.0
0.5547538995742798 -0.6030616164207458 -0.5732057690620422 -0.8022255301475525 0.48590466380119324 -0.32441362738609314 0.8115740418434143 0.1941278874874115 -0.6753849387168884 -0.7287471890449524 0.11306073516607285 6.590269088745117 0.0 0.0 0.0 1.0
0.5822175145149231 -0.5918443202972412 -0.557443380355835 -0.8875887989997864 0.46849325299263 -0.3161417543888092 0.8249657154083252 0.18794946372509003 -0.6644824147224426 -0.7414679527282715 0.09321180731058121 6.4691643714904785 0.0 0.0 0.0 1.0
0.6113684177398682 -0.5805650353431702 -0.5377480387687683 -0.9161242842674255 0.44763055443763733 -0.3066609799861908 0.8399916291236877 0.11495403200387955 -0.6525760889053345 -0.7542567849159241 0.07239582389593124 6.3208231925964355 0.0 0.0 0.0 1.0
0.6390830278396606 -0.5665833353996277 -0.5201501846313477 -0.9274077415466309 0.4283698499202728 -0.2994806170463562 0.852531909942627 0.07730595767498016 -0.6388052701950073 -0.7676553130149841 0.05131423473358154 6.234307765960693 0.0 0.0 0.0 1.0
0.6680163145065308 -0.5533140301704407 -0.4975919723510742 -0.9056631922721863 0.40414416790008545 -0.29170548915863037 0.8669344782829285 0.011037620715796947 -0.624837338924408 -0.7802252769470215 0.028754597529768944 6.20397424697876 0.0 0.0 0.0 1.0
0.695500373840332 -0.5391404628753662 -0.474980890750885 -0.9208968877792358 0.3806590437889099 -0.2841881811618805 0.8799635171890259 -0.02596774511039257 -0.6094078421592712 -0.7928206920623779 0.007575708907097578 6.1883745193481445 0.0 0.0 0.0 1.0
0.7217879295349121 -0.5242471098899841 -0.45187076926231384 -0.97354656457901 0.35637903213500977 -0.2781647741794586 0.8919743895530701 -0.10462497174739838 -0.5933095216751099 -0.804853618144989 -0.01394529640674591 6.176393032073975 0.0 0.0 0.0 1.0
0.744571328163147 -0.5089278221130371 -0.4319791793823242 -1.0047197341918945 0.3378390073776245 -0.270840048789978 0.9013936519622803 -0.07486649602651596 -0.5757415890693665 -0.8170912265777588 -0.029724057763814926 6.085073471069336 0.0 0.0 0.0 1.0
0.7641688585281372 -0.49465763568878174 -0.41395625472068787 -0.9868723154067993 0.3218878507614136 -0.26369673013687134 0.9093141555786133 -0.012624486349523067 -0.558958113193512 -0.8281170725822449 -0.04228454828262329 6.0498762130737305 0.0 0.0 0.0 1.0
0.7820100784301758 -0.48072052001953125 -0.39669638872146606 -0.9833807349205017 0.30707848072052 -0.25669538974761963 0.9164116382598877 0.0404636450111866 -0.5423679947853088 -0.8384600281715393 -0.053119443356990814 6.070337772369385 0.0 0.0 0.0 1.0
0.8031440377235413 -0.46087217330932617 -0.37756651639938354 -0.9619297981262207 0.29069575667381287 -0.250041663646698 0.9235665202140808 0.11884266138076782 -0.520053505897522 -0.8515139222145081 -0.06684587895870209 6.175271987915039 0.0 0.0 0.0 1.0
0.8252056241035461 -0.4436277747154236 -0.3496142029762268 -0.8945090174674988 0.2680415213108063 -0.23726487159729004 0.9337339401245117 0.18295468389987946 -0.4971815049648285 -0.8642336130142212 -0.07688162475824356 6.213591575622559 0.0 0.0 0.0 1.0
0.8503081798553467 -0.41861048340797424 -0.3189690411090851 -0.7360345721244812 0.24375177919864655 -0.22390098869800568 0.9436383843421936 0.14009805023670197 -0.46643441915512085 -0.8801327347755432 -0.08834778517484665 6.310528755187988 0.0 0.0 0.0 1.0
0.8787717223167419 -0.386563241481781 -0.2798733711242676 -0.6133847832679749 0.21056875586509705 -0.2122095376253128 0.9542682766914368 0.09666036069393158 -0.42827683687210083 -0.8975165486335754 -0.1050855964422226 6.469233512878418 0.0 0.0 0.0 1.0
0.9034217000007629 -0.3560176193714142 -0.23891571164131165 -0.5401307940483093 0.17557445168495178 -0.20117881894111633 0.9636911749839783 0.01644268073141575 -0.39115580916404724 -0.9125670194625854 -0.11924170702695847 6.574700355529785 0.0 0.0 0.0 1.0
0.9272989630699158 -0.3194856643676758 -0.1950525939464569 -0.5219864845275879 0.13685496151447296 -0.19564546644687653 0.9710785746574402 -0.08530332148075104 -0.3484068214893341 -0.9271740913391113 -0.13769865036010742 6.666755676269531 0.0 0.0 0.0 1.0
0.9464755058288574 -0.2828623950481415 -0.1554766148328781 -0.4518808126449585 0.10301929712295532 -0.19176433980464935 0.9760192036628723 -0.18776386976242065 -0.30589401721954346 -0.9397953748703003 -0.1523599624633789 6.682875633239746 0.0 0.0 0.0 1.0
0.9614061713218689 -0.2484644204378128 -0.11816749721765518 -0.4714048504829407 0.07189800590276718 -0.18768490850925446 0.979594349861145 -0.2428625226020813 -0.26557260751724243 -0.9502840638160706 -0.16257734596729279 6.7393879890441895 0.0 0.0 0.0 1.0
0.9736216068267822 -0.2146223932504654 -0.07744823396205902 -0.5591732859611511 0.037119414657354355 -0.18592321872711182 0.9818629026412964 -0.20143923163414001 -0.22512918710708618 -0.9588377475738525 -0.17305219173431396 6.657721519470215 0.0 0.0 0.0 1.0
0.9827802777290344 -0.1801295429468155 -0.041185226291418076 -0.5483049750328064 0.00743515882641077 -0.1841592639684677 0.9828683137893677 -0.1609431803226471 -0.18462826311588287 -0.9662498235702515 -0.17964880168437958 6.610121250152588 0.0 0.0 0.0 1.0
0.9885167479515076 -0.15106260776519775 -0.0038313590921461582 -0.5442191362380981 -0.02401711232960224 -0.18209335207939148 0.9829878807067871 -0.09595250338315964 -0.14919038116931915 -0.9716079831123352 -0.18363042175769806 6.472073078155518 0.0 0.0 0.0 1.0
0.991596519947052 -0.12488655000925064 0.03375935181975365 -0.5482621192932129 -0.05617956072092056 -0.18062461912631989 0.9819463491439819 -0.07420195639133453 -0.11653412133455276 -0.9755911231040955 -0.1861228197813034 6.300745487213135 0.0 0.0 0.0 1.0
0.9925769567489624 -0.10285764932632446 0.06489450484514236 -0.5873664617538452 -0.08286137133836746 -0.18136686086654663 0.9799184203147888 -0.1776278018951416 -0.08902239054441452 -0.9780216813087463 -0.18854349851608276 6.299992561340332 0.0 0.0 0.0 1.0
0.9918813109397888 -0.0836973711848259 0.09574028104543686 -0.6255155801773071 -0.10971348732709885 -0.18255284428596497 0.9770554900169373 -0.3352982997894287 -0.0642993152141571 -0.9796270728111267 -0.19025348126888275 6.196267127990723 0.0 0.0 0.0 1.0
0.9906401038169861 -0.06737414747476578 0.11871379613876343 -0.5652225017547607 -0.12947361171245575 -0.1883583664894104 0.9735285043716431 -0.5002977252006531 -0.04322991892695427 -0.9797866344451904 -0.19531852006912231 6.211223125457764 0.0 0.0 0.0 1.0
0.988884687423706 -0.054111216217279434 0.1384885013103485 -0.5046011805534363 -0.14635935425758362 -0.19018062949180603 0.9707781672477722 -0.5411586165428162 -0.026192158460617065 -0.9802567362785339 -0.19598639011383057 6.243483066558838 0.0 0.0 0.0 1.0
0.986125111579895 -0.04056704416871071 0.1609707772731781 -0.5324062705039978 -0.16580232977867126 -0.19292742013931274 0.9671031832695007 -0.5298723578453064 -0.008176841773092747 -0.9803740978240967 -0.1969766765832901 6.275393486022949 0.0 0.0 0.0 1.0
0.9826284646987915 -0.023278990760445595 0.18411776423454285 -0.5160741806030273 -0.1850806176662445 -0.19591572880744934 0.9629964828491211 -0.3964492976665497 0.013653979636728764 -0.9803444147109985 -0.19682087004184723 6.373364448547363 0.0 0.0 0.0 1.0
0.9777628183364868 -0.004351834766566753 0.20966856181621552 -0.5082912445068359 -0.2064649611711502 -0.1952739953994751 0.958770215511322 -0.23632101714611053 0.03677040711045265 -0.9807390570640564 -0.19183015823364258 6.4601545333862305 0.0 0.0 0.0 1.0
0.9705286026000977 0.015275008045136929 0.2405013144016266 -0.542900800704956 -0.23323194682598114 -0.19158416986465454 0.9533616304397583 -0.07978063821792603 0.060638848692178726 -0.9813573360443115 -0.18237529695034027 6.5144944190979 0.0 0.0 0.0 1.0
0.960995078086853 0.038499075919389725 0.27387285232543945 -0.5497230291366577 -0.2626117765903473 -0.18354879319667816 0.9472829103469849 0.053099051117897034 0.08673854917287827 -0.9822564125061035 -0.16627918183803558 6.636152267456055 0.0 0.0 0.0 1.0
0.9496706128120422 0.06500124931335449 0.30643200874328613 -0.4901584982872009 -0.2912566363811493 -0.17685489356517792 0.9401552677154541 0.14064672589302063 0.11530526727437973 -0.9820881485939026 -0.14902184903621674 6.800183296203613 0.0 0.0 0.0 1.0
0.9368794560432434 0.09287337958812714 0.33709266781806946 -0.42279279232025146 -0.31794682145118713 -0.17486126720905304 0.9318440556526184 0.16190283000469208 0.1454879492521286 -0.9802030920982361 -0.13429512083530426 6.912039756774902 0.0 0.0 0.0 1.0
0.9215664267539978 0.12309563159942627 0.3681885302066803 -0.3418830335140228 -0.34426379203796387 -0.1792334020137787 0.9216061234474182 0.12082817405462265 0.17943736910820007 -0.9760752320289612 -0.12279811501502991 7.031678199768066 0.0 0.0 0.0 1.0
0.9042490720748901 0.15425781905651093 0.3981684148311615 -0.23782987892627716 -0.36831149458885193 -0.19004642963409424 0.9100708961486816 0.10548672080039978 0.21605603396892548 -0.9695807695388794 -0.11503438651561737 7.184431076049805 0.0 0.0 0.0 1.0
0.8857008814811707 0.1851186454296112 0.42575231194496155 -0.18398137390613556 -0.3901473581790924 -0.20026879012584686 0.8987087607383728 0.13867776095867157 0.2516326606273651 -0.9620932936668396 -0.10515470057725906 7.259961128234863 0.0 0.0 0.0 1.0
0.86473548412323 0.21437041461467743 0.45417824387550354 -0.25509554147720337 -0.4121456444263458 -0.2138812392950058 0.8856583833694458 0.21207642555236816 0.2869991660118103 -0.9530478119850159 -0.09659885615110397 7.3101487159729 0.0 0.0 0.0 1.0
0.8422312140464783 0.24286186695098877 0.481315553188324 -0.3448885977268219 -0.4331798851490021 -0.22662478685379028 0.8723511099815369 0.3404512107372284 0.3209388554096222 -0.9432175159454346 -0.08566759526729584 7.287591457366943 0.0 0.0 0.0 1.0
0.8188788890838623 0.2691176235675812 0.5069645643234253 -0.379464715719223 -0.45377612113952637 -0.23730553686618805 0.8589373230934143 0.4428180754184723 0.35146066546440125 -0.9334140419960022 -0.07220534235239029 7.2284698486328125 0.0 0.0 0.0 1.0
0.7978763580322266 0.288161039352417 0.5294870138168335 -0.3677070736885071 -0.472221314907074 -0.24719035625457764 0.8461110591888428 0.4224680960178375 0.3747003376483917 -0.9251270890235901 -0.061151549220085144 7.094155311584473 0.0 0.0 0.0 1.0
0.7772502303123474 0.305422842502594 0.550089955329895 -0.4270288348197937 -0.4902527928352356 -0.25402119755744934 0.8337418437004089 0.32035794854164124 0.39437830448150635 -0.9177091717720032 -0.04770362377166748 7.0388312339782715 0.0 0.0 0.0 1.0
0.7507891654968262 0.3286145031452179 0.5729991793632507 -0.5593724250793457 -0.5097875595092773 -0.2633569538593292 0.8189992308616638 0.23378823697566986 0.4200383722782135 -0.90700364112854 -0.030201971530914307 6.924909591674805 0.0 0.0 0.0 1.0
0.7264991998672485 0.3496443033218384 0.5915638208389282 -0.6304102540016174 -0.5244718790054321 -0.2740893065929413 0.8061044216156006 0.1443811058998108 0.44399112462997437 -0.8958927989006042 -0.01574704982340336 6.882771968841553 0.0 0.0 0.0 1.0
0.7019931077957153 0.36993464827537537 0.6085671782493591 -0.6680858731269836 -0.5369261503219604 -0.2864794433116913 0.7934984564781189 0.06807530671358109 0.4678845703601837 -0.883786141872406 -0.0024790060706436634 6.815684795379639 0.0 0.0 0.0 1.0
0.6766008138656616 0.3880305886268616 0.6258143186569214 -0.7276837229728699 -0.5499969720840454 -0.2987869083881378 0.7798908352851868 -0.040328413248062134 0.4896066188812256 -0.871870756149292 0.011256199330091476 6.7953057289123535 0.0 0.0 0.0 1.0
0.6488779187202454 0.4061773419380188 0.6434107422828674 -0.7953075766563416 -0.5637360215187073 -0.31129905581474304 0.7650454640388489 -0.14140741527080536 0.511037290096283 -0.8591349720954895 0.02698170766234398 6.707805633544922 0.0 0.0 0.0 1.0
0.6171958446502686 0.42438873648643494 0.6625432372093201 -0.8950701951980591 -0.5768729448318481 -0.32855460047721863 0.7478432059288025 -0.20537398755550385 0.5350578427314758 -0.8437689542770386 0.04203584045171738 6.746405601501465 0.0 0.0 0.0 1.0
0.5807967185974121 0.4428630769252777 0.6830427646636963 -1.0316479206085205 -0.5918092131614685 -0.3464333415031433 0.7278363704681396 -0.134352445602417 0.5589606761932373 -0.8269559741020203 0.060883086174726486 6.785149097442627 0.0 0.0 0.0 1.0
0.5375185012817383 0.4644535481929779 0.7038158774375916 -1.162018895149231 -0.6073936820030212 -0.36571159958839417 0.70521479845047 -0.11582493782043457 0.5849331617355347 -0.8065593242645264 0.08552941679954529 6.844734191894531 0.0 0.0 0.0 1.0
0.48784977197647095 0.48593083024024963 0.7251715660095215 -1.2917046546936035 -0.6243925094604492 -0.3862941265106201 0.678904116153717 -0.06443037837743759 0.6100299954414368 -0.7839949131011963 0.11495809257030487 6.90117883682251 0.0 0.0 0.0 1.0
0.4377070367336273 0.5049459934234619 0.7439368963241577 -1.3413506746292114 -0.6392070055007935 -0.40712958574295044 0.6524261236190796 0.013738390058279037 0.6323186755180359 -0.7611011862754822 0.1445615291595459 7.0485358238220215 0.0 0.0 0.0 1.0
0.38300132751464844 0.5208837985992432 0.7628827095031738 -1.403527021408081 -0.6545615792274475 -0.4297051727771759 0.6220149397850037 0.02280176244676113 0.6518121361732483 -0.737586259841919 0.17637287080287933 7.1547088623046875 0.0 0.0 0.0 1.0
0.3305429220199585 0.5326817035675049 0.7790966629981995 -1.394814372062683 -0.6648597717285156 -0.45447030663490295 0.5928053855895996 -0.05599280819296837 0.6698529124259949 -0.7139376401901245 0.20393666625022888 7.35075044631958 0.0 0.0 0.0 1.0
0.2806033790111542 0.5394161939620972 0.7939092516899109 -1.2755756378173828 -0.6720718741416931 -0.48011112213134766 0.5637487769126892 -0.10356705635786057 0.6852598786354065 -0.6917539238929749 0.22780567407608032 7.380232810974121 0.0 0.0 0.0 1.0
0.23692695796489716 0.5445297956466675 0.8045824766159058 -1.215664029121399 -0.6756542325019836 -0.5027389526367188 0.5392076969146729 0.026631226763129234 0.6981095671653748 -0.6713723540306091 0.24880145490169525 7.460322380065918 0.0 0.0 0.0 1.0
0.1923350691795349 0.550572395324707 0.8123282790184021 -1.2994173765182495 -0.6801807284355164 -0.5218892097473145 0.5147677063941956 0.2162119299173355 0.7073622941970825 -0.6515379548072815 0.2741111218929291 7.375869274139404 0.0 0.0 0.0 1.0
0.1565287858247757 0.5523672699928284 0.8187729120254517 -1.3064135313034058 -0.683883547782898 -0.5374993681907654 0.49335354566574097 0.329551637172699 0.7126023173332214 -0.637169361114502 0.293620765209198 7.4317731857299805 0.0 0.0 0.0 1.0
0.12208909541368484 0.5553096532821655 0.8226332068443298 -1.3612418174743652 -0.691200315952301 -0.547236979007721 0.4719891846179962 0.3462175726890564 0.7122754454612732 -0.6262291073799133 0.3170185685157776 7.270139694213867 0.0 0.0 0.0 1.0
0.08796792477369308 0.5559124946594238 0.8265730142593384 -1.454370379447937 -0.6970328688621521 -0.5584428310394287 0.4497629702091217 0.3113836646080017 0.7116226553916931 -0.6157132983207703 0.33836424350738525 7.067531585693359 0.0 0.0 0.0 1.0
0.05456129461526871 0.5574986934661865 0.8283829092979431 -1.5027885437011719 -0.6997957229614258 -0.5704327821731567 0.42999112606048584 0.2763986885547638 0.7122562527656555 -0.6031596660614014 0.3590116798877716 6.921097755432129 0.0 0.0 0.0 1.0
0.021960679441690445 0.5569067597389221 0.8302846550941467 -1.5372896194458008 -0.7014938592910767 -0.5831444263458252 0.4096936583518982 0.17059853672981262 0.7123370170593262 -0.5914367437362671 0.377860426902771 6.848283767700195 0.0 0.0 0.0 1.0
-0.010631424374878407 0.55596923828125 0.8311348557472229 -1.5534402132034302 -0.7026562690734863 -0.5955314636230469 0.3893795609474182 -0.003919267561286688 0.7114500403404236 -0.5798624753952026 0.39698663353919983 6.8053460121154785 0.0 0.0 0.0 1.0
-0.0385543592274189 0.5541160702705383 0.8315461277961731 -1.574475646018982 -0.7026394605636597 -0.6067269444465637 0.37172603607177734 -0.1669863611459732 0.7105007767677307 -0.5699454545974731 0.41273579001426697 6.770610332489014 0.0 0.0 0.0 1.0
-0.06790785491466522 0.5529075860977173 0.8304708003997803 -1.597621202468872 -0.7013096213340759 -0.6184985637664795 0.3544352352619171 -0.29544249176979065 0.7096149325370789 -0.5583482384681702 0.4297603368759155 6.763856410980225 0.0 0.0 0.0 1.0
-0.09349942207336426 0.5519101619720459 0.8286452889442444 -1.5436941385269165 -0.6987576484680176 -0.629252552986145 0.34026309847831726 -0.41216155886650085 0.7092218399047852 -0.5472078323364258 0.44448617100715637 6.753897190093994 0.0 0.0 0.0 1.0
-0.1206609383225441 0.5527257323265076 0.8245818018913269 -1.5063393115997314 -0.695700466632843 -0.6396176815032959 0.3269405961036682 -0.41648513078689575 0.7081255912780762 -0.5342130064964294 0.4617083966732025 6.7739763259887695 0.0 0.0 0.0 1.0
-0.1540331095457077 0.558497965335846 0.8150790333747864 -1.5293434858322144 -0.6922616362571716 -0.6496098637580872 0.3142941892147064 -0.2447536587715149 0.705016016960144 -0.515836238861084 0.48668816685676575 6.763998508453369 0.0 0.0 0.0 1.0
-0.1873851716518402 0.5693748593330383 0.800436794757843 -1.521045207977295 -0.6890876889228821 -0.6569184064865112 0.30596792697906494 0.02045668289065361 0.700032114982605 -0.4942373037338257 0.5154459476470947 6.818777561187744 0.0 0.0 0.0 1.0
-0.2244606912136078 0.5815756320953369 0.7819125056266785 -1.4872604608535767 -0.6856332421302795 -0.664435625076294 0.29737579822540283 0.22666460275650024 0.6924770474433899 -0.4693560302257538 0.5478872656822205 6.863100051879883 0.0 0.0 0.0 1.0
-0.2652107775211334 0.5895320773124695 0.7629647254943848 -1.3933833837509155 -0.6792209148406982 -0.6758621335029602 0.2861281931400299 0.3536229431629181 0.6843407154083252 -0.442337304353714 0.579668402671814 6.885087013244629 0.0 0.0 0.0 1.0
-0.30671435594558716 0.5879203677177429 0.7485158443450928 -1.325286865234375 -0.6691765189170837 -0.6924437284469604 0.2696746587753296 0.3499297797679901 0.6768523454666138 -0.41817614436149597 0.605804979801178 6.992828369140625 0.0 0.0 0.0 1.0
-0.35037386417388916 0.5779719948768616 0.7370119094848633 -1.2249040603637695 -0.6571399569511414 -0.7124029397964478 0.24627049267292023 0.2135537713766098 0.6673868894577026 -0.3980332314968109 0.6294158697128296 7.086027145385742 0.0 0.0 0.0 1.0
-0.38901060819625854 0.5648298859596252 0.7277622818946838 -1.0592350959777832 -0.6421749591827393 -0.7326761484146118 0.22538195550441742 0.0061780670657753944 0.6605165004730225 -0.3796747326850891 0.6477383971214294 7.066986560821533 0.0 0.0 0.0 1.0
-0.42345309257507324 0.5511508584022522 0.7189716100692749 -0.9284881949424744 -0.6236357688903809 -0.7529985904693604 0.20993225276470184 -0.08705605566501617 0.6570889353752136 -0.35947996377944946 0.6625769734382629 7.2338433265686035 0.0 0.0 0.0 1.0
-0.4567432701587677 0.5390072464942932 0.7077123522758484 -0.9369344115257263 -0.6062741875648499 -0.7707834839820862 0.19576627016067505 -0.07598885148763657 0.6510124206542969 -0.33965280652046204 0.6788363456726074 7.262912273406982 0.0 0.0 0.0 1.0
-0.4897138178348541 0.5271497368812561 0.6944735646247864 -0.8877325654029846 -0.5911833643913269 -0.7862154245376587 0.179909810423851 -0.04579862579703331 0.6408452391624451 -0.32245689630508423 0.6966627240180969 7.284673690795898 0.0 0.0 0.0 1.0
-0.5195474624633789 0.5181109309196472 0.6794347167015076 -0.817094624042511 -0.5800049304962158 -0.7977631688117981 0.16482779383659363 -0.03911061957478523 0.6274270415306091 -0.3084396421909332 0.7149826884269714 7.158602714538574 0.0 0.0 0.0 1.0
-0.5472195148468018 0.5119859576225281 0.6621338129043579 -0.8130764961242676 -0.5742494463920593 -0.8051890730857849 0.1480138748884201 -0.06608397513628006 0.6089239716529846 -0.29923391342163086 0.7346228361129761 7.025704383850098 0.0 0.0 0.0 1.0
-0.5719978213310242 0.5085151791572571 0.6436076164245605 -0.7576070427894592 -0.5693386197090149 -0.8109819889068604 0.1347656100988388 -0.17998555302619934 0.5904845595359802 -0.28934505581855774 0.7533972859382629 6.87247896194458 0.0 0.0 0.0 1.0
