0.6445591449737549 0.6295565962791443 0.4338225722312927 0.04399202764034271 -0.6614567637443542 0.1746143251657486 0.7293728590011597 0.5860316753387451 0.3834298551082611 -0.7570788264274597 0.5289736986160278 8.841765403747559 0.0 0.0 0.0 1.0
0.6452656388282776 0.6297685503959656 0.43246254324913025 0.059998318552970886 -0.6601874232292175 0.17481620609760284 0.7304736971855164 0.5895342230796814 0.38442790508270264 -0.7568559050559998 0.5285681486129761 8.841814994812012 0.0 0.0 0.0 1.0
0.6469953060150146 0.6305022239685059 0.428793728351593 0.09473597258329391 -0.6573509573936462 0.17626279592514038 0.7326807975769043 0.6062856316566467 0.3863764703273773 -0.7559089660644531 0.5285024642944336 8.849267959594727 0.0 0.0 0.0 1.0
0.6435089707374573 0.6323850750923157 0.4312600791454315 0.125963494181633 -0.6612881422042847 0.17557112872600555 0.729296088218689 0.6161556243896484 0.3854791522026062 -0.7544957399368286 0.5311703681945801 8.851890563964844 0.0 0.0 0.0 1.0
0.6390765309333801 0.6351813077926636 0.43373480439186096 0.13950945436954498 -0.6649218201637268 0.1728065460920334 0.7266477346420288 0.6262194514274597 0.3866008520126343 -0.7527832388877869 0.5327824950218201 8.852066993713379 0.0 0.0 0.0 1.0
0.480183869600296 0.7300650477409363 0.48623907566070557 0.054599981755018234 -0.7488711476325989 0.052560627460479736 0.6606280207633972 0.7153463363647461 0.4567444324493408 -0.6813533306121826 0.5719634294509888 9.108327865600586 0.0 0.0 0.0 1.0
0.4501439332962036 0.7428715825080872 0.49549195170402527 -0.0214327871799469 -0.7634149789810181 0.03231380879878998 0.6450995206832886 0.7421059608459473 0.46321484446525574 -0.6686536073684692 0.5816651582717896 9.149760246276855 0.0 0.0 0.0 1.0
0.4220084846019745 0.7537619471549988 0.5037378072738647 -0.09254497289657593 -0.7751724720001221 0.011872973293066025 0.6316380500793457 0.7630025148391724 0.47012385725975037 -0.6570403575897217 0.5893059968948364 9.196948051452637 0.0 0.0 0.0 1.0
0.3881256878376007 0.7662290930747986 0.5121049284934998 -0.1375332474708557 -0.7868344783782959 -0.013811695389449596 0.6170095205307007 0.8056735992431641 0.4798436760902405 -0.6424190402030945 0.5975347757339478 9.293919563293457 0.0 0.0 0.0 1.0
0.36373278498649597 0.7746081352233887 0.5173786878585815 -0.16482557356357574 -0.7946369051933289 -0.03179201856255531 0.6062520146369934 0.8390400409698486 0.48605623841285706 -0.6316419243812561 0.6039683818817139 9.400547981262207 0.0 0.0 0.0 1.0
0.19527994096279144 0.8086435198783875 0.5549426674842834 -0.12674012780189514 -0.8329777121543884 -0.16193227469921112 0.5290804505348206 0.8325018286705017 0.5177006125450134 -0.5655736923217773 0.6419599056243896 9.22115707397461 0.0 0.0 0.0 1.0
0.14986400306224823 0.819261908531189 0.5534895658493042 -0.13991929590702057 -0.8363242149353027 -0.1935499757528305 0.5129328966140747 0.837947428226471 0.5273543000221252 -0.5397669076919556 0.656162440776825 9.552046775817871 0.0 0.0 0.0 1.0
0.11482870578765869 0.8203644752502441 0.5601932406425476 -0.1566799432039261 -0.8353381752967834 -0.22544816136360168 0.5013813972473145 0.8336730003356934 0.5376099944114685 -0.5255237817764282 0.659393846988678 9.345735549926758 0.0 0.0 0.0 1.0
0.07980906963348389 0.8237545490264893 0.5613011121749878 -0.18889589607715607 -0.8347813487052917 -0.2525053024291992 0.48926591873168945 0.8271936774253845 0.5447665452957153 -0.5076115727424622 0.6675027012825012 9.414203643798828 0.0 0.0 0.0 1.0
0.03895275294780731 0.8244879841804504 0.5645372271537781 -0.23834086954593658 -0.8333579301834106 -0.2849310636520386 0.47363367676734924 0.7847945690155029 0.5513594746589661 -0.48891088366508484 0.6759947538375854 9.37971019744873 0.0 0.0 0.0 1.0
-0.12445195764303207 0.8213478326797485 0.5566861629486084 -0.3107517659664154 -0.828205943107605 -0.39496564865112305 0.3975890874862671 0.8147438764572144 0.5464308261871338 -0.4115700423717499 0.7293993830680847 9.448142051696777 0.0 0.0 0.0 1.0
-0.15584759414196014 0.8179195523262024 0.5538222789764404 -0.28361400961875916 -0.8239611983299255 -0.4168747663497925 0.3838011920452118 0.8092437386512756 0.5447930097579956 -0.39651358127593994 0.7389029264450073 9.40282917022705 0.0 0.0 0.0 1.0
-0.2018537074327469 0.811683177947998 0.548110842704773 -0.2671282887458801 -0.816727340221405 -0.44837260246276855 0.36320582032203674 0.7966938614845276 0.5405659675598145 -0.374342679977417 0.7534295320510864 9.468133926391602 0.0 0.0 0.0 1.0
-0.23885294795036316 0.8050549030303955 0.5429879426956177 -0.30840054154396057 -0.8098737597465515 -0.4736725986003876 0.3460329473018646 0.7867907881736755 0.5357739925384521 -0.3571006655693054 0.7651309370994568 9.510238647460938 0.0 0.0 0.0 1.0
-0.2881748676300049 0.7946525812149048 0.5343056321144104 -0.3729510009288788 -0.7985567450523376 -0.5073572993278503 0.3238759934902191 0.7812004685401917 0.5284527540206909 -0.33334046602249146 0.7807828187942505 9.48656940460205 0.0 0.0 0.0 1.0
-0.4708016812801361 0.7294475436210632 0.4962378740310669 -0.4765612781047821 -0.7293437123298645 -0.6382802724838257 0.2462845742702484 0.7853440046310425 0.49639052152633667 -0.2459767907857895 0.832521378993988 9.381988525390625 0.0 0.0 0.0 1.0
-0.4913608133792877 0.7194357514381409 0.4908938407897949 -0.4384204149246216 -0.7188287377357483 -0.6532346606254578 0.23784391582012177 0.7601289749145508 0.4917822778224945 -0.2360014021396637 0.8381249904632568 9.399994850158691 0.0 0.0 0.0 1.0
-0.5203849077224731 0.7056354284286499 0.480913907289505 -0.44247114658355713 -0.7042349576950073 -0.6731488704681396 0.2256629317998886 0.7594778537750244 0.48296239972114563 -0.22124479711055756 0.8472296595573425 9.434724807739258 0.0 0.0 0.0 1.0
-0.5470707416534424 0.6922906637191772 0.4705817997455597 -0.48532530665397644 -0.6888987421989441 -0.6917026042938232 0.21671661734580994 0.7871419191360474 0.47553354501724243 -0.20562388002872467 0.855328381061554 9.473700523376465 0.0 0.0 0.0 1.0
-0.5760724544525146 0.6757391691207886 0.45990991592407227 -0.5230544805526733 -0.6712806820869446 -0.7121428847312927 0.2055109292268753 0.8033899664878845 0.4663933515548706 -0.19033946096897125 0.8638565540313721 9.508549690246582 0.0 0.0 0.0 1.0
-0.7371506690979004 0.5574543476104736 0.38190776109695435 -0.7163535952568054 -0.5502160787582397 -0.8232600092887878 0.13966123759746552 0.7206214070320129 0.39226415753364563 -0.1071804091334343 0.9135869741439819 9.50064754486084 0.0 0.0 0.0 1.0
-0.7553766369819641 0.5416538715362549 0.3688051402568817 -0.7505327463150024 -0.5352054238319397 -0.8347034454345703 0.1297125369310379 0.707249104976654 0.37810221314430237 -0.09940467774868011 0.9204115867614746 9.545592308044434 0.0 0.0 0.0 1.0
-0.7780025005340576 0.519054651260376 0.35396942496299744 -0.7900596857070923 -0.512823760509491 -0.8501396179199219 0.11947567760944366 0.6957827210426331 0.3629378378391266 -0.08857156336307526 0.9275943040847778 9.5556058883667 0.0 0.0 0.0 1.0
-0.8116716146469116 0.48039817810058594 0.3322751820087433 -0.8333955407142639 -0.4742950201034546 -0.8740675449371338 0.1051197350025177 0.6806603670120239 0.3409302830696106 -0.07227375358343124 0.93730628490448 9.529322624206543 0.0 0.0 0.0 1.0
-0.838076651096344 0.4486216604709625 0.3104289472103119 -0.8921849131584167 -0.44311094284057617 -0.8916956782341003 0.09236603230237961 0.6738396883010864 0.3182455599308014 -0.06014464050531387 0.9460985064506531 9.452964782714844 0.0 0.0 0.0 1.0
-0.9401180148124695 0.27548325061798096 0.20071648061275482 -0.8793560862541199 -0.27299997210502625 -0.9611606597900391 0.04051222279667854 0.7229556441307068 0.2040812224149704 -0.016709323972463608 0.9788113236427307 9.409375190734863 0.0 0.0 0.0 1.0
-0.9507414698600769 0.2521844208240509 0.18025997281074524 -0.8933377861976624 -0.24998953938484192 -0.9676094055175781 0.035174719989299774 0.7214251756668091 0.18329176306724548 -0.011621043086051941 0.9829898476600647 9.431707382202148 0.0 0.0 0.0 1.0
-0.9576491713523865 0.23518796265125275 0.16611632704734802 -0.9054321646690369 -0.23299340903759003 -0.9719229936599731 0.03286030516028404 0.7300073504447937 0.16918063163757324 -0.007235365454107523 0.9855585098266602 9.37268352508545 0.0 0.0 0.0 1.0
-0.9643643498420715 0.2169257253408432 0.1514749825000763 -0.9233602285385132 -0.21503089368343353 -0.9761771559715271 0.028980404138565063 0.7161353230476379 0.1541530191898346 -0.004624133929610252 0.9880361557006836 9.372038841247559 0.0 0.0 0.0 1.0
-0.9729177951812744 0.1897542029619217 0.13200117647647858 -0.9503530859947205 -0.18859931826591492 -0.9818227887153625 0.021313220262527466 0.686882734298706 0.13364604115486145 -0.004159318748861551 0.9910203814506531 9.295507431030273 0.0 0.0 0.0 1.0
-0.9995851516723633 0.016211559996008873 0.023806536570191383 -0.9868978261947632 -0.0159784983843565 -0.9998228549957275 0.009947659447789192 0.6392679810523987 0.02396358735859394 0.009563139639794827 0.9996671080589294 9.269975662231445 0.0 0.0 0.0 1.0
-0.9999476671218872 -0.005989180877804756 0.008293486200273037 -0.9826193451881409 0.006072890479117632 -0.9999305009841919 0.010105309076607227 0.6481078863143921 0.008232386782765388 0.010155145078897476 0.9999145269393921 9.295395851135254 0.0 0.0 0.0 1.0
-0.9994109869003296 -0.032860781997442245 -0.009892898611724377 -0.9692237377166748 0.03274129331111908 -0.9993917346000671 0.012007167562842369 0.7120445966720581 -0.01028144545853138 0.011676188558340073 0.9998789429664612 9.310800552368164 0.0 0.0 0.0 1.0
-0.9984157085418701 -0.051488328725099564 -0.022694088518619537 -0.9546401500701904 0.05117747560143471 -0.9985904097557068 0.014072076417505741 0.7670649886131287 -0.023386646062135696 0.012888356111943722 0.9996433854103088 9.329495429992676 0.0 0.0 0.0 1.0
-0.9968382120132446 -0.07022396475076675 -0.037178050726652145 -0.9540024995803833 0.069626085460186 -0.99742591381073 0.017140910029411316 0.8162528276443481 -0.03828605264425278 0.01449815183877945 0.9991616606712341 9.389837265014648 0.0 0.0 0.0 1.0
-0.9501755237579346 -0.26440730690956116 -0.16509155929088593 -0.9131118655204773 0.26160961389541626 -0.9643908143043518 0.03886881098151207 0.9042978286743164 -0.16948997974395752 -0.00625734543427825 0.9855120182037354 9.3539400100708 0.0 0.0 0.0 1.0
-0.9405001401901245 -0.2857857644557953 -0.18380975723266602 -0.9265910387039185 0.28253233432769775 -0.9582377672195435 0.04422523453831673 0.9011051058769226 -0.18877239525318146 -0.010338363237679005 0.9819664359092712 9.368233680725098 0.0 0.0 0.0 1.0
-0.9320588707923889 -0.303180068731308 -0.19836366176605225 -0.8961591124534607 0.2999504506587982 -0.9528021812438965 0.04687941074371338 0.8752279877662659 -0.20321422815322876 -0.015804896131157875 0.9790067076683044 9.34268569946289 0.0 0.0 0.0 1.0
-0.9217904806137085 -0.32226985692977905 -0.2155098170042038 -0.8029811382293701 0.31902316212654114 -0.946391224861145 0.05067446082830429 0.8273161053657532 -0.22028744220733643 -0.02204139158129692 0.9751859307289124 9.274502754211426 0.0 0.0 0.0 1.0
-0.9140916466712952 -0.3342660963535309 -0.22957047820091248 -0.7519505620002747 0.3304516673088074 -0.942156970500946 0.05605262890458107 0.8049402832984924 -0.23502792418003082 -0.02462470531463623 0.9716766476631165 9.267862319946289 0.0 0.0 0.0 1.0
-0.8315666913986206 -0.45377424359321594 -0.32029008865356445 -0.4096156358718872 0.44462642073631287 -0.88945072889328 0.10575823485851288 0.5423335433006287 -0.332872599363327 -0.05446439981460571 0.9413976073265076 8.95224666595459 0.0 0.0 0.0 1.0
-0.8112377524375916 -0.48717182874679565 -0.323352575302124 -0.15070249140262604 0.47911930084228516 -0.8708314299583435 0.10998785495758057 0.4656282067298889 -0.3351685702800751 -0.06569816172122955 0.9398647546768188 8.843552589416504 0.0 0.0 0.0 1.0
-0.7944687008857727 -0.5110258460044861 -0.3281342685222626 0.023098161444067955 0.5036481022834778 -0.8563275933265686 0.1141999140381813 0.4310837388038635 -0.33934953808784485 -0.07453594356775284 0.9377026557922363 8.756656646728516 0.0 0.0 0.0 1.0
-0.7702614665031433 -0.5383483171463013 -0.34187471866607666 0.16978169977664948 0.5306801199913025 -0.838373601436615 0.124532550573349 0.42209768295288086 -0.35366061329841614 -0.08550349622964859 0.9314576387405396 8.710721969604492 0.0 0.0 0.0 1.0
-0.7505689263343811 -0.5561169981956482 -0.35690364241600037 0.19452840089797974 0.547753095626831 -0.8257259726524353 0.1346968710422516 0.4178750216960907 -0.36961179971694946 -0.09439577907323837 0.9243789911270142 8.7086820602417 0.0 0.0 0.0 1.0
-0.635495126247406 -0.6394189596176147 -0.43276944756507874 0.27596503496170044 0.6201996207237244 -0.7565978765487671 0.20715229213237762 0.453335702419281 -0.4598895311355591 -0.1367591768503189 0.8773816227912903 8.652576446533203 0.0 0.0 0.0 1.0
-0.5931199193000793 -0.6650215983390808 -0.4538227319717407 0.27598637342453003 0.6447985768318176 -0.7299062013626099 0.22687384486198425 0.4654678404331207 -0.4821240305900574 -0.15806086361408234 0.8617268800735474 8.607550621032715 0.0 0.0 0.0 1.0
-0.5534425377845764 -0.6860462427139282 -0.4722731411457062 0.21657314896583557 0.6643999814987183 -0.705595076084137 0.24639053642749786 0.5084020495414734 -0.50226891040802 -0.17741525173187256 0.8463154435157776 8.639155387878418 0.0 0.0 0.0 1.0
-0.509700357913971 -0.7073008418083191 -0.48982757329940796 0.18889960646629333 0.6846505999565125 -0.6782346963882446 0.2669292986392975 0.5037835836410522 -0.5210173726081848 -0.19930678606033325 0.8299503922462463 8.641173362731934 0.0 0.0 0.0 1.0
-0.447399377822876 -0.730094313621521 -0.5165230631828308 0.1489853709936142 0.7062947750091553 -0.642734169960022 0.2967161238193512 0.45502161979675293 -0.5486177802085876 -0.23206692934036255 0.8032206892967224 8.753397941589355 0.0 0.0 0.0 1.0
-0.22300247848033905 -0.7925500273704529 -0.5675687789916992 0.09532715380191803 0.7454784512519836 -0.513808012008667 0.4245741069316864 0.6504766345024109 -0.6281176209449768 -0.3284292221069336 0.7054094672203064 8.919540405273438 0.0 0.0 0.0 1.0
-0.20269523561000824 -0.7935783267021179 -0.5737142562866211 0.023947972804307938 0.7433204650878906 -0.5060948133468628 0.43742743134498596 0.6078972220420837 -0.6374867558479309 -0.3377890884876251 0.6924660205841064 8.958196640014648 0.0 0.0 0.0 1.0
-0.1887437403202057 -0.7979252338409424 -0.5724431276321411 0.1157456487417221 0.745968759059906 -0.495606392621994 0.44486498832702637 0.6038511395454407 -0.6386755108833313 -0.343059241771698 0.6887699365615845 8.802389144897461 0.0 0.0 0.0 1.0
-0.1815192550420761 -0.7999411225318909 -0.5719659328460693 0.23681040108203888 0.749546468257904 -0.4890521764755249 0.44610321521759033 0.6015806794166565 -0.6365774869918823 -0.34773868322372437 0.6883653998374939 8.794877052307129 0.0 0.0 0.0 1.0
-0.17454390227794647 -0.8016834259033203 -0.5716975927352905 0.3592621982097626 0.7529963254928589 -0.48278987407684326 0.4471135437488556 0.5752773284912109 -0.634453296661377 -0.35244521498680115 0.6879326701164246 8.809566497802734 0.0 0.0 0.0 1.0
0.06765783578157425 -0.8105064630508423 -0.5818089842796326 0.13879437744617462 0.7675563097000122 -0.3302667438983917 0.5493462085723877 0.9720808863639832 -0.6374008059501648 -0.4837386906147003 0.5997642278671265 9.261940956115723 0.0 0.0 0.0 1.0
0.1012096256017685 -0.8070761561393738 -0.5817084312438965 0.12178445607423782 0.765537440776825 -0.31025242805480957 0.5636451244354248 1.0334937572479248 -0.6353809833526611 -0.5023658871650696 0.5864465236663818 9.289970397949219 0.0 0.0 0.0 1.0
0.13037662208080292 -0.8033130168914795 -0.5811111330986023 0.11764615029096603 0.7633656859397888 -0.2926783561706543 0.5758578181266785 1.068029761314392 -0.6326727271080017 -0.5186786651611328 0.575063169002533 9.3810453414917 0.0 0.0 0.0 1.0
0.1644660085439682 -0.7972086071968079 -0.5808694958686829 0.12076818943023682 0.7595101594924927 -0.2733893096446991 0.5902563333511353 1.0900194644927979 -0.6293609738349915 -0.5382534265518188 0.5605248212814331 9.419059753417969 0.0 0.0 0.0 1.0
0.1878826916217804 -0.7933712601661682 -0.579018235206604 0.11742731928825378 0.7551047205924988 -0.26031750440597534 0.6017073392868042 1.0918973684310913 -0.628105878829956 -0.5502697825431824 0.5501692295074463 9.481578826904297 0.0 0.0 0.0 1.0
0.3865697681903839 -0.7531334757804871 -0.5323098301887512 -0.3496902883052826 0.6834999322891235 -0.15355192124843597 0.7136173248291016 1.0778754949569702 -0.619186282157898 -0.6396965980529785 0.45540815591812134 9.499796867370605 0.0 0.0 0.0 1.0
0.4150989353656769 -0.7456244826316833 -0.5212839841842651 -0.3294237554073334 0.6738260984420776 -0.13300926983356476 0.7268196940422058 1.1095349788665771 -0.6112701892852783 -0.6529568433761597 0.4472092390060425 9.601980209350586 0.0 0.0 0.0 1.0
0.43435990810394287 -0.739478588104248 -0.5142983794212341 -0.3136223256587982 0.6664806008338928 -0.12023262679576874 0.7357633709907532 1.1318811178207397 -0.6059167385101318 -0.6623560190200806 0.4406239092350006 9.545222282409668 0.0 0.0 0.0 1.0
0.4622170329093933 -0.7305853366851807 -0.5025937557220459 -0.3190661370754242 0.6535925269126892 -0.10236889123916626 0.7498915791511536 1.1974111795425415 -0.5993097424507141 -0.6751042008399963 0.43018847703933716 9.508597373962402 0.0 0.0 0.0 1.0
0.48812490701675415 -0.7203289270401001 -0.49280864000320435 -0.3470276892185211 0.6426553130149841 -0.08540385216474533 0.7613805532455444 1.2448111772537231 -0.5905321836471558 -0.6883549094200134 0.42123544216156006 9.518566131591797 0.0 0.0 0.0 1.0
0.6919023394584656 -0.6057263612747192 -0.39289525151252747 -0.8334684371948242 0.5103467702865601 0.02539071999490261 0.8595938086509705 1.2947341203689575 -0.5107027292251587 -0.7952677607536316 0.3266984224319458 9.855023384094238 0.0 0.0 0.0 1.0
0.7198260426521301 -0.5848108530044556 -0.3739609122276306 -0.854001522064209 0.48643407225608826 0.040637802332639694 0.872771680355072 1.3008042573928833 -0.49520939588546753 -0.8101511597633362 0.3137240707874298 9.864339828491211 0.0 0.0 0.0 1.0
0.7390848398208618 -0.5701231360435486 -0.3587661683559418 -0.8706785440444946 0.4680021405220032 0.051535144448280334 0.88222336769104 1.305137276649475 -0.4844869375228882 -0.8199412822723389 0.3049077093601227 9.848731994628906 0.0 0.0 0.0 1.0
0.7565413117408752 -0.5555964708328247 -0.3449026346206665 -0.8696389198303223 0.4511382281780243 0.06160810589790344 0.8903250694274902 1.2982995510101318 -0.4734126627445221 -0.8291664719581604 0.2972598969936371 9.844569206237793 0.0 0.0 0.0 1.0
0.7777479290962219 -0.5371589064598083 -0.3264482617378235 -0.8463361263275146 0.4286905825138092 0.0734599232673645 0.900459885597229 1.3079196214675903 -0.45970916748046875 -0.8402761220932007 0.2874082624912262 9.881193161010742 0.0 0.0 0.0 1.0
0.8814834356307983 -0.41481953859329224 -0.22563621401786804 -0.587083101272583 0.30694445967674255 0.14021937549114227 0.9413414001464844 1.2384690046310425 -0.3588482439517975 -0.8990346193313599 0.2509276270866394 10.049182891845703 0.0 0.0 0.0 1.0
0.8937567472457886 -0.3963332772254944 -0.21004486083984375 -0.596720814704895 0.287903368473053 0.1477893888950348 0.9461870789527893 1.2314108610153198 -0.34396299719810486 -0.9061336517333984 0.24619343876838684 10.021259307861328 0.0 0.0 0.0 1.0
0.9089060425758362 -0.3720971643924713 -0.18823781609535217 -0.6254609823226929 0.26146548986434937 0.1568780541419983 0.9523786306381226 1.2249627113342285 -0.324847012758255 -0.9148404002189636 0.23987796902656555 9.989786148071289 0.0 0.0 0.0 1.0
0.9202100038528442 -0.35233449935913086 -0.17051075398921967 -0.675890326499939 0.2396783083677292 0.16279254853725433 0.9571065306663513 1.217302918434143 -0.309463769197464 -0.921606719493866 0.2342502772808075 11.025074005126953 0.0 0.0 0.0 1.0
0.9320757389068604 -0.330920934677124 -0.14739778637886047 -0.7474130988121033 0.21164269745349884 0.16720645129680634 0.9629378914833069 1.2081845998764038 -0.2940104603767395 -0.9287267327308655 0.22588609158992767 10.508081436157227 0.0 0.0 0.0 1.0
0.9936211705207825 -0.10816658288240433 0.031889792531728745 -1.4965500831604004 -0.009365756064653397 0.20265626907348633 0.9792051315307617 1.1809792518615723 -0.11237993836402893 -0.9732576608657837 0.20035049319267273 10.503824234008789 0.0 0.0 0.0 1.0
0.9956662058830261 -0.07635723799467087 0.05308788642287254 -1.6001110076904297 -0.035637546330690384 0.21399953961372375 0.9761834740638733 1.1487258672714233 -0.0858994573354721 -0.9738448262214661 0.21035093069076538 10.199235916137695 0.0 0.0 0.0 1.0
0.9954813718795776 -0.05829332768917084 0.07495790719985962 -1.6669288873672485 -0.0615963414311409 0.20435644686222076 0.9769566655158997 1.1028473377227783 -0.07226818799972534 -0.977159321308136 0.19984237849712372 10.531257629394531 0.0 0.0 0.0 1.0
0.9944481253623962 -0.03174725919961929 0.1003248542547226 -1.686293363571167 -0.09175968170166016 0.20506152510643005 0.9744382500648499 1.0373462438583374 -0.05150851234793663 -0.978234052658081 0.20100992918014526 10.416560173034668 0.0 0.0 0.0 1.0
0.9930007457733154 -0.013793044723570347 0.11729986220598221 -1.6446410417556763 -0.11199823766946793 0.2053273469209671 0.9722638726234436 0.9882716536521912 -0.03749534860253334 -0.9785961508750916 0.20234541594982147 10.375500679016113 0.0 0.0 0.0 1.0
0.9690688848495483 0.10002617537975311 0.2256108671426773 -1.285178303718567 -0.24303725361824036 0.22797203063964844 0.9428476095199585 1.0589410066604614 0.0428764745593071 -0.9685161709785461 0.24523068964481354 9.954219818115234 0.0 0.0 0.0 1.0
0.9613491892814636 0.11869650334119797 0.2484329491853714 -1.2971298694610596 -0.2699619233608246 0.22901692986488342 0.9352388978004456 1.0852333307266235 0.054114241153001785 -0.9661585688591003 0.25220876932144165 9.84213924407959 0.0 0.0 0.0 1.0
0.9561032652854919 0.13214217126369476 0.2615433931350708 -1.25818932056427 -0.28616398572921753 0.22897456586360931 0.9304196834564209 1.0894466638565063 0.06306088715791702 -0.9644216299057007 0.25673767924308777 9.813858985900879 0.0 0.0 0.0 1.0
0.9485068321228027 0.15149548649787903 0.2781796157360077 -1.1687376499176025 -0.30734983086586 0.22773700952529907 0.9239436984062195 1.093824863433838 0.07662151008844376 -0.9618653655052185 0.2625722289085388 9.771921157836914 0.0 0.0 0.0 1.0
0.9424890875816345 0.16933880746364594 0.2881644070148468 -1.0641107559204102 -0.32163649797439575 0.22500814497470856 0.9197397828102112 1.1172966957092285 0.09090829640626907 -0.959528923034668 0.2665332555770874 9.791032791137695 0.0 0.0 0.0 1.0
0.848328173160553 0.32755815982818604 0.4159867465496063 -1.2847610712051392 -0.4885023832321167 0.18117965757846832 0.8535451889038086 1.3786847591400146 0.204217329621315 -0.9272969365119934 0.3137127459049225 9.998641967773438 0.0 0.0 0.0 1.0
0.8335853219032288 0.349263995885849 0.42796045541763306 -1.1567962169647217 -0.5052325129508972 0.16883763670921326 0.8463060259819031 1.4016634225845337 0.22332841157913208 -0.9216878414154053 0.3172001242637634 10.008316993713379 0.0 0.0 0.0 1.0
0.8261169791221619 0.36318185925483704 0.4308476448059082 -0.9716972708702087 -0.512071430683136 0.16472962498664856 0.8429988026618958 1.4223122596740723 0.23518851399421692 -0.9170404076576233 0.3220609724521637 9.9425048828125 0.0 0.0 0.0 1.0
0.814714252948761 0.3779006600379944 0.43980875611305237 -0.8701340556144714 -0.5246103405952454 0.15724128484725952 0.8366953730583191 1.4256516695022583 0.24703164398670197 -0.9123958945274353 0.32635733485221863 9.955718994140625 0.0 0.0 0.0 1.0
0.7963296175003052 0.39672476053237915 0.4565836489200592 -0.8209795355796814 -0.5456060767173767 0.14529059827327728 0.8253512382507324 1.447226881980896 0.2610999643802643 -0.9063664078712463 0.33215466141700745 10.015362739562988 0.0 0.0 0.0 1.0
0.7405713200569153 0.44959571957588196 0.4994174838066101 -0.14186474680900574 -0.5988829731941223 0.10450176149606705 0.7939890623092651 1.158989429473877 0.30478405952453613 -0.8870981335639954 0.3466462194919586 9.926961898803711 0.0 0.0 0.0 1.0
0.730848491191864 0.45671597123146057 0.5072188973426819 -0.10000227391719818 -0.6081936359405518 0.09849516302347183 0.7876542210578918 1.1447513103485107 0.3097756505012512 -0.8841432332992554 0.34975680708885193 9.939946174621582 0.0 0.0 0.0 1.0
0.714857280254364 0.4687223434448242 0.5189204216003418 -0.10457130521535873 -0.6226993203163147 0.08906083554029465 0.7773761749267578 1.147618055343628 0.3181580901145935 -0.8788444399833679 0.35553887486457825 9.925816535949707 0.0 0.0 0.0 1.0
0.7051525115966797 0.4771036207675934 0.5245303511619568 -0.09922254830598831 -0.6297608017921448 0.08148306608200073 0.7725036144256592 1.1479120254516602 0.32582393288612366 -0.8750615119934082 0.3579191565513611 9.922046661376953 0.0 0.0 0.0 1.0
0.6987488269805908 0.48459550738334656 0.5262292623519897 -0.04894113168120384 -0.6322451233863831 0.07418110966682434 0.7712089419364929 1.1394617557525635 0.33468812704086304 -0.8715872764587402 0.35821712017059326 9.918248176574707 0.0 0.0 0.0 1.0
0.6824730634689331 0.502378523349762 0.530892014503479 0.1647646278142929 -0.6386799812316895 0.05670170485973358 0.7673804759979248 1.1353791952133179 0.35541296005249023 -0.8627866506576538 0.3595564663410187 9.837581634521484 0.0 0.0 0.0 1.0
0.6842986941337585 0.5017951726913452 0.5290906429290771 0.19432194530963898 -0.6361470818519592 0.0561327189207077 0.7695232033729553 1.1229933500289917 0.35644373297691345 -0.8631632328033447 0.35762709379196167 9.84050464630127 0.0 0.0 0.0 1.0