-0.9913268089294434 0.09016796946525574 0.09560828655958176 0.15909655392169952 -0.09520214796066284 -0.9942284226417542 -0.0494610071182251 2.1396002769470215 0.09059667587280273 -0.058134134858846664 0.994189441204071 9.82419204711914 0.0 0.0 0.0 1.0
-0.9909994602203369 0.09113776683807373 0.09805067628622055 0.18678632378578186 -0.09642975777387619 -0.9940502047538757 -0.05065056309103966 2.1377673149108887 0.09285110980272293 -0.05964968726038933 0.9938916563987732 9.847777366638184 0.0 0.0 0.0 1.0
-0.9906094074249268 0.09209049493074417 0.10105638951063156 0.22027258574962616 -0.0976087898015976 -0.9939129948616028 -0.051082793623209 2.139737606048584 0.095737025141716 -0.06046708673238754 0.9935684204101562 9.864502906799316 0.0 0.0 0.0 1.0
-0.9860919713973999 0.10155682265758514 0.1315631866455078 0.5054379105567932 -0.1091649979352951 -0.99266517162323 -0.05195075273513794 2.086853504180908 0.12532223761081696 -0.06559031456708908 0.9899455904960632 9.92798137664795 0.0 0.0 0.0 1.0
-0.9805845022201538 0.11119352281093597 0.16152423620224 0.6942896246910095 -0.12138649076223373 -0.9911002516746521 -0.05464056879281998 1.9887171983718872 0.15401104092597961 -0.07318655401468277 0.9853549003601074 9.987217903137207 0.0 0.0 0.0 1.0
-0.887832760810852 0.26574909687042236 0.3756733238697052 1.2586311101913452 -0.2940940260887146 -0.9555864334106445 -0.019059322774410248 1.7011427879333496 0.35392335057258606 -0.12740476429462433 0.9265561699867249 9.676783561706543 0.0 0.0 0.0 1.0
-0.8312568068504333 0.3288504183292389 0.44818466901779175 1.9228655099868774 -0.3601613938808441 -0.9327459931373596 0.01639343425631523 1.7436178922653198 0.42343345284461975 -0.14779165387153625 0.8937906622886658 9.56318187713623 0.0 0.0 0.0 1.0
-0.7434297800064087 0.4149327874183655 0.5245407223701477 2.620448589324951 -0.4397730827331543 -0.8941687941551208 0.08403453230857849 1.470989465713501 0.5038966536521912 -0.168205127120018 0.847227931022644 9.017134666442871 0.0 0.0 0.0 1.0
-0.7348228096961975 0.41129159927368164 0.5393279790878296 2.1734426021575928 -0.4420749247074127 -0.8934875130653381 0.07905608415603638 1.1812726259231567 0.5143978595733643 -0.18033114075660706 0.8383767008781433 8.995687484741211 0.0 0.0 0.0 1.0
-0.7235286831855774 0.42488905787467957 0.544036328792572 1.7368710041046143 -0.45344793796539307 -0.8867762684822083 0.08951417356729507 1.1861228942871094 0.5204721093177795 -0.18192608654499054 0.8342731595039368 8.805816650390625 0.0 0.0 0.0 1.0
-0.5798173546791077 0.45661619305610657 0.6747691631317139 1.3557982444763184 -0.4630015790462494 -0.8661331534385681 0.1882629543542862 1.2306780815124512 0.6704038381576538 -0.20326107740402222 0.7136130332946777 8.530120849609375 0.0 0.0 0.0 1.0
-0.546518862247467 0.45592623949050903 0.7024587988853455 1.428017020225525 -0.46576955914497375 -0.8625882863998413 0.1974845975637436 1.1292275190353394 0.6959711313247681 -0.21925486624240875 0.6837773323059082 8.659310340881348 0.0 0.0 0.0 1.0
-0.48941096663475037 0.47269001603126526 0.732830822467804 1.564884901046753 -0.4931282103061676 -0.8431012034416199 0.21448765695095062 0.9996764063835144 0.7192367315292358 -0.2564069330692291 0.6457197666168213 8.786762237548828 0.0 0.0 0.0 1.0
-0.4434264302253723 0.48360398411750793 0.7546523809432983 1.6430413722991943 -0.5064883232116699 -0.8298376798629761 0.2341773509979248 1.0377240180969238 0.7394880652427673 -0.27838218212127686 0.6129117012023926 8.884117126464844 0.0 0.0 0.0 1.0
-0.4118245244026184 0.49566930532455444 0.7646649479866028 1.5553512573242188 -0.5233782529830933 -0.8155774474143982 0.2467965930700302 1.0642329454421997 0.7459729909896851 -0.2985721528530121 0.5952973365783691 9.005337715148926 0.0 0.0 0.0 1.0
-0.2546251714229584 0.5334575176239014 0.8065910339355469 0.2992376983165741 -0.5529648065567017 -0.7645860910415649 0.33111631870269775 1.357213020324707 0.7933447957038879 -0.3617058992385864 0.48966607451438904 9.131370544433594 0.0 0.0 0.0 1.0
-0.19930461049079895 0.5490466356277466 0.8116806149482727 0.4983465373516083 -0.5576638579368591 -0.7446423768997192 0.366767942905426 1.3727169036865234 0.8057845234870911 -0.3795464336872101 0.4545941650867462 9.072948455810547 0.0 0.0 0.0 1.0
-0.14598555862903595 0.5552139282226562 0.8187952637672424 0.6566915512084961 -0.5653415322303772 -0.7260228395462036 0.39150965213775635 1.1915371417999268 0.8118357062339783 -0.4057442247867584 0.4198743402957916 8.924628257751465 0.0 0.0 0.0 1.0
-0.12128963321447372 0.5613549947738647 0.8186387419700623 0.5884849429130554 -0.5487865209579468 -0.7251425385475159 0.4159347116947174 1.163710117340088 0.8271167874336243 -0.3988093435764313 0.39601632952690125 8.77032470703125 0.0 0.0 0.0 1.0
-0.1009456217288971 0.5629507303237915 0.8203026652336121 0.45290815830230713 -0.5610548853874207 -0.7131109833717346 0.4203452467918396 1.035029649734497 0.8216005563735962 -0.4178027808666229 0.3878316879272461 8.693108558654785 0.0 0.0 0.0 1.0
0.19901934266090393 0.5345359444618225 0.8213784694671631 0.4278385043144226 -0.5319609045982361 -0.6449899673461914 0.548639714717865 0.7769019603729248 0.8230485320091248 -0.5461311936378479 0.1559867560863495 9.194831848144531 0.0 0.0 0.0 1.0
0.24006617069244385 0.5303655862808228 0.8130686283111572 0.316547155380249 -0.5291213393211365 -0.6307196617126465 0.5676472187042236 0.9406024813652039 0.8138788938522339 -0.5664848685264587 0.12921330332756042 9.3524751663208 0.0 0.0 0.0 1.0
0.2926255166530609 0.5168668031692505 0.8044992685317993 0.26902544498443604 -0.5285196304321289 -0.6137135624885559 0.5865343809127808 1.1246483325958252 0.7968922853469849 -0.5968285799026489 0.09358599036931992 9.709067344665527 0.0 0.0 0.0 1.0
0.3294595181941986 0.5084255933761597 0.7955877184867859 0.3373115062713623 -0.5318647027015686 -0.5962804555892944 0.6013065576553345 1.2837653160095215 0.7801130414009094 -0.6212512254714966 0.07396335899829865 9.877907752990723 0.0 0.0 0.0 1.0
0.3556877672672272 0.5043986439704895 0.7868089079856873 0.33776959776878357 -0.527190625667572 -0.5868622064590454 0.6145427823066711 1.3935589790344238 0.7717229127883911 -0.6333836317062378 0.05717453360557556 9.978073120117188 0.0 0.0 0.0 1.0
0.5211256146430969 0.4798352122306824 0.7058231234550476 0.14244116842746735 -0.4835778772830963 -0.5154377222061157 0.7074435353279114 1.3005855083465576 0.7032641768455505 -0.7099874019622803 -0.036570098251104355 9.678974151611328 0.0 0.0 0.0 1.0
0.5524526238441467 0.4745197892189026 0.6852933764457703 0.2901681363582611 -0.466949999332428 -0.5048477053642273 0.7260072231292725 1.2667431831359863 0.6904736161231995 -0.7210823893547058 -0.05732744187116623 9.695805549621582 0.0 0.0 0.0 1.0
0.5754896998405457 0.47314944863319397 0.6670390963554382 0.3190446197986603 -0.44562849402427673 -0.5024852156639099 0.7408939599990845 1.0769283771514893 0.6857308745384216 -0.7236284613609314 -0.07832621037960052 9.717044830322266 0.0 0.0 0.0 1.0
0.5936644077301025 0.4704125225543976 0.65289705991745 0.33861199021339417 -0.4313458800315857 -0.49891483783721924 0.7516812682151794 0.9800044894218445 0.6793403029441833 -0.7278708815574646 -0.09327748417854309 9.749776840209961 0.0 0.0 0.0 1.0
0.6189281344413757 0.4615848958492279 0.6355056166648865 0.3862950801849365 -0.41696080565452576 -0.4925938844680786 0.7638684511184692 0.9357540011405945 0.6656363010406494 -0.7377605438232422 -0.11241739988327026 9.780170440673828 0.0 0.0 0.0 1.0
0.8289577960968018 0.3342962861061096 0.4484138488769531 0.5849951505661011 -0.28701838850975037 -0.43385979533195496 0.8540410399436951 1.5973092317581177 0.4800514876842499 -0.836667001247406 -0.26370227336883545 10.011672019958496 0.0 0.0 0.0 1.0
0.8498815298080444 0.3136158287525177 0.4234931468963623 0.4380217492580414 -0.2708509564399719 -0.42939895391464233 0.8615429401397705 1.7122836112976074 0.45204102993011475 -0.8469129800796509 -0.2799951136112213 10.153039932250977 0.0 0.0 0.0 1.0
0.8720588684082031 0.2890838384628296 0.39489734172821045 0.25108110904693604 -0.25248199701309204 -0.4254811704158783 0.86903315782547 1.768578052520752 0.41924482583999634 -0.8575525283813477 -0.29805615544319153 10.386504173278809 0.0 0.0 0.0 1.0
0.8855516910552979 0.2657921314239502 0.38098910450935364 0.13699275255203247 -0.24699249863624573 -0.4252122640609741 0.8707406520843506 1.6898291110992432 0.3934372365474701 -0.8651872873306274 -0.3108987808227539 10.563697814941406 0.0 0.0 0.0 1.0
0.8945915102958679 0.2513771057128906 0.3694802224636078 -0.0966673195362091 -0.2383127361536026 -0.43106362223625183 0.8702822327613831 1.5463284254074097 0.37803852558135986 -0.866598904132843 -0.3257194757461548 10.702482223510742 0.0 0.0 0.0 1.0
0.9686704874038696 0.1341058611869812 0.20902901887893677 -0.1801982969045639 -0.14792120456695557 -0.36453935503959656 0.9193640947341919 1.5284512042999268 0.19949141144752502 -0.9214807152748108 -0.33328142762184143 9.864471435546875 0.0 0.0 0.0 1.0
0.9808850288391113 0.1155444085597992 0.1565694808959961 0.07602601498365402 -0.10762316733598709 -0.3482137620449066 0.9312166571617126 1.4912153482437134 0.16211652755737305 -0.9302669763565063 -0.329122394323349 9.690898895263672 0.0 0.0 0.0 1.0
0.9872775077819824 0.09522929787635803 0.12733598053455353 0.1501094549894333 -0.08754342049360275 -0.3429810404777527 0.9352540373802185 1.4464032649993896 0.1327374130487442 -0.9345027208328247 -0.33028078079223633 9.585343360900879 0.0 0.0 0.0 1.0
0.992081344127655 0.07375480234622955 0.1016605943441391 0.1193961352109909 -0.07017116248607635 -0.3458174467086792 0.935674250125885 1.3219350576400757 0.10416647791862488 -0.9353985786437988 -0.33790355920791626 9.523588180541992 0.0 0.0 0.0 1.0
0.9961495995521545 0.05608195811510086 0.06738533824682236 0.05592640861868858 -0.04395906627178192 -0.34550148248672485 0.937388002872467 1.2632383108139038 0.07585228979587555 -0.9367409348487854 -0.341705858707428 9.531189918518066 0.0 0.0 0.0 1.0
0.9463472366333008 -0.22030000388622284 -0.2364208996295929 0.4526441991329193 0.1501803696155548 -0.34797972440719604 0.9253950119018555 1.4298179149627686 -0.2861342132091522 -0.9112507700920105 -0.2962249219417572 10.472062110900879 0.0 0.0 0.0 1.0
0.9287112951278687 -0.25504839420318604 -0.26915737986564636 0.29224517941474915 0.1710391640663147 -0.34938883781433105 0.9212345480918884 1.5928900241851807 -0.32899996638298035 -0.9015973210334778 -0.2808580994606018 10.448394775390625 0.0 0.0 0.0 1.0
0.9160279631614685 -0.2788486182689667 -0.2883334755897522 0.09572946280241013 0.18202300369739532 -0.3515758514404297 0.9182929992675781 1.6073800325393677 -0.35743582248687744 -0.8936654329299927 -0.2712964415550232 10.358729362487793 0.0 0.0 0.0 1.0
0.9024025797843933 -0.30270445346832275 -0.3066587746143341 -0.14075197279453278 0.18825556337833405 -0.36319953203201294 0.9124943614006042 1.4524558782577515 -0.38759443163871765 -0.881167471408844 -0.27076640725135803 10.195894241333008 0.0 0.0 0.0 1.0
0.8767917156219482 -0.33602795004844666 -0.34397897124290466 -0.2813914716243744 0.2115676999092102 -0.37280604243278503 0.9034681916236877 1.3766165971755981 -0.43182802200317383 -0.8649282455444336 -0.25578057765960693 10.001084327697754 0.0 0.0 0.0 1.0
0.7176244258880615 -0.4739725887775421 -0.5102598667144775 0.18937520682811737 0.3532145917415619 -0.383748322725296 0.8532155156135559 1.2170435190200806 -0.6002121567726135 -0.7925195097923279 -0.1079731360077858 8.986825942993164 0.0 0.0 0.0 1.0
0.6895483732223511 -0.49015945196151733 -0.533166766166687 -0.004976424388587475 0.375809907913208 -0.3871445953845978 0.8419536352157593 1.3233890533447266 -0.6191041469573975 -0.780937135219574 -0.08274813741445541 8.830121040344238 0.0 0.0 0.0 1.0
0.6576721668243408 -0.49748116731643677 -0.5656675696372986 -0.11035491526126862 0.40347519516944885 -0.40149515867233276 0.8221979141235352 1.3010436296463013 -0.636140763759613 -0.7689695358276367 -0.06333088874816895 8.729461669921875 0.0 0.0 0.0 1.0
0.6473708152770996 -0.48910197615623474 -0.5845428109169006 -0.5739463567733765 0.40983259677886963 -0.4232454299926758 0.8080226182937622 1.1383053064346313 -0.6426105499267578 -0.7626549601554871 -0.07354679703712463 8.813565254211426 0.0 0.0 0.0 1.0
0.6115463972091675 -0.48196864128112793 -0.6274688839912415 -0.7297317981719971 0.4445112943649292 -0.44677260518074036 0.7764045000076294 1.1275012493133545 -0.6545385718345642 -0.7537243962287903 -0.05898165702819824 9.143930435180664 0.0 0.0 0.0 1.0
0.5156368613243103 -0.49040931463241577 -0.7025790214538574 -0.9377963542938232 0.47903886437416077 -0.5148518681526184 0.7109495997428894 0.9612343907356262 -0.7103804349899292 -0.7031545042991638 -0.030551476404070854 9.892796516418457 0.0 0.0 0.0 1.0
0.514647901058197 -0.512738823890686 -0.6871946454048157 -1.2833061218261719 0.46532928943634033 -0.5061467289924622 0.7261433601379395 1.5422210693359375 -0.72014319896698 -0.6934798955917358 -0.021894924342632294 10.095848083496094 0.0 0.0 0.0 1.0
0.4956103563308716 -0.531951904296875 -0.6865839958190918 -1.2202575206756592 0.4645746350288391 -0.505548894405365 0.7270424365997314 1.9408904314041138 -0.7338533997535706 -0.6792992949485779 -0.0034239080268889666 10.322785377502441 0.0 0.0 0.0 1.0
0.47854286432266235 -0.5460878610610962 -0.6875935196876526 -1.0561285018920898 0.46146461367607117 -0.5098037123680115 0.726051390171051 2.069300889968872 -0.7470255494117737 -0.6647467613220215 0.008037276566028595 10.43320083618164 0.0 0.0 0.0 1.0
0.46600833535194397 -0.559681236743927 -0.6852686405181885 -0.9774513840675354 0.4654618203639984 -0.503592848777771 0.7278320789337158 2.1899077892303467 -0.7524503469467163 -0.6581422090530396 0.0258317943662405 10.52763557434082 0.0 0.0 0.0 1.0
0.289955198764801 -0.5878159999847412 -0.755247175693512 0.4059978127479553 0.5105893611907959 -0.5724446177482605 0.6415650248527527 2.0127193927764893 -0.809459388256073 -0.5716462731361389 0.13414929807186127 11.51097583770752 0.0 0.0 0.0 1.0
0.2386537492275238 -0.6053112149238586 -0.759369969367981 0.4925004839897156 0.5060394406318665 -0.5898879766464233 0.6292505860328674 2.1235203742980957 -0.8288356065750122 -0.5344441533088684 0.16553236544132233 11.754196166992188 0.0 0.0 0.0 1.0
0.21615271270275116 -0.6153570413589478 -0.7580327987670898 0.35190054774284363 0.5207055807113647 -0.5841053128242493 0.6226449012756348 2.2845194339752197 -0.8259199261665344 -0.5292982459068298 0.19416388869285583 11.827521324157715 0.0 0.0 0.0 1.0
0.1987585872411728 -0.6090282797813416 -0.7678408622741699 0.2839917242527008 0.5296895503997803 -0.5924275517463684 0.6070079207420349 2.2190213203430176 -0.8245750665664673 -0.5273653268814087 0.20484581589698792 11.989636421203613 0.0 0.0 0.0 1.0
0.19466833770275116 -0.6111812591552734 -0.7671777606010437 -0.026095755398273468 0.529417872428894 -0.5929592251777649 0.6067256927490234 2.2741661071777344 -0.8257244825363159 -0.5242679119110107 0.20813989639282227 11.818522453308105 0.0 0.0 0.0 1.0
0.10934559255838394 -0.5777824521064758 -0.808833122253418 -0.6313436627388 0.5051597356796265 -0.6684962511062622 0.5458263158798218 1.8681074380874634 -0.8560708165168762 -0.4682736098766327 0.21877530217170715 11.618414878845215 0.0 0.0 0.0 1.0
0.0822729617357254 -0.5509178042411804 -0.8304942846298218 -0.6353158354759216 0.5101508498191833 -0.6925852298736572 0.5099723935127258 1.6426209211349487 -0.8561409115791321 -0.465634286403656 0.22407013177871704 11.910114288330078 0.0 0.0 0.0 1.0
0.02925863303244114 -0.5427475571632385 -0.8393861055374146 -0.1399199515581131 0.5287882089614868 -0.7042143940925598 0.47377750277519226 1.6721080541610718 -0.8482493758201599 -0.4577195644378662 0.26639416813850403 11.937868118286133 0.0 0.0 0.0 1.0
0.006136063951998949 -0.5322902798652649 -0.8465396761894226 0.003771282033994794 0.5464217662811279 -0.7072084546089172 0.4486417770385742 1.7956162691116333 -0.8374876976013184 -0.4653205871582031 0.2865155041217804 11.99782657623291 0.0 0.0 0.0 1.0
0.003903825068846345 -0.5334601402282715 -0.8458161950111389 -0.14471140503883362 0.5537866950035095 -0.7031257748603821 0.44602060317993164 1.9524592161178589 -0.8326494097709656 -0.4701429605484009 0.29267826676368713 11.885448455810547 0.0 0.0 0.0 1.0
-0.037490904331207275 -0.49862030148506165 -0.8660093545913696 -0.5974298715591431 0.539086639881134 -0.7397910952568054 0.4026099741458893 1.6427631378173828 -0.841415524482727 -0.45175984501838684 0.2965349555015564 12.36145305633545 0.0 0.0 0.0 1.0
-0.06910175085067749 -0.49208754301071167 -0.8677988052368164 -0.645950198173523 0.5317818522453308 -0.7541559934616089 0.3853009343147278 1.695489525794983 -0.8440574407577515 -0.4348547160625458 0.313796728849411 12.569575309753418 0.0 0.0 0.0 1.0
-0.11930758506059647 -0.49753516912460327 -0.8591998815536499 -0.3885871469974518 0.5402917861938477 -0.7585628032684326 0.3642351031303406 1.9030972719192505 -0.8329768776893616 -0.42076265811920166 0.35931646823883057 12.747746467590332 0.0 0.0 0.0 1.0
-0.17467546463012695 -0.48806801438331604 -0.8551480174064636 -0.05021331086754799 0.5355663895606995 -0.7758817672729492 0.3334308862686157 1.7373619079589844 -0.8262306451797485 -0.3997463285923004 0.3969203233718872 12.963738441467285 0.0 0.0 0.0 1.0
-0.22170644998550415 -0.4885329008102417 -0.8439086675643921 0.04841507598757744 0.5445562601089478 -0.7799489498138428 0.3084445893764496 1.697806477546692 -0.8088910579681396 -0.3911716043949127 0.43895336985588074 13.201570510864258 0.0 0.0 0.0 1.0
-0.4438456892967224 -0.4752439558506012 -0.7597000598907471 0.4345877468585968 0.4605674743652344 -0.8482191562652588 0.2615375816822052 2.945312261581421 -0.7686862945556641 -0.23381081223487854 0.595360279083252 13.729217529296875 0.0 0.0 0.0 1.0
-0.40182703733444214 -0.5000511407852173 -0.7671270370483398 -0.5989949703216553 0.4686644673347473 -0.8320051431655884 0.29685187339782715 3.2500641345977783 -0.7866947650909424 -0.24024206399917603 0.5686783790588379 13.421073913574219 0.0 0.0 0.0 1.0
-0.4198886454105377 -0.5100545287132263 -0.7506916522979736 -0.744956910610199 0.4563915729522705 -0.8336135149002075 0.3111193776130676 3.6717967987060547 -0.7844744920730591 -0.21197383105754852 0.5828094482421875 13.190128326416016 0.0 0.0 0.0 1.0
-0.4399965703487396 -0.5028566122055054 -0.7440015077590942 -0.9561469554901123 0.4143674969673157 -0.8487241864204407 0.3285830318927765 3.8621273040771484 -0.7966822385787964 -0.16371464729309082 0.5818031430244446 12.778035163879395 0.0 0.0 0.0 1.0
-0.4417727291584015 -0.4876546561717987 -0.7530138492584229 -1.3210413455963135 0.4006201922893524 -0.8582570552825928 0.3207775950431824 3.7182512283325195 -0.802708089351654 -0.1599617600440979 0.5745188593864441 12.90145492553711 0.0 0.0 0.0 1.0
-0.6619076728820801 -0.4266105890274048 -0.6163454055786133 0.5783749222755432 0.37114906311035156 -0.9009048938751221 0.22498615086078644 2.84043288230896 -0.6512500643730164 -0.07983596622943878 0.7546519637107849 12.489174842834473 0.0 0.0 0.0 1.0
-0.6891801953315735 -0.3861488699913025 -0.6131228804588318 0.6390712261199951 0.33051595091819763 -0.9205394983291626 0.20824573934078217 2.527221441268921 -0.6448177099227905 -0.0591280497610569 0.7620459198951721 12.472685813903809 0.0 0.0 0.0 1.0
-0.7138714790344238 -0.35958996415138245 -0.6009014844894409 0.6950907111167908 0.3009997606277466 -0.9323423504829407 0.20034198462963104 2.4661924839019775 -0.6322868466377258 -0.03785277530550957 0.7738090753555298 12.368749618530273 0.0 0.0 0.0 1.0
-0.7499682307243347 -0.34396690130233765 -0.5650083422660828 0.8201996684074402 0.29207494854927063 -0.9385862350463867 0.18370644748210907 2.467200756072998 -0.5934979915618896 -0.02725079283118248 0.8043739795684814 12.26544189453125 0.0 0.0 0.0 1.0
-0.7682529091835022 -0.33408185839653015 -0.5460556745529175 0.776883065700531 0.27307450771331787 -0.9425432085990906 0.19246448576450348 2.6046319007873535 -0.5789799690246582 -0.0012524921912699938 0.8153408169746399 12.099786758422852 0.0 0.0 0.0 1.0
-0.8360403776168823 -0.31610360741615295 -0.4484584629535675 0.5634850859642029 0.26294469833374023 -0.9482167959213257 0.17817117273807526 1.827303409576416 -0.48155638575553894 0.031038524582982063 0.8758653402328491 11.018817901611328 0.0 0.0 0.0 1.0
-0.8420998454093933 -0.32608240842819214 -0.4295790493488312 0.6443272829055786 0.26264408230781555 -0.9436336159706116 0.20142921805381775 2.0474624633789062 -0.4710477292537689 0.05679711326956749 0.8802772760391235 10.6299409866333 0.0 0.0 0.0 1.0
-0.8385153412818909 -0.33334407210350037 -0.4310147762298584 0.4823911190032959 0.2687978744506836 -0.9411412477493286 0.20494121313095093 2.1909849643707275 -0.4739617109298706 0.05599050223827362 0.8787635564804077 10.563793182373047 0.0 0.0 0.0 1.0
-0.8470340967178345 -0.3150775730609894 -0.4280880391597748 0.4342743158340454 0.24426959455013275 -0.9460323452949524 0.2129676342010498 2.3549463748931885 -0.47208642959594727 0.07582195848226547 0.8782855272293091 10.289397239685059 0.0 0.0 0.0 1.0
-0.8681651949882507 -0.30892127752304077 -0.3884029686450958 0.741044282913208 0.2373199462890625 -0.9457775950431824 0.22177459299564362 2.5813374519348145 -0.4358537197113037 0.10036119818687439 0.8944043517112732 10.133008003234863 0.0 0.0 0.0 1.0
-0.9498944282531738 -0.1578463613986969 -0.26978710293769836 0.7558435797691345 0.1216060146689415 -0.9817470908164978 0.14623501896858215 1.8668547868728638 -0.28794535994529724 0.10610010474920273 0.9517511129379272 9.614977836608887 0.0 0.0 0.0 1.0
-0.9602808952331543 -0.1370849609375 -0.24303977191448212 0.6431290507316589 0.1071762666106224 -0.9853933453559875 0.1323375701904297 1.7932671308517456 -0.2576312720775604 0.10103315114974976 0.9609466195106506 9.602289199829102 0.0 0.0 0.0 1.0
-0.964161217212677 -0.114419125020504 -0.23937714099884033 0.35782453417778015 0.08630894124507904 -0.988418698310852 0.12481671571731567 1.9099957942962646 -0.2508862614631653 0.09968304634094238 0.9628703594207764 9.59300422668457 0.0 0.0 0.0 1.0
-0.97712641954422 -0.09095747768878937 -0.19222554564476013 0.40102851390838623 0.07139747589826584 -0.9917617440223694 0.10635311901569366 1.9899611473083496 -0.20031556487083435 0.09019602835178375 0.975570797920227 9.663296699523926 0.0 0.0 0.0 1.0
-0.9841838479042053 -0.07418089359998703 -0.160870760679245 0.5274320244789124 0.058876097202301025 -0.9934525489807129 0.09790652990341187 2.030064105987549 -0.16708025336265564 0.08688658475875854 0.982107400894165 9.724785804748535 0.0 0.0 0.0 1.0
-0.9969779253005981 -0.017204169183969498 -0.07575634121894836 0.3905785381793976 0.012899337336421013 -0.9982935786247253 0.05695175752043724 1.9241067171096802 -0.0766068771481514 0.05580243840813637 0.9954985976219177 9.925053596496582 0.0 0.0 0.0 1.0
-0.9984373450279236 -0.009165103547275066 -0.05512598901987076 0.5258454084396362 0.006141831632703543 -0.9984804391860962 0.054764412343502045 1.938565731048584 -0.05554414168000221 0.05434025824069977 0.9969764351844788 9.934000015258789 0.0 0.0 0.0 1.0
-0.9992765188217163 0.001914172898977995 -0.037984512746334076 0.6223573684692383 -0.003658329602330923 -0.9989392757415771 0.0459013432264328 1.8517099618911743 -0.03785635903477669 0.04600709304213524 0.9982235431671143 9.98291301727295 0.0 0.0 0.0 1.0
-0.9999050498008728 0.007339094765484333 -0.011665072292089462 0.7354087829589844 -0.007751138415187597 -0.9993332624435425 0.03567924723029137 1.7473535537719727 -0.011395441368222237 0.035766273736953735 0.9992952346801758 10.020038604736328 0.0 0.0 0.0 1.0
-0.9999274611473083 0.011815929785370827 0.002347169443964958 0.813566267490387 -0.011743060313165188 -0.9995118379592896 0.028951214626431465 1.7061986923217773 0.002688109176233411 0.028921550139784813 0.999578058719635 10.059536933898926 0.0 0.0 0.0 1.0
-0.9999833703041077 -0.005009343381971121 -0.0028652208857238293 0.14463256299495697 0.005012704525142908 -0.9999867677688599 -0.0011670751264318824 1.3877629041671753 -0.0028593367896974087 -0.0011814181925728917 0.999995231628418 10.340108871459961 0.0 0.0 0.0 1.0
-0.9998685121536255 -0.010110313072800636 -0.012678715400397778 0.0880512073636055 0.010094446130096912 -0.9999482035636902 0.0013148203724995255 1.414233922958374 -0.01269135158509016 0.001186662819236517 0.9999187588691711 10.356812477111816 0.0 0.0 0.0 1.0
-0.9998903870582581 -0.006043350789695978 -0.013515027239918709 0.12723495066165924 0.005740965250879526 -0.9997348189353943 0.022301984950900078 1.808274745941162 -0.013646221719682217 0.022221950814127922 0.9996598958969116 10.271562576293945 0.0 0.0 0.0 1.0
-0.9998422265052795 0.0014922359259799123 -0.01769922859966755 0.1751965582370758 -0.002046748297289014 -0.9995062947273254 0.03135313466191292 1.9967224597930908 -0.017643703147768974 0.0313844159245491 0.9993516206741333 10.216232299804688 0.0 0.0 0.0 1.0
-0.9996445775032043 -0.0012860398273915052 -0.026628559455275536 0.10453599691390991 0.00047060049837455153 -0.9995313882827759 0.030606387183070183 2.0077614784240723 -0.026655441150069237 0.030582977458834648 0.9991767406463623 10.206427574157715 0.0 0.0 0.0 1.0
-0.998981773853302 0.005427719559520483 -0.044788166880607605 0.04416091740131378 -0.007313632406294346 -0.9990886449813843 0.04205155745148659 2.3073787689208984 -0.04451910778880119 0.04233630374073982 0.9981110692024231 9.95017147064209 0.0 0.0 0.0 1.0
-0.9992454051971436 0.0007275125826708972 -0.038834039121866226 0.04165496677160263 -0.002665766980499029 -0.9987515211105347 0.049882810562849045 2.364985704421997 -0.03874926641583443 0.049948692321777344 0.9979997873306274 9.88361930847168 0.0 0.0 0.0 1.0