-0.9966341853141785 0.05802059546113014 0.05791256204247475 -0.6672276854515076 -0.05150946229696274 -0.9927933812141418 0.10820402950048447 0.777798593044281 0.0637732744216919 0.10485678911209106 0.9924404621124268 9.316134452819824 0.0 0.0 0.0 1.0
-0.9967035055160522 0.057681504637002945 0.05705258622765541 -0.680558979511261 -0.05128076672554016 -0.9928370714187622 0.10791127383708954 0.7936538457870483 0.06286840885877609 0.10462984442710876 0.992522120475769 9.308626174926758 0.0 0.0 0.0 1.0
-0.9967086315155029 0.05970650166273117 0.054836198687553406 -0.7130493521690369 -0.05347004532814026 -0.9926140308380127 0.10889618843793869 0.8336226940155029 0.06093299016356468 0.10560568422079086 0.9925394654273987 9.289775848388672 0.0 0.0 0.0 1.0
-0.9960613250732422 0.06454259157180786 0.060795754194259644 -0.6870527267456055 -0.0576971173286438 -0.9924412965774536 0.10831128060817719 0.8946160078048706 0.06732691079378128 0.10437693446874619 0.9922562837600708 9.325920104980469 0.0 0.0 0.0 1.0
-0.9955646395683289 0.06846341490745544 0.06452745199203491 -0.6526620388031006 -0.06138291209936142 -0.9924737215042114 0.10596238821744919 0.916456401348114 0.0712963417172432 0.10153152793645859 0.9922742247581482 9.365161895751953 0.0 0.0 0.0 1.0
-0.9956575036048889 0.06578845530748367 0.06586400419473648 -0.5890825986862183 -0.05870994180440903 -0.9928245544433594 0.10417532920837402 0.8577151298522949 0.07224493473768234 0.09985607117414474 0.9923756718635559 9.365670204162598 0.0 0.0 0.0 1.0
-0.9956492781639099 0.06373676657676697 0.06797132641077042 -0.5268771648406982 -0.057353124022483826 -0.9941007494926453 0.09205606579780579 0.7370454668998718 0.07343769818544388 0.08775719255208969 0.9934312105178833 9.369243621826172 0.0 0.0 0.0 1.0
-0.995686411857605 0.06812451034784317 0.06298894435167313 -0.6291330456733704 -0.06357671320438385 -0.9954062104225159 0.07158543169498444 0.665395975112915 0.06757631152868271 0.06727201491594315 0.99544358253479 9.32662296295166 0.0 0.0 0.0 1.0
-0.9973055720329285 0.05324600264430046 0.05046290159225464 -0.7196381092071533 -0.049280762672424316 -0.9958274364471436 0.07680599391460419 0.6987087726593018 0.05434195324778557 0.0741121917963028 0.9957681894302368 9.32079792022705 0.0 0.0 0.0 1.0
-0.9966350793838501 0.05618290975689888 0.0596824586391449 -0.6043130159378052 -0.053272608667612076 -0.9973630905151367 0.049284305423498154 0.5216197371482849 0.062294017523527145 0.04593902826309204 0.9970000386238098 9.477192878723145 0.0 0.0 0.0 1.0
-0.9965436458587646 0.07314269244670868 0.03938140720129013 -0.7928107976913452 -0.07141856849193573 -0.9964957237243652 0.043539732694625854 0.6335540413856506 0.042428016662597656 0.04057668149471283 0.9982752203941345 9.455678939819336 0.0 0.0 0.0 1.0
-0.9977590441703796 0.06379277259111404 0.020182987675070763 -0.9449379444122314 -0.06298947334289551 -0.9972826242446899 0.038205891847610474 0.6382646560668945 0.02256540209054947 0.03684895858168602 0.9990660548210144 9.474634170532227 0.0 0.0 0.0 1.0
-0.9991836547851562 0.03616749867796898 0.017997069284319878 -0.920810341835022 -0.03624589368700981 -0.9993346929550171 -0.00404885970056057 0.12021495401859283 0.017838656902313232 -0.004697874188423157 0.9998298287391663 9.420571327209473 0.0 0.0 0.0 1.0
-0.9999418258666992 0.009140398353338242 0.005730184726417065 -1.0249539613723755 -0.009136153385043144 -0.9999579787254333 0.000766684184782207 0.049936339259147644 0.005736951250582933 0.0007142877439036965 0.9999833106994629 9.253768920898438 0.0 0.0 0.0 1.0
-0.9999992251396179 0.0011430869344621897 0.0004969142028130591 -0.9513027667999268 -0.0011415258049964905 -0.9999944567680359 0.0031306117307394743 0.13998499512672424 0.0005004900158382952 0.0031300419941544533 0.9999949932098389 9.291131019592285 0.0 0.0 0.0 1.0
-0.9995446801185608 -0.0159006305038929 -0.025644656270742416 -1.120147466659546 0.015785207971930504 -0.999864399433136 0.004697051364928484 0.20274080336093903 -0.025715863332152367 0.004290106240659952 0.999660074710846 9.237455368041992 0.0 0.0 0.0 1.0
-0.9987122416496277 -0.0019341862061992288 -0.05069638043642044 -1.2388052940368652 0.0022340042050927877 -0.9999803304672241 -0.005857991520315409 0.3198990523815155 -0.05068405345082283 -0.0059637040831148624 0.9986969232559204 9.131392478942871 0.0 0.0 0.0 1.0
-0.9990569353103638 -0.006090227514505386 -0.042990248650312424 -1.1115516424179077 0.006875281222164631 -0.9998118877410889 -0.018137028440833092 0.38118240237236023 -0.04287170246243477 -0.01841549389064312 0.9989108443260193 9.30540943145752 0.0 0.0 0.0 1.0
-0.9993937015533447 -0.027330094948410988 -0.021570133045315742 -0.7020729780197144 0.027685092762112617 -0.9994832277297974 -0.0163344107568264 0.5222539901733398 -0.021112564951181412 -0.01692167855799198 0.9996339082717896 9.497701644897461 0.0 0.0 0.0 1.0
-0.9987391829490662 -0.0285362396389246 -0.0413002073764801 -0.6801047921180725 0.02933143451809883 -0.9993933439254761 -0.0187777578830719 0.5057406425476074 -0.040739305317401886 -0.019965477287769318 0.9989703297615051 9.445439338684082 0.0 0.0 0.0 1.0
-0.9978634715080261 -0.030968686565756798 -0.05752752721309662 -0.5038630366325378 0.03302774205803871 -0.9988346099853516 -0.03519326075911522 0.2938331365585327 -0.05637059733271599 -0.037018071860075 0.997723400592804 9.463552474975586 0.0 0.0 0.0 1.0
-0.9970892667770386 -0.03232209011912346 -0.06905244290828705 -0.37168484926223755 0.03499056398868561 -0.9986729025840759 -0.03779041767120361 0.3910072147846222 -0.067739337682724 -0.04009660333395004 0.9968969821929932 9.41029167175293 0.0 0.0 0.0 1.0
-0.996260941028595 -0.04993871971964836 -0.0705002173781395 -0.15933546423912048 0.05354722961783409 -0.9972997903823853 -0.0502571240067482 0.469327449798584 -0.06780007481575012 -0.05384429916739464 0.9962449073791504 9.578742027282715 0.0 0.0 0.0 1.0
-0.9954828023910522 -0.05479170382022858 -0.07753605395555496 -0.08572526276111603 0.059653572738170624 -0.9963016510009766 -0.06184273213148117 0.43101587891578674 -0.07386082410812378 -0.06618867814540863 0.995069682598114 9.791319847106934 0.0 0.0 0.0 1.0
-0.9923396110534668 -0.0770770013332367 -0.09654644131660461 -0.1251620054244995 0.08278335630893707 -0.9949613213539124 -0.05655904859304428 0.5596004724502563 -0.09170057624578476 -0.06411822140216827 0.9937202334403992 10.07116413116455 0.0 0.0 0.0 1.0
-0.9902654886245728 -0.07003135234117508 -0.12029072642326355 -0.30623623728752136 0.07604021579027176 -0.9960381984710693 -0.04610580578446388 0.9280948042869568 -0.11658531427383423 -0.05480391904711723 0.9916675090789795 10.2520170211792 0.0 0.0 0.0 1.0
-0.9846261739730835 -0.10996609926223755 -0.13571564853191376 -0.5166788697242737 0.11326940357685089 -0.9934216141700745 -0.016839034855365753 1.1431807279586792 -0.1329711377620697 -0.03195258602499962 0.9906046986579895 10.276570320129395 0.0 0.0 0.0 1.0
-0.9837538003921509 -0.11023133993148804 -0.14169535040855408 -0.4224466383457184 0.11701373755931854 -0.9923068284988403 -0.0404345765709877 0.7916690707206726 -0.1361480951309204 -0.0563579685986042 0.9890841841697693 10.483884811401367 0.0 0.0 0.0 1.0
-0.9800803661346436 -0.13336464762687683 -0.14716100692749023 -0.19399350881576538 0.1393352597951889 -0.989760160446167 -0.03099144995212555 0.659450888633728 -0.1415209323167801 -0.05087882652878761 0.9886268973350525 10.46601390838623 0.0 0.0 0.0 1.0
-0.9767117500305176 -0.13737022876739502 -0.1648138165473938 -0.01095319539308548 0.14552240073680878 -0.9886096715927124 -0.03839423879981041 0.40162205696105957 -0.1576623022556305 -0.0614842064678669 0.9855771064758301 10.340531349182129 0.0 0.0 0.0 1.0
-0.9718911051750183 -0.1520872414112091 -0.179714173078537 -0.0395585335791111 0.15805892646312714 -0.9872409701347351 -0.019304592162370682 0.611402153968811 -0.1744852066040039 -0.04716739058494568 0.9835294485092163 10.21943473815918 0.0 0.0 0.0 1.0
-0.9713761806488037 -0.14236952364444733 -0.19015568494796753 -0.043685559183359146 0.14835068583488464 -0.9887795448303223 -0.01752380095422268 0.8626034259796143 -0.18552719056606293 -0.045231930911540985 0.9815975427627563 10.057320594787598 0.0 0.0 0.0 1.0
-0.9687864780426025 -0.13710181415081024 -0.2065330147743225 -0.07018852978944778 0.14072003960609436 -0.9900453090667725 -0.00285995751619339 1.243542194366455 -0.20408493280410767 -0.03183402121067047 0.9784354567527771 9.840888977050781 0.0 0.0 0.0 1.0
-0.9717307090759277 -0.11869961768388748 -0.20408284664154053 0.14179334044456482 0.12427998334169388 -0.9921382665634155 -0.014701108448207378 1.2146737575531006 -0.20073339343070984 -0.039648931473493576 0.9788432121276855 9.683317184448242 0.0 0.0 0.0 1.0
-0.9636685848236084 -0.15521642565727234 -0.21737240254878998 0.0347273088991642 0.16111794114112854 -0.9868886470794678 -0.009582462720572948 1.152233600616455 -0.2130350023508072 -0.04425691068172455 0.9760417342185974 9.68709659576416 0.0 0.0 0.0 1.0
-0.9467012882232666 -0.19895464181900024 -0.25332537293434143 -0.35964295268058777 0.20593500137329102 -0.9785650968551636 -0.001061326707713306 0.9319341778755188 -0.24768422544002533 -0.05317332223057747 0.9673805236816406 9.479084968566895 0.0 0.0 0.0 1.0
-0.9391887784004211 -0.21478107571601868 -0.26794320344924927 -0.3728603720664978 0.2262590080499649 -0.9739890694618225 -0.012336567044258118 0.6931767463684082 -0.2583240866661072 -0.07221093028783798 0.9633557200431824 9.462016105651855 0.0 0.0 0.0 1.0
-0.9271631836891174 -0.24641305208206177 -0.28222164511680603 -0.3385142982006073 0.2579769492149353 -0.9661429524421692 -0.003956104628741741 0.721045970916748 -0.27169162034988403 -0.0764746367931366 0.9593410491943359 9.443058967590332 0.0 0.0 0.0 1.0
-0.914742648601532 -0.2635404169559479 -0.3062552511692047 -0.17646363377571106 0.27494949102401733 -0.961439311504364 0.006106336135417223 0.8896041512489319 -0.2960550785064697 -0.07861899584531784 0.9519298672676086 9.418416023254395 0.0 0.0 0.0 1.0
-0.898160994052887 -0.2951164245605469 -0.3259034752845764 0.05935082584619522 0.3071637749671936 -0.9515363574028015 0.015131764113903046 0.874781608581543 -0.314574658870697 -0.08651498705148697 0.9452819228172302 9.60918140411377 0.0 0.0 0.0 1.0
-0.8790802955627441 -0.317116379737854 -0.355886310338974 0.09178688377141953 0.32598429918289185 -0.9446688294410706 0.03653857111930847 1.030927300453186 -0.3477816879749298 -0.08389301598072052 0.9338147044181824 9.74023151397705 0.0 0.0 0.0 1.0
-0.8615655899047852 -0.34324851632118225 -0.3740123510360718 0.14133700728416443 0.35325872898101807 -0.9344963431358337 0.04387272149324417 1.0351899862289429 -0.3645724058151245 -0.09432390332221985 0.9263854026794434 9.832777976989746 0.0 0.0 0.0 1.0
-0.8470499515533447 -0.34896451234817505 -0.4009116291999817 0.2727009057998657 0.362029492855072 -0.9310547113418579 0.045516252517700195 0.9949795007705688 -0.38915422558784485 -0.10658729076385498 0.9149852991104126 9.912639617919922 0.0 0.0 0.0 1.0
-0.8191089034080505 -0.36718836426734924 -0.4407190978527069 0.17311519384384155 0.3848819136619568 -0.9214769601821899 0.05240393057465553 0.8104365468025208 -0.42535459995269775 -0.126700296998024 0.8961141109466553 9.980945587158203 0.0 0.0 0.0 1.0
-0.7851302027702332 -0.3906007707118988 -0.4806262254714966 0.06626427918672562 0.41381996870040894 -0.9082369804382324 0.062117885798215866 0.4698787331581116 -0.46078580617904663 -0.15012210607528687 0.8747227191925049 9.942794799804688 0.0 0.0 0.0 1.0
-0.754793107509613 -0.42501622438430786 -0.49964845180511475 -0.021477969363331795 0.4465196132659912 -0.8908894658088684 0.08328372985124588 0.40466776490211487 -0.48052850365638733 -0.16024084389209747 0.8622152805328369 9.917612075805664 0.0 0.0 0.0 1.0
-0.7314847707748413 -0.4374723732471466 -0.5230181217193604 -0.0672772005200386 0.45982638001441956 -0.8828734755516052 0.0953633189201355 0.3477434515953064 -0.5034776329994202 -0.17074070870876312 0.8469698429107666 9.747963905334473 0.0 0.0 0.0 1.0
-0.6950569152832031 -0.4772987365722656 -0.5376633405685425 -0.02240869775414467 0.49327075481414795 -0.8606501221656799 0.12635409832000732 0.4665123522281647 -0.5230486392974854 -0.17739030718803406 0.8336383104324341 9.611577033996582 0.0 0.0 0.0 1.0
-0.6828493475914001 -0.4861535131931305 -0.5453178286552429 0.2664157748222351 0.49810925126075745 -0.8558574914932251 0.13926655054092407 0.6335690021514893 -0.5344192981719971 -0.17652979493141174 0.8265792727470398 9.60818099975586 0.0 0.0 0.0 1.0
-0.6521717309951782 -0.5182786583900452 -0.5532262325286865 0.27724525332450867 0.5215888023376465 -0.8363620042800903 0.1686526983976364 0.7613499164581299 -0.5501064658164978 -0.1785660833120346 0.815779983997345 9.547338485717773 0.0 0.0 0.0 1.0
-0.6271253824234009 -0.5379210710525513 -0.5633424520492554 0.534891664981842 0.5454795956611633 -0.8195754885673523 0.17535120248794556 0.6024878025054932 -0.5560267567634583 -0.19732464849948883 0.8074015378952026 9.576221466064453 0.0 0.0 0.0 1.0
-0.6051803231239319 -0.5483826398849487 -0.577090322971344 0.47530317306518555 0.5446365475654602 -0.8139132261276245 0.2022777944803238 0.8762325644493103 -0.5806270837783813 -0.1918899565935135 0.791233479976654 9.344316482543945 0.0 0.0 0.0 1.0
-0.577164351940155 -0.5627975463867188 -0.5917264819145203 0.35269761085510254 0.5590605139732361 -0.8004842400550842 0.21604704856872559 0.8836930990219116 -0.5952584743499756 -0.20611628890037537 0.7766488194465637 9.349090576171875 0.0 0.0 0.0 1.0
-0.5374250411987305 -0.5785829424858093 -0.6135275959968567 0.2823343575000763 0.5858994126319885 -0.7794351577758789 0.2218169867992401 0.6638860702514648 -0.6065444946289062 -0.2402554303407669 0.757879376411438 9.400128364562988 0.0 0.0 0.0 1.0
-0.5050778388977051 -0.5860468745231628 -0.6335972547531128 0.3522547483444214 0.6023596525192261 -0.7651137113571167 0.22751672565937042 0.558029055595398 -0.618109405040741 -0.26673978567123413 0.7394529581069946 9.56768798828125 0.0 0.0 0.0 1.0
-0.45641613006591797 -0.593339204788208 -0.6630482077598572 0.3934682011604309 0.6207902431488037 -0.7462013363838196 0.24042269587516785 0.37250468134880066 -0.6374196410179138 -0.30188101530075073 0.708917498588562 9.494089126586914 0.0 0.0 0.0 1.0
-0.40820154547691345 -0.6116421222686768 -0.6776912212371826 0.1962636560201645 0.6393805742263794 -0.7214191555976868 0.26598283648490906 0.3830524981021881 -0.6515857577323914 -0.32472801208496094 0.6855565309524536 9.427084922790527 0.0 0.0 0.0 1.0
-0.3751416802406311 -0.609529435634613 -0.6983857154846191 0.23826412856578827 0.6431024670600891 -0.7137383818626404 0.2774827778339386 0.3168342411518097 -0.6675986051559448 -0.34503820538520813 0.6597429513931274 9.4697265625 0.0 0.0 0.0 1.0
-0.33788952231407166 -0.6128100752830505 -0.7143489718437195 0.2080705463886261 0.6453887224197388 -0.7033012509346008 0.2980616092681885 0.4561469852924347 -0.6850576996803284 -0.36032089591026306 0.6331388354301453 9.554753303527832 0.0 0.0 0.0 1.0
-0.2868361175060272 -0.6209810972213745 -0.7294570207595825 0.06631381809711456 0.6587225198745728 -0.680722177028656 0.32047149538993835 0.5097081065177917 -0.6955642700195312 -0.38858696818351746 0.6043099164962769 9.709009170532227 0.0 0.0 0.0 1.0
-0.254686176776886 -0.6181080341339111 -0.7436917424201965 -0.08126857131719589 0.6559162139892578 -0.675518810749054 0.33682072162628174 0.5307940244674683 -0.7105693817138672 -0.40201592445373535 0.5774723887443542 9.821331977844238 0.0 0.0 0.0 1.0
-0.18069040775299072 -0.6397448182106018 -0.7470458745956421 -0.2358379065990448 0.6811234951019287 -0.6293275356292725 0.37418925762176514 0.5321649312973022 -0.7095221877098083 -0.4412181079387665 0.5494586825370789 9.933821678161621 0.0 0.0 0.0 1.0
-0.14093850553035736 -0.6475381255149841 -0.7488862872123718 -0.2570030689239502 0.684553861618042 -0.6102047562599182 0.3987933397293091 0.5794699788093567 -0.7152078747749329 -0.45644769072532654 0.5292761325836182 9.995318412780762 0.0 0.0 0.0 1.0
-0.11066636443138123 -0.6516883969306946 -0.7503700256347656 -0.3135302662849426 0.6902974843978882 -0.59357750415802 0.41370904445648193 0.5313628911972046 -0.7150121331214905 -0.4721948504447937 0.5155479311943054 9.98799991607666 0.0 0.0 0.0 1.0
-0.09607644379138947 -0.656811535358429 -0.7479090094566345 -0.2053915113210678 0.6886349320411682 -0.5864020586013794 0.42651447653770447 0.641631007194519 -0.7187150120735168 -0.4740583002567291 0.5086427927017212 9.973520278930664 0.0 0.0 0.0 1.0
-0.054279446601867676 -0.6732703447341919 -0.7374013662338257 -0.3008612394332886 0.6913484334945679 -0.5581924915313721 0.45875754952430725 0.895879864692688 -0.7204797863960266 -0.48490017652511597 0.49576276540756226 9.85468864440918 0.0 0.0 0.0 1.0
-0.03596905246376991 -0.6739286184310913 -0.737920343875885 -0.24172724783420563 0.6869447827339172 -0.5529638528823853 0.471527099609375 0.8655784726142883 -0.7258188724517822 -0.48995015025138855 0.4828413724899292 9.887290954589844 0.0 0.0 0.0 1.0
-0.027217356488108635 -0.6703323721885681 -0.7415616512298584 -0.0952988713979721 0.6881496906280518 -0.5506382584571838 0.47249075770378113 0.8002557158470154 -0.7250580787658691 -0.4974454641342163 0.4762759208679199 9.944849014282227 0.0 0.0 0.0 1.0
-0.003055974142625928 -0.6705082058906555 -0.741895854473114 0.03488990291953087 0.6870985627174377 -0.5404431223869324 0.48560965061187744 0.8458369970321655 -0.7265577912330627 -0.5082715749740601 0.4623568058013916 10.006245613098145 0.0 0.0 0.0 1.0
0.029099062085151672 -0.6627926826477051 -0.7482373118400574 0.15561406314373016 0.6873016357421875 -0.5302556753158569 0.4964326024055481 0.6834574341773987 -0.7257890105247498 -0.5287104845046997 0.4401085674762726 10.192516326904297 0.0 0.0 0.0 1.0
0.09017974138259888 -0.6569795608520508 -0.7484954595565796 0.10175226628780365 0.6855966448783875 -0.5041751265525818 0.5251330137252808 0.685257613658905 -0.722374439239502 -0.5605223178863525 0.4049566090106964 10.132794380187988 0.0 0.0 0.0 1.0
0.1355861872434616 -0.6578012704849243 -0.7408872246742249 -0.05467623844742775 0.6803684234619141 -0.48177650570869446 0.5522592067718506 0.8251012563705444 -0.7202188372612 -0.5789549946784973 0.38222500681877136 10.11104679107666 0.0 0.0 0.0 1.0
0.16479367017745972 -0.6481560468673706 -0.7434627413749695 0.1525120735168457 0.6762769222259521 -0.474439799785614 0.5635214447975159 0.8908174633979797 -0.7179781198501587 -0.5956514477729797 0.36014828085899353 10.39219856262207 0.0 0.0 0.0 1.0
0.19972963631153107 -0.6353411078453064 -0.7459555864334106 0.1941433846950531 0.6668053865432739 -0.4696943461894989 0.5785825848579407 0.9134206771850586 -0.7179684042930603 -0.612967312335968 0.32983699440956116 10.577481269836426 0.0 0.0 0.0 1.0
0.22467754781246185 -0.627116858959198 -0.7458179593086243 0.26356253027915955 0.6604264974594116 -0.4647791087627411 0.5897603034973145 0.9197827577590942 -0.7164892554283142 -0.6250638365745544 0.3097391724586487 10.69131088256836 0.0 0.0 0.0 1.0
0.27115267515182495 -0.6172977089881897 -0.738525390625 0.2503874897956848 0.6486355662345886 -0.44970354437828064 0.6140347123146057 0.9891878366470337 -0.7111597061157227 -0.6455309987068176 0.2784629464149475 10.788803100585938 0.0 0.0 0.0 1.0
0.3381135165691376 -0.6204675436019897 -0.7076010704040527 -0.19501572847366333 0.6306031346321106 -0.40875422954559326 0.6597421169281006 1.3602317571640015 -0.6985834836959839 -0.6692831516265869 0.25306347012519836 10.76384449005127 0.0 0.0 0.0 1.0
0.38231128454208374 -0.602916419506073 -0.7002356052398682 -0.3534068763256073 0.6310922503471375 -0.38316136598587036 0.6744701266288757 1.3001857995986938 -0.6749523282051086 -0.6997708082199097 0.23400898277759552 10.924483299255371 0.0 0.0 0.0 1.0
0.39330771565437317 -0.5904549956321716 -0.704749584197998 -0.24603675305843353 0.6311210989952087 -0.3840178847312927 0.6739557981491089 1.1336729526519775 -0.6685770153999329 -0.7098543643951416 0.2216113805770874 11.073380470275879 0.0 0.0 0.0 1.0
0.42643481492996216 -0.586650013923645 -0.6884730458259583 -0.3079008162021637 0.618233859539032 -0.36656615138053894 0.6952813267707825 1.2016115188598633 -0.6602576971054077 -0.7221295237541199 0.20637033879756927 11.029777526855469 0.0 0.0 0.0 1.0
0.46586018800735474 -0.5805457234382629 -0.6677880883216858 -0.49732014536857605 0.601377010345459 -0.3458751440048218 0.7202194333076477 1.192186713218689 -0.6490916609764099 -0.7371139526367188 0.18799741566181183 11.01815414428711 0.0 0.0 0.0 1.0
0.5040310621261597 -0.5691419243812561 -0.6496384739875793 -0.7215768098831177 0.580524742603302 -0.3336713910102844 0.742734432220459 0.9224548935890198 -0.639487087726593 -0.751492440700531 0.16222022473812103 10.914864540100098 0.0 0.0 0.0 1.0
0.5265865325927734 -0.5681113004684448 -0.6324208974838257 -0.7583476901054382 0.5727719068527222 -0.31262800097465515 0.7577572464942932 1.1007219552993774 -0.6282029151916504 -0.7612577080726624 0.16077250242233276 10.842829704284668 0.0 0.0 0.0 1.0
0.5516307950019836 -0.5523222088813782 -0.6250149011611938 -0.544023871421814 0.5651692152023315 -0.3035828769207001 0.7670861482620239 1.1074358224868774 -0.6134225726127625 -0.7763875722885132 0.14468984305858612 10.790020942687988 0.0 0.0 0.0 1.0
0.5744600892066956 -0.5403703451156616 -0.6148133873939514 -0.4558964669704437 0.545637845993042 -0.3070867359638214 0.7797288298606873 1.038378357887268 -0.6101433634757996 -0.7833885550498962 0.11843743175268173 10.68221378326416 0.0 0.0 0.0 1.0
0.5900291800498962 -0.5226770639419556 -0.6153650879859924 -0.2450111359357834 0.5440022349357605 -0.30582553148269653 0.781365692615509 0.9727197885513306 -0.5965963006019592 -0.7957885265350342 0.10389149934053421 10.755037307739258 0.0 0.0 0.0 1.0
0.6389055848121643 -0.48892322182655334 -0.593930721282959 -0.1395646184682846 0.5275441408157349 -0.2834649384021759 0.8008400797843933 0.9628148674964905 -0.559907853603363 -0.8249858617782593 0.07682126015424728 10.643932342529297 0.0 0.0 0.0 1.0
0.6679713726043701 -0.4640166461467743 -0.581809937953949 0.03588849678635597 0.5087917447090149 -0.2857896685600281 0.8120684623718262 0.8226723074913025 -0.5430885553359985 -0.8384585976600647 0.04518851637840271 10.803865432739258 0.0 0.0 0.0 1.0
0.6995471119880676 -0.4368165135383606 -0.5655308365821838 -0.03444724529981613 0.48422467708587646 -0.2922358512878418 0.8246967196464539 0.4778646230697632 -0.5255095362663269 -0.8507581949234009 0.007084579672664404 10.921093940734863 0.0 0.0 0.0 1.0
0.7238025665283203 -0.4179651141166687 -0.5490127801895142 -0.06087332218885422 0.46956032514572144 -0.28464633226394653 0.8357568979263306 0.3208806812763214 -0.5055916905403137 -0.8627175688743591 -0.00976790301501751 11.039854049682617 0.0 0.0 0.0 1.0
0.7638438940048218 -0.3954603672027588 -0.5100525617599487 -0.36218416690826416 0.43940532207489014 -0.2601932883262634 0.8597804307937622 0.4282798171043396 -0.4727213382720947 -0.8808578252792358 -0.024979669600725174 10.887073516845703 0.0 0.0 0.0 1.0
0.791090190410614 -0.3650967478752136 -0.4907959997653961 -0.32278794050216675 0.4238799214363098 -0.2512877583503723 0.8701610565185547 0.22786381840705872 -0.44102397561073303 -0.8964144587516785 -0.04403408616781235 10.688036918640137 0.0 0.0 0.0 1.0
0.8181023597717285 -0.3477814495563507 -0.45799189805984497 -0.3776179850101471 0.39555686712265015 -0.23777103424072266 0.8871300220489502 0.31143859028816223 -0.41742458939552307 -0.9069250226020813 -0.05695371329784393 10.362187385559082 0.0 0.0 0.0 1.0
0.837210476398468 -0.3379993438720703 -0.42992448806762695 -0.4602091908454895 0.3748182952404022 -0.2178206592798233 0.9011467099189758 0.551889955997467 -0.39823341369628906 -0.9155930280685425 -0.055673401802778244 10.29494857788086 0.0 0.0 0.0 1.0
0.8618972301483154 -0.32333722710609436 -0.3906228244304657 -0.6441026329994202 0.3418918550014496 -0.19835996627807617 0.9185658693313599 0.7753089070320129 -0.3744904696941376 -0.9252601861953735 -0.06041954830288887 10.212099075317383 0.0 0.0 0.0 1.0
0.8849343657493591 -0.29640746116638184 -0.3592127561569214 -0.8049883246421814 0.31755131483078003 -0.18016859889030457 0.9309674501419067 0.7774983644485474 -0.3406645655632019 -0.9379135966300964 -0.06531279534101486 9.988911628723145 0.0 0.0 0.0 1.0
0.8893739581108093 -0.2924346923828125 -0.3514198064804077 -0.593222975730896 0.3112076222896576 -0.17584200203418732 0.9339322447776794 0.7741665244102478 -0.33490854501724243 -0.9399795532226562 -0.06538138538599014 10.075737953186035 0.0 0.0 0.0 1.0
0.8941795825958252 -0.2874130308628082 -0.34327343106269836 -0.5859525799751282 0.3009694218635559 -0.18174654245376587 0.9361546635627747 0.8161730170249939 -0.3314518332481384 -0.9404051899909973 -0.07601151615381241 10.239612579345703 0.0 0.0 0.0 1.0
0.9139742255210876 -0.24700580537319183 -0.32193052768707275 -0.5659207701683044 0.2811961770057678 -0.18642860651016235 0.9413676857948303 0.6537033915519714 -0.2925403416156769 -0.9509114027023315 -0.10093385726213455 10.310303688049316 0.0 0.0 0.0 1.0
0.9311979413032532 -0.20636418461799622 -0.30047324299812317 -0.36229243874549866 0.2633369266986847 -0.1891077607870102 0.9459872841835022 0.5381841063499451 -0.25203970074653625 -0.9600270986557007 -0.12175344675779343 10.41175651550293 0.0 0.0 0.0 1.0
0.9402382373809814 -0.18705423176288605 -0.28453949093818665 -0.12512676417827606 0.25031864643096924 -0.18681474030017853 0.9499688744544983 0.5465697050094604 -0.23085187375545502 -0.9644225835800171 -0.12882719933986664 10.44778823852539 0.0 0.0 0.0 1.0
0.9557468295097351 -0.15497629344463348 -0.25006067752838135 -0.10024221986532211 0.2183912694454193 -0.19575649499893188 0.9560254216194153 0.43578168749809265 -0.1971122771501541 -0.9683293700218201 -0.15324817597866058 10.488986015319824 0.0 0.0 0.0 1.0
0.9649532437324524 -0.13364507257938385 -0.22584116458892822 0.05633168667554855 0.19527985155582428 -0.2092059999704361 0.9581746459007263 0.3233795762062073 -0.1753026396036148 -0.9686959385871887 -0.17577581107616425 10.664960861206055 0.0 0.0 0.0 1.0
0.9769226312637329 -0.11230185627937317 -0.18168795108795166 -0.18778912723064423 0.15665064752101898 -0.20154127478599548 0.9668720960617065 0.5442917943000793 -0.14519914984703064 -0.9730207920074463 -0.1792980581521988 10.744163513183594 0.0 0.0 0.0 1.0
0.9837314486503601 -0.09170316904783249 -0.154476597905159 -0.38348299264907837 0.13443733751773834 -0.19458240270614624 0.9716296792030334 0.6689615845680237 -0.11915995925664902 -0.976590096950531 -0.1790885031223297 10.861824989318848 0.0 0.0 0.0 1.0
0.9893609285354614 -0.06648639589548111 -0.12940044701099396 -0.46542978286743164 0.11477946490049362 -0.18979692459106445 0.9750911593437195 0.6742525100708008 -0.0893901064991951 -0.9795696139335632 -0.18014639616012573 11.04574203491211 0.0 0.0 0.0 1.0
0.9936238527297974 -0.0479983426630497 -0.10201838612556458 -0.6256282925605774 0.09185533225536346 -0.180063396692276 0.9793568253517151 0.8507331609725952 -0.06537728011608124 -0.9824832677841187 -0.17450639605522156 10.952250480651855 0.0 0.0 0.0 1.0
0.9944679141044617 -0.0324469730257988 -0.09990376979112625 -0.3268028795719147 0.09267138689756393 -0.17675627768039703 0.9798822402954102 1.0419902801513672 -0.049452830106019974 -0.9837197065353394 -0.17277154326438904 10.944621086120605 0.0 0.0 0.0 1.0
0.9967771172523499 -0.01746338978409767 -0.07829681783914566 -0.4100266993045807 0.07458750158548355 -0.1575377732515335 0.9846920967102051 1.4136065244674683 -0.02953076921403408 -0.9873585104942322 -0.15572750568389893 10.792987823486328 0.0 0.0 0.0 1.0
0.9985403418540955 -0.010860733687877655 -0.05290770158171654 -0.47032424807548523 0.050634998828172684 -0.15264911949634552 0.9869824647903442 1.4776709079742432 -0.018795669078826904 -0.988220751285553 -0.15187637507915497 10.526805877685547 0.0 0.0 0.0 1.0
0.9990128874778748 0.03521720692515373 -0.02707371488213539 -0.5155782699584961 0.031868599355220795 -0.14362329244613647 0.9891191720962524 1.3261816501617432 0.03094559721648693 -0.9890056252479553 -0.14460384845733643 10.208187103271484 0.0 0.0 0.0 1.0
0.9991854429244995 0.0396534763276577 -0.007487993687391281 -0.5319534540176392 0.012662520632147789 -0.13189862668514252 0.9911823272705078 1.573382019996643 0.03831616789102554 -0.990469753742218 -0.13229329884052277 9.923691749572754 0.0 0.0 0.0 1.0
0.9978509545326233 0.059119485318660736 0.028254318982362747 -0.6362788081169128 -0.019753472879529 -0.13972650468349457 0.9899930953979492 1.7218713760375977 0.06247575581073761 -0.9884237051010132 -0.1382584124803543 9.574566841125488 0.0 0.0 0.0 1.0
0.9942396879196167 0.08151503652334213 0.06958950310945511 -0.7029141187667847 -0.0568271242082119 -0.14958058297634125 0.9871151447296143 1.6598566770553589 0.09087396413087845 -0.9853836297988892 -0.14408668875694275 9.2333402633667 0.0 0.0 0.0 1.0
0.9877254366874695 0.11438533663749695 0.10636924207210541 -0.7662133574485779 -0.08794325590133667 -0.15555651485919952 0.9839045405387878 1.5873600244522095 0.12909068167209625 -0.9811820387840271 -0.14358770847320557 9.122895240783691 0.0 0.0 0.0 1.0
0.9838429093360901 0.11849074065685272 0.13421271741390228 -0.8214738965034485 -0.11322866380214691 -0.16887468099594116 0.9791121482849121 1.5542391538619995 0.1386808604001999 -0.9784892797470093 -0.15272961556911469 9.112283706665039 0.0 0.0 0.0 1.0
0.9802868962287903 0.12756101787090302 0.15088339149951935 -0.5850531458854675 -0.12737420201301575 -0.17577692866325378 0.9761548638343811 1.4441641569137573 0.15104112029075623 -0.9761304259300232 -0.15606383979320526 9.396577835083008 0.0 0.0 0.0 1.0
0.9740079641342163 0.14224658906459808 0.17627938091754913 -0.5164729356765747 -0.1479644924402237 -0.18969480693340302 0.970629870891571 1.1613408327102661 0.1715080738067627 -0.9714843034744263 -0.16371680796146393 9.592132568359375 0.0 0.0 0.0 1.0
0.9635214805603027 0.16988880932331085 0.20679500699043274 -0.5061905384063721 -0.17097850143909454 -0.20370033383369446 0.9639878273010254 0.9489299654960632 0.20589496195316315 -0.9641804695129395 -0.1672223061323166 9.751652717590332 0.0 0.0 0.0 1.0
0.9527018666267395 0.1956489384174347 0.23255249857902527 -0.6138508915901184 -0.19200025498867035 -0.20566873252391815 0.9596021175384521 0.8877356052398682 0.2355739176273346 -0.9588648676872253 -0.15837633609771729 9.668157577514648 0.0 0.0 0.0 1.0
0.9391836524009705 0.224821999669075 0.2595940828323364 -0.6144120693206787 -0.21691203117370605 -0.19768062233924866 0.9559662938117981 1.1721934080123901 0.2662389576435089 -0.9541370272636414 -0.13689181208610535 9.565425872802734 0.0 0.0 0.0 1.0
0.9294856786727905 0.2390948235988617 0.28087377548217773 -0.5771310925483704 -0.23362141847610474 -0.20766696333885193 0.9498923420906067 1.1714730262756348 0.2854425609111786 -0.9485294222831726 -0.13716579973697662 9.417330741882324 0.0 0.0 0.0 1.0
0.9275897145271301 0.24478358030319214 0.28223809599876404 -0.47002285718917847 -0.2350948005914688 -0.20468769967556 0.9501754641532898 1.250849962234497 0.2903580069541931 -0.9477256536483765 -0.13231885433197021 9.324125289916992 0.0 0.0 0.0 1.0
0.9136125445365906 0.2740687131881714 0.30033057928085327 -0.5838495492935181 -0.2513776123523712 -0.19981518387794495 0.9470391869544983 1.2047028541564941 0.3195644021034241 -0.9407232403755188 -0.11365891993045807 9.160052299499512 0.0 0.0 0.0 1.0
0.9073497653007507 0.2831064760684967 0.31075260043144226 -0.5319783091545105 -0.2606084942817688 -0.2012087106704712 0.9442448019981384 1.0596630573272705 0.32984796166419983 -0.9377450346946716 -0.10878672450780869 9.013010025024414 0.0 0.0 0.0 1.0
0.9008172154426575 0.28915759921073914 0.323907732963562 -0.5522213578224182 -0.2713357210159302 -0.20750293135643005 0.9398507475852966 0.845745861530304 0.33897680044174194 -0.934521496295929 -0.10846343636512756 8.840498924255371 0.0 0.0 0.0 1.0
0.8907533288002014 0.2994343042373657 0.3419030010700226 -0.6393669247627258 -0.2858983874320984 -0.21562308073043823 0.9336856007575989 0.7993578314781189 0.35329967737197876 -0.9294330477714539 -0.10645918548107147 8.744378089904785 0.0 0.0 0.0 1.0
0.8669933676719666 0.3192136287689209 0.38265547156333923 -0.8772698044776917 -0.32104790210723877 -0.22947914898395538 0.9188403487205505 0.8230926990509033 0.3811177909374237 -0.9194791913032532 -0.09647402167320251 8.482189178466797 0.0 0.0 0.0 1.0
0.836737334728241 0.3469462990760803 0.4236730933189392 -1.0075136423110962 -0.3541373312473297 -0.24728353321552277 0.901907742023468 0.8715382218360901 0.41768091917037964 -0.904698371887207 -0.08404472470283508 8.404147148132324 0.0 0.0 0.0 1.0
0.8105854392051697 0.36271631717681885 0.459769606590271 -0.914048969745636 -0.3803412914276123 -0.27091342210769653 0.88427734375 0.889777421951294 0.44529956579208374 -0.8916517496109009 -0.08164247870445251 8.550783157348633 0.0 0.0 0.0 1.0
0.792511522769928 0.3711315989494324 0.48392853140830994 -0.8454870581626892 -0.3976093530654907 -0.2872375547885895 0.8714364171028137 0.8422025442123413 0.4624200165271759 -0.8830379247665405 -0.08007367700338364 8.718036651611328 0.0 0.0 0.0 1.0
0.7622848749160767 0.3860364556312561 0.5195167660713196 -0.7222248315811157 -0.41959208250045776 -0.3164103031158447 0.8507802486419678 0.6040961146354675 0.4928126335144043 -0.8665220141410828 -0.07921694964170456 8.977045059204102 0.0 0.0 0.0 1.0
0.7239206433296204 0.4025774896144867 0.5602412819862366 -0.8229145407676697 -0.4519610106945038 -0.33679118752479553 0.8260163068771362 0.5321382284164429 0.5212199091911316 -0.851177453994751 -0.06186074763536453 9.127096176147461 0.0 0.0 0.0 1.0
0.6750908493995667 0.43044039607048035 0.599143922328949 -0.9784886837005615 -0.4768359363079071 -0.36510372161865234 0.7995791435241699 0.24175865948200226 0.5629208087921143 -0.8254818916320801 -0.041228730231523514 9.371111869812012 0.0 0.0 0.0 1.0
0.6492615342140198 0.44563227891921997 0.6163370013237 -1.030867576599121 -0.4886360168457031 -0.37659263610839844 0.7870278358459473 0.15826921164989471 0.5828329920768738 -0.8121513724327087 -0.026755131781101227 9.513014793395996 0.0 0.0 0.0 1.0
0.610505223274231 0.4669085443019867 0.6397497653961182 -1.1749993562698364 -0.5113926529884338 -0.38441383838653564 0.7685723900794983 0.2840253412723541 0.6047816872596741 -0.7963808178901672 0.0040869382210075855 9.560351371765137 0.0 0.0 0.0 1.0
0.5966511368751526 0.47350749373435974 0.6479182839393616 -1.101752519607544 -0.5246776938438416 -0.38074108958244324 0.7614128589630127 0.5886578559875488 0.6072238087654114 -0.7942460775375366 0.02126920223236084 9.5486478805542 0.0 0.0 0.0 1.0
0.5805104970932007 0.47786855697631836 0.6592793464660645 -1.1185485124588013 -0.5365774035453796 -0.3844955563545227 0.7511643767356873 0.6434445977210999 0.6124477982521057 -0.7898131608963013 0.033209770917892456 9.424612045288086 0.0 0.0 0.0 1.0
0.5533729195594788 0.4896717965602875 0.6737951636314392 -1.1048336029052734 -0.553266167640686 -0.3886105716228485 0.7368027567863464 0.7621994018554688 0.6226354837417603 -0.7805147767066956 0.055872272700071335 9.109742164611816 0.0 0.0 0.0 1.0
0.5196335911750793 0.5126277208328247 0.683515727519989 -1.0468708276748657 -0.5718334317207336 -0.3857366442680359 0.7240260243415833 0.8611631989479065 0.6348128914833069 -0.7670854330062866 0.0926959440112114 8.988058090209961 0.0 0.0 0.0 1.0
0.5093445181846619 0.510631263256073 0.6926932334899902 -0.8337442278862 -0.5851041674613953 -0.38476458191871643 0.7138692736625671 0.7536132335662842 0.631047785282135 -0.7689030766487122 0.10279475152492523 8.906548500061035 0.0 0.0 0.0 1.0
0.48463016748428345 0.522686779499054 0.7013787627220154 -0.7413933277130127 -0.5914290547370911 -0.39496999979019165 0.7030009627342224 0.5556107759475708 0.6444728970527649 -0.7555112242698669 0.11771776527166367 8.837845802307129 0.0 0.0 0.0 1.0
0.4530082643032074 0.5345904231071472 0.7134400010108948 -0.6231834888458252 -0.6038360595703125 -0.4047525227069855 0.6867004036903381 0.4367690980434418 0.6558700799942017 -0.7418817281723022 0.13944873213768005 8.715127944946289 0.0 0.0 0.0 1.0
0.4137190282344818 0.5404270887374878 0.7326493859291077 -0.576714813709259 -0.620212197303772 -0.4218127429485321 0.6613704562187195 0.40591248869895935 0.6664633750915527 -0.7280195951461792 0.1606675088405609 8.63772201538086 0.0 0.0 0.0 1.0
0.36353155970573425 0.5468119382858276 0.7542157769203186 -0.717414915561676 -0.6384539008140564 -0.44333165884017944 0.6291531324386597 0.47432073950767517 0.6783961653709412 -0.7102490663528442 0.18794919550418854 8.52462100982666 0.0 0.0 0.0 1.0
0.3258160650730133 0.5523986220359802 0.767267644405365 -0.8023964762687683 -0.6486622095108032 -0.4597974419593811 0.6064846515655518 0.5190496444702148 0.6878089904785156 -0.6952999830245972 0.20851071178913116 8.613309860229492 0.0 0.0 0.0 1.0
0.27181366086006165 0.5500799417495728 0.7896387577056885 -0.9587903618812561 -0.6653013825416565 -0.4854552447795868 0.5671924948692322 0.4676256775856018 0.6953355073928833 -0.6795184016227722 0.234015554189682 8.752314567565918 0.0 0.0 0.0 1.0
0.22325579822063446 0.5493274927139282 0.8052304983139038 -0.9575873613357544 -0.670337975025177 -0.5132108926773071 0.5359678864479065 0.43730518221855164 0.7076749205589294 -0.6594345569610596 0.2536577582359314 8.914752960205078 0.0 0.0 0.0 1.0
0.18729811906814575 0.5561711192131042 0.8096870183944702 -0.981433093547821 -0.6746720671653748 -0.5262642502784729 0.517555296421051 0.5578081011772156 0.7139586806297302 -0.6432103514671326 0.2766648530960083 9.090997695922852 0.0 0.0 0.0 1.0
0.1457027792930603 0.5586438179016113 0.816509485244751 -0.9495757818222046 -0.6714338064193726 -0.5503062605857849 0.49632611870765686 0.5866841077804565 0.7265998125076294 -0.6205481886863708 0.2949112057685852 9.435807228088379 0.0 0.0 0.0 1.0
0.10756430774927139 0.5611264109611511 0.8207113146781921 -1.036860466003418 -0.6689284443855286 -0.5698542594909668 0.47728487849235535 0.6174768209457397 0.7355030179023743 -0.600335955619812 0.31405743956565857 9.680984497070312 0.0 0.0 0.0 1.0
0.07505161315202713 0.5610123872756958 0.8243981599807739 -1.1188514232635498 -0.6691251993179321 -0.5846386551856995 0.45876917243003845 0.7182929515838623 0.7393501996994019 -0.5860569477081299 0.33150947093963623 9.719762802124023 0.0 0.0 0.0 1.0
0.05925422161817551 0.5646646022796631 0.8231906294822693 -1.0226919651031494 -0.6669080853462219 -0.5912116169929504 0.4535442888736725 0.9163142442703247 0.7427802681922913 -0.5758668780326843 0.3415476083755493 9.687322616577148 0.0 0.0 0.0 1.0
0.037938185036182404 0.5714908838272095 0.8197309374809265 -0.8635410666465759 -0.6681004762649536 -0.595516562461853 0.44609615206718445 1.1950738430023193 0.7431032657623291 -0.5645867586135864 0.3592205345630646 9.647672653198242 0.0 0.0 0.0 1.0
0.0020394662860780954 0.5798385143280029 0.8147289156913757 -0.8780252933502197 -0.6693935990333557 -0.6044771671295166 0.43187904357910156 1.445742130279541 0.7429051399230957 -0.5462551116943359 0.3869073688983917 9.425063133239746 0.0 0.0 0.0 1.0
-0.031934428960084915 0.586502194404602 0.8093178272247314 -0.8569408655166626 -0.6725305318832397 -0.6116134524345398 0.4166913628578186 1.5480791330337524 0.7393800616264343 -0.5309841632843018 0.4139721691608429 9.178128242492676 0.0 0.0 0.0 1.0
-0.038670577108860016 0.5845944285392761 0.81040358543396 -0.7963069677352905 -0.6798995733261108 -0.6097282767295837 0.40739163756370544 1.5265415906906128 0.7322848439216614 -0.5352389812469482 0.4210440516471863 9.100728988647461 0.0 0.0 0.0 1.0
-0.07174209505319595 0.583293616771698 0.8090869188308716 -0.8268545866012573 -0.675669252872467 -0.6251236796379089 0.3907574415206909 1.2485637664794922 0.7337057590484619 -0.5186414122581482 0.4389612674713135 9.019052505493164 0.0 0.0 0.0 1.0
