-0.9997161626815796 0.02064119279384613 -0.011898349039256573 1.1080315113067627 -0.02068115398287773 -0.9997808337211609 0.0032454002648591995 3.8777825832366943 -0.011828753165900707 0.0034905506763607264 0.9999239444732666 13.021157264709473 0.0 0.0 0.0 1.0
-0.999765932559967 0.013863400556147099 -0.016608785837888718 1.0652886629104614 -0.013914551585912704 -0.9998987913131714 0.0029681690502911806 3.9034273624420166 -0.0165659561753273 0.00319857825525105 0.9998576641082764 13.084994316101074 0.0 0.0 0.0 1.0
-0.9997209906578064 0.00816370453685522 -0.02216634526848793 1.0476727485656738 -0.008192405104637146 -0.9999657273292542 0.0012043151073157787 3.933082103729248 -0.022155754268169403 0.0013855746947228909 0.9997535943984985 13.218635559082031 0.0 0.0 0.0 1.0
-0.9994319677352905 -0.004532647784799337 -0.03339502215385437 1.0147448778152466 0.0043505774810910225 -0.9999752640724182 0.005522666499018669 3.952775239944458 -0.033419229090213776 0.0053742416203022 0.9994269609451294 13.215486526489258 0.0 0.0 0.0 1.0
-0.9982908368110657 -0.025598574429750443 -0.05253661796450615 0.9980259537696838 0.025231841951608658 -0.9996525049209595 0.007632042281329632 3.876549005508423 -0.05271373316645622 0.006293402519077063 0.998589813709259 13.30096435546875 0.0 0.0 0.0 1.0
-0.9844806790351868 -0.14935065805912018 -0.09215285629034042 1.0935641527175903 0.14592288434505463 -0.9883647561073303 0.04291428625583649 4.274294853210449 -0.09748990833759308 0.028801076114177704 0.994819700717926 12.843489646911621 0.0 0.0 0.0 1.0
-0.9816073775291443 -0.16305817663669586 -0.09929242730140686 0.9863534569740295 0.15958794951438904 -0.9862899780273438 0.04199662059545517 4.359941005706787 -0.10477902740240097 0.025378316640853882 0.994171679019928 12.711236000061035 0.0 0.0 0.0 1.0
-0.9761175513267517 -0.1837824136018753 -0.1158386841416359 0.8574578166007996 0.18051043152809143 -0.9828301668167114 0.03822121396660805 4.389286518096924 -0.12087414413690567 0.01639830507338047 0.9925323724746704 12.48250675201416 0.0 0.0 0.0 1.0
-0.9714387059211731 -0.1947263479232788 -0.13560408353805542 0.816596508026123 0.19435708224773407 -0.9807989597320557 0.016086574643850327 4.3913893699646 -0.13613282144069672 -0.01072849053889513 0.9906324744224548 12.902695655822754 0.0 0.0 0.0 1.0
-0.9652372598648071 -0.21026024222373962 -0.15526650846004486 0.9452526569366455 0.21365821361541748 -0.9768939018249512 -0.005338697694242001 4.193617343902588 -0.15055638551712036 -0.03832707554101944 0.9878581762313843 13.153555870056152 0.0 0.0 0.0 1.0
-0.8963114619255066 -0.38260138034820557 -0.2241472750902176 0.9139638543128967 0.38792428374290466 -0.9214380383491516 0.021604031324386597 4.2094807624816895 -0.214803546667099 -0.06758823245763779 0.9743158221244812 13.25561809539795 0.0 0.0 0.0 1.0
-0.8758857250213623 -0.4206998944282532 -0.23629601299762726 0.7096247673034668 0.42470091581344604 -0.9046056270599365 0.036301981657743454 4.298969745635986 -0.2290269434452057 -0.06855874508619308 0.9710027575492859 13.0495023727417 0.0 0.0 0.0 1.0
-0.8635213971138 -0.4365735650062561 -0.25245657563209534 0.6672656536102295 0.4415537118911743 -0.8963541388511658 0.039743371307849884 4.3010759353637695 -0.2436414211988449 -0.07715389132499695 0.9667916893959045 13.137529373168945 0.0 0.0 0.0 1.0
-0.8451840281486511 -0.46188485622406006 -0.2689356505870819 0.6646583080291748 0.4655666649341583 -0.8833637833595276 0.054001208394765854 4.135565280914307 -0.26251035928726196 -0.07956651598215103 0.9616430997848511 12.747316360473633 0.0 0.0 0.0 1.0
-0.8345692753791809 -0.4739604890346527 -0.2808123528957367 0.7214974761009216 0.47908535599708557 -0.8760565519332886 0.054792020469903946 3.984398603439331 -0.2719767391681671 -0.08880534023046494 0.9581974148750305 12.698504447937012 0.0 0.0 0.0 1.0
-0.7114231586456299 -0.6024731397628784 -0.3618054986000061 0.7946030497550964 0.60953688621521 -0.785227358341217 0.10900815576314926 3.7259318828582764 -0.3497740626335144 -0.1429828703403473 0.9258584976196289 12.750813484191895 0.0 0.0 0.0 1.0
-0.6781165599822998 -0.6310252547264099 -0.37678253650665283 0.6628013253211975 0.6363475918769836 -0.760610818862915 0.12858034670352936 3.620297908782959 -0.3677223324775696 -0.15257219970226288 0.9173341989517212 12.612444877624512 0.0 0.0 0.0 1.0
-0.6556543111801147 -0.6455968618392944 -0.39156374335289 0.5408980846405029 0.6526151895523071 -0.7453572154045105 0.13614718616008759 3.5787103176116943 -0.379751056432724 -0.16627496480941772 0.9100229740142822 12.759986877441406 0.0 0.0 0.0 1.0
-0.6247507333755493 -0.6659466624259949 -0.4076782166957855 0.43614521622657776 0.6749541759490967 -0.7230989933013916 0.14684921503067017 3.5681352615356445 -0.3925854563713074 -0.18341995775699615 0.9012401103973389 12.937131881713867 0.0 0.0 0.0 1.0
-0.6050004959106445 -0.677964985370636 -0.4175378680229187 0.3862326145172119 0.6869239807128906 -0.7095991969108582 0.15685783326625824 3.5936279296875 -0.40262866020202637 -0.19191770255565643 0.8950182795524597 12.990365028381348 0.0 0.0 0.0 1.0
-0.4414892792701721 -0.7672742605209351 -0.4651638865470886 0.9177531003952026 0.7704597115516663 -0.5898768901824951 0.24173766374588013 3.234337568283081 -0.45986849069595337 -0.25166547298431396 0.8515782356262207 12.07040786743164 0.0 0.0 0.0 1.0
-0.4165250360965729 -0.7731643915176392 -0.4782506823539734 0.8769583702087402 0.7785624265670776 -0.5749819874763489 0.2514682114124298 3.2166497707366943 -0.46941179037094116 -0.2676052153110504 0.841451108455658 12.345807075500488 0.0 0.0 0.0 1.0
-0.38875457644462585 -0.7894143462181091 -0.47507351636886597 1.1180741786956787 0.7949262857437134 -0.5480688214302063 0.2602168917655945 3.167149305343628 -0.4657919108867645 -0.27648788690567017 0.8405904769897461 12.191540718078613 0.0 0.0 0.0 1.0
-0.3667849004268646 -0.7926074862480164 -0.48707517981529236 1.2215197086334229 0.796543538570404 -0.53804612159729 0.2757258415222168 2.952035903930664 -0.48061129450798035 -0.28684452176094055 0.8286935687065125 12.303061485290527 0.0 0.0 0.0 1.0
-0.33804839849472046 -0.8004099726676941 -0.4950425624847412 1.5152407884597778 0.8091834783554077 -0.515791118144989 0.28139233589172363 2.56172251701355 -0.4805678129196167 -0.3054560124874115 0.822040855884552 12.460407257080078 0.0 0.0 0.0 1.0
-0.12703701853752136 -0.8653730750083923 -0.48475876450538635 1.7999533414840698 0.8511324524879456 -0.3460644781589508 0.3947315216064453 3.113443613052368 -0.5093477964401245 -0.36244839429855347 0.7805100679397583 12.170305252075195 0.0 0.0 0.0 1.0
-0.09745664894580841 -0.8726128339767456 -0.4785906672477722 1.7767411470413208 0.8522196412086487 -0.3215368986129761 0.4127175211906433 3.071274757385254 -0.5140271782875061 -0.36764228343963623 0.7749937176704407 12.063494682312012 0.0 0.0 0.0 1.0
-0.054101865738630295 -0.8770390748977661 -0.47736304998397827 1.7683829069137573 0.8551556468009949 -0.28751811385154724 0.4313260316848755 2.992628335952759 -0.5155403017997742 -0.38488417863845825 0.7655601501464844 12.330233573913574 0.0 0.0 0.0 1.0
-0.023933960124850273 -0.8752066493034363 -0.48315680027008057 1.671225905418396 0.8581017851829529 -0.26594868302345276 0.4392410218715668 2.863584041595459 -0.5129215717315674 -0.4040849208831787 0.7573815584182739 12.553242683410645 0.0 0.0 0.0 1.0
0.019270706921815872 -0.87473464012146 -0.48421892523765564 1.5452935695648193 0.8582153916358948 -0.23398956656455994 0.4568536579608917 2.8973474502563477 -0.5129278898239136 -0.4243680238723755 0.7462015748023987 12.885377883911133 0.0 0.0 0.0 1.0
0.22818535566329956 -0.8626342415809631 -0.4514350891113281 1.1443402767181396 0.8207539916038513 -0.07898566126823425 0.5657951235771179 3.0432369709014893 -0.5237311124801636 -0.4996233284473419 0.6899871230125427 12.463017463684082 0.0 0.0 0.0 1.0
0.2678133547306061 -0.8552415370941162 -0.44366419315338135 1.0042924880981445 0.8172468543052673 -0.042234908789396286 0.5747380256652832 3.090763568878174 -0.5102779269218445 -0.5165056586265564 0.6876323819160461 12.356724739074707 0.0 0.0 0.0 1.0
0.32430338859558105 -0.8408653140068054 -0.4333275854587555 0.7010821104049683 0.8050501942634583 0.004799969028681517 0.5931872129440308 3.0534937381744385 -0.4967106282711029 -0.5412231087684631 0.678495466709137 12.302096366882324 0.0 0.0 0.0 1.0
0.35485607385635376 -0.8304691910743713 -0.4294160008430481 0.6326648592948914 0.7961379885673523 0.027621950954198837 0.6044843196868896 2.9797911643981934 -0.490144282579422 -0.5563793182373047 0.6709699034690857 12.462834358215332 0.0 0.0 0.0 1.0
0.3964354693889618 -0.8174014687538147 -0.4179638624191284 0.5006226301193237 0.7821232676506042 0.062298811972141266 0.6200016140937805 2.9807422161102295 -0.48075157403945923 -0.5726898908615112 0.6640061736106873 12.35138988494873 0.0 0.0 0.0 1.0
0.5636666417121887 -0.7462782859802246 -0.3540459871292114 0.44367715716362 0.6980698108673096 0.20125281810760498 0.6871650815010071 3.4962306022644043 -0.4415636658668518 -0.634480893611908 0.6343938708305359 12.421392440795898 0.0 0.0 0.0 1.0
0.599624514579773 -0.7262745499610901 -0.33611860871315 0.2819562256336212 0.6694865822792053 0.2251306027173996 0.7078869342803955 3.391397714614868 -0.4384496510028839 -0.6494932770729065 0.6212248802185059 12.41300106048584 0.0 0.0 0.0 1.0
0.62349933385849 -0.7085791230201721 -0.3304000198841095 0.1432509869337082 0.6542152166366577 0.24146366119384766 0.7167271375656128 3.2563424110412598 -0.428078293800354 -0.6630315780639648 0.6141156554222107 12.454394340515137 0.0 0.0 0.0 1.0
0.6531383395195007 -0.6847856044769287 -0.32323214411735535 0.12460239976644516 0.6385815739631653 0.2686842083930969 0.7211257815361023 3.01128888130188 -0.4069691598415375 -0.6774049401283264 0.612779438495636 12.212823867797852 0.0 0.0 0.0 1.0
0.671840488910675 -0.668769121170044 -0.31839945912361145 0.1734149158000946 0.6274412274360657 0.28540220856666565 0.7244743704795837 2.8389947414398193 -0.393634170293808 -0.6865081787109375 0.6113580465316772 11.91645336151123 0.0 0.0 0.0 1.0
0.8114110231399536 -0.529331624507904 -0.24783086776733398 0.3275047540664673 0.500823974609375 0.4110886752605438 0.7616963982582092 3.1478025913238525 -0.3013095259666443 -0.7421685457229614 0.598663866519928 10.239372253417969 0.0 0.0 0.0 1.0
0.8351207971572876 -0.49997445940971375 -0.2293441742658615 0.25146469473838806 0.4667828679084778 0.4235621988773346 0.7763432264328003 3.2239789962768555 -0.2910102605819702 -0.7553943395614624 0.5871051549911499 10.051640510559082 0.0 0.0 0.0 1.0
0.8510251045227051 -0.4801819920539856 -0.2125595360994339 0.15112628042697906 0.4397272765636444 0.43037471175193787 0.7883003950119019 3.3000259399414062 -0.2870473861694336 -0.7643316388130188 0.5774087905883789 10.051023483276367 0.0 0.0 0.0 1.0
0.8731456398963928 -0.4467703700065613 -0.19496893882751465 0.1439700722694397 0.4058566987514496 0.4447600543498993 0.7984164357185364 3.4299118518829346 -0.2699944078922272 -0.7762632966041565 0.5696650743484497 9.960540771484375 0.0 0.0 0.0 1.0
0.8872177004814148 -0.4232530891895294 -0.18357986211776733 0.2427099645137787 0.383661150932312 0.45589396357536316 0.8030970096588135 3.4903855323791504 -0.25622034072875977 -0.7829543352127075 0.566862940788269 9.905074119567871 0.0 0.0 0.0 1.0
0.9542470574378967 -0.2853042781352997 -0.08952083438634872 1.3559622764587402 0.22885477542877197 0.5041506290435791 0.8327410221099854 2.4926633834838867 -0.1924525946378708 -0.815127968788147 0.5463775396347046 9.324588775634766 0.0 0.0 0.0 1.0
0.9652879238128662 -0.2525383234024048 -0.0666603147983551 1.2726259231567383 0.1904546022415161 0.5059131979942322 0.8412959575653076 2.2969143390655518 -0.17873515188694 -0.8247885704040527 0.5364489555358887 9.46562385559082 0.0 0.0 0.0 1.0
0.9780339598655701 -0.20745418965816498 -0.02030591107904911 0.9430885314941406 0.1285172700881958 0.5234424471855164 0.8423131108283997 2.383512258529663 -0.1641124039888382 -0.8264204859733582 0.5386059284210205 9.589706420898438 0.0 0.0 0.0 1.0
0.9859738945960999 -0.16680608689785004 -0.005583005491644144 0.6435115337371826 0.09505162388086319 0.5337154865264893 0.8403052687644958 2.430598020553589 -0.13718830049037933 -0.8290497660636902 0.5420847535133362 9.659981727600098 0.0 0.0 0.0 1.0
0.9936362504959106 -0.11058934777975082 0.021376820281147957 0.21103604137897491 0.04238326847553253 0.5429314374923706 0.8387067914009094 2.504260540008545 -0.10435818135738373 -0.8324634432792664 0.5441635251045227 9.7351713180542 0.0 0.0 0.0 1.0
0.9949498176574707 0.04696730524301529 0.08870680630207062 0.15883612632751465 -0.09978768974542618 0.5581827163696289 0.8236956000328064 3.277897834777832 -0.01082784216850996 -0.8283876776695251 0.5600505471229553 10.106680870056152 0.0 0.0 0.0 1.0
0.9925530552864075 0.06790277361869812 0.101131871342659 0.17854328453540802 -0.121812604367733 0.5507963299751282 0.8257027864456177 3.116112470626831 0.00036444413126446307 -0.8318729400634766 0.5549659729003906 10.36355209350586 0.0 0.0 0.0 1.0
0.9858438968658447 0.10323871672153473 0.13211220502853394 0.152311772108078 -0.1671348214149475 0.5424335598945618 0.8233053684234619 2.898252248764038 0.013334897346794605 -0.8337311148643494 0.5520095825195312 10.34263801574707 0.0 0.0 0.0 1.0
0.9797866940498352 0.1300113946199417 0.15203650295734406 0.09713355451822281 -0.19851018488407135 0.5379180908203125 0.8192910552024841 2.880606174468994 0.02473398484289646 -0.8329112529754639 0.5528535842895508 10.38221549987793 0.0 0.0 0.0 1.0
0.9674575328826904 0.17139066755771637 0.18614807724952698 -0.060361169278621674 -0.24984148144721985 0.5305547118186951 0.8099943995475769 3.0007152557373047 0.04006374627351761 -0.8301427364349365 0.5561096668243408 10.516836166381836 0.0 0.0 0.0 1.0
0.8981533646583557 0.36714380979537964 0.24192143976688385 0.5560750961303711 -0.4057571291923523 0.48017632961273193 0.777683675289154 3.586574077606201 0.16935677826404572 -0.7966405153274536 0.5802431702613831 10.041983604431152 0.0 0.0 0.0 1.0
0.8807119727134705 0.3885498046875 0.2708791196346283 0.43489307165145874 -0.44246557354927063 0.47081458568573 0.7632547616958618 3.6028401851654053 0.16902866959571838 -0.7920622825622559 0.5865719318389893 9.85969066619873 0.0 0.0 0.0 1.0
0.8532794117927551 0.43648239970207214 0.28530216217041016 0.3361159861087799 -0.48149871826171875 0.4494706690311432 0.7524194717407227 3.5030534267425537 0.20018291473388672 -0.7793967127799988 0.5936897993087769 9.771574020385742 0.0 0.0 0.0 1.0
0.8323142528533936 0.466758131980896 0.298981249332428 0.24031004309654236 -0.5106030106544495 0.43568652868270874 0.7412569522857666 3.418332815170288 0.2157256007194519 -0.7696194648742676 0.6009562015533447 9.677786827087402 0.0 0.0 0.0 1.0
0.8024848103523254 0.5001234412193298 0.32541462779045105 0.11831808090209961 -0.5523218512535095 0.41630032658576965 0.7222427725791931 3.2825307846069336 0.22574031352996826 -0.759322464466095 0.6103038191795349 9.724839210510254 0.0 0.0 0.0 1.0
0.686690092086792 0.6357278227806091 0.3525717556476593 -0.14900614321231842 -0.6501649022102356 0.32013747096061707 0.6890555620193481 3.308641195297241 0.32518038153648376 -0.7023974657058716 0.6331631541252136 10.586007118225098 0.0 0.0 0.0 1.0
0.6685345768928528 0.6491338610649109 0.3628866672515869 0.025789882987737656 -0.665930449962616 0.3053131103515625 0.6806765794754028 3.1969878673553467 0.3310561180114746 -0.6967130899429321 0.6363903284072876 10.62460994720459 0.0 0.0 0.0 1.0
0.6524237990379333 0.6596552729606628 0.37309253215789795 0.09432915598154068 -0.6821978688240051 0.29677799344062805 0.6682282090187073 3.138225555419922 0.33007460832595825 -0.6904909014701843 0.6436404585838318 10.527019500732422 0.0 0.0 0.0 1.0
0.6189388036727905 0.6726727485656738 0.40549489855766296 -0.005773170851171017 -0.7137002348899841 0.266106516122818 0.64793461561203 2.7850122451782227 0.3279431164264679 -0.6904336810112 0.6447903513908386 10.770261764526367 0.0 0.0 0.0 1.0
0.5969308614730835 0.6922179460525513 0.40559571981430054 -0.001929490827023983 -0.725024402141571 0.24896180629730225 0.6421507596969604 2.7265748977661133 0.34353044629096985 -0.6773864030838013 0.6504878997802734 10.558188438415527 0.0 0.0 0.0 1.0
0.4024772047996521 0.7950639724731445 0.45374596118927 0.08248207718133926 -0.8243929743766785 0.09930616617202759 0.5572382807731628 2.6585781574249268 0.39798030257225037 -0.5983406901359558 0.6954136490821838 10.866143226623535 0.0 0.0 0.0 1.0
0.35995030403137207 0.804787278175354 0.47196733951568604 0.09121696650981903 -0.8461305499076843 0.06846791505813599 0.5285595655441284 2.593626022338867 0.39306339621543884 -0.5896011590957642 0.7056002020835876 11.049555778503418 0.0 0.0 0.0 1.0
0.33338290452957153 0.8105142116546631 0.4815833866596222 0.11987074464559555 -0.8558787107467651 0.045967601239681244 0.5151297450065613 2.5489749908447266 0.39538273215293884 -0.5839124321937561 0.7090266346931458 11.250515937805176 0.0 0.0 0.0 1.0
0.29328715801239014 0.8217944502830505 0.4885043799877167 0.1725890338420868 -0.8685255646705627 0.015479639172554016 0.4954025447368622 2.593505382537842 0.3995571732521057 -0.5695737600326538 0.7182894945144653 11.282671928405762 0.0 0.0 0.0 1.0
0.26590216159820557 0.8256136775016785 0.4976525604724884 0.10898972302675247 -0.8780310750007629 -0.005682005546987057 0.4785698652267456 2.5642220973968506 0.3979414999485016 -0.5642071962356567 0.7234036326408386 11.454031944274902 0.0 0.0 0.0 1.0
0.08928128331899643 0.8569932579994202 0.5075346231460571 0.5314944982528687 -0.9032315611839294 -0.14509178698062897 0.4038825035095215 2.1664721965789795 0.4197636842727661 -0.4944804608821869 0.7611094117164612 10.549236297607422 0.0 0.0 0.0 1.0
0.06950782984495163 0.8629524111747742 0.5004815459251404 0.8200086951255798 -0.9024357199668884 -0.15943543612957 0.4002376198768616 2.210095167160034 0.42518049478530884 -0.4794720709323883 0.7676770687103271 10.298486709594727 0.0 0.0 0.0 1.0
0.02787400409579277 0.8673927187919617 0.4968429207801819 0.9611859321594238 -0.9036381840705872 -0.1906452625989914 0.3835263252258301 2.237555742263794 0.4273886978626251 -0.45965662598609924 0.7784951329231262 10.261362075805664 0.0 0.0 0.0 1.0
-0.003074265317991376 0.8677841424942017 0.496931791305542 0.8791118860244751 -0.9067553281784058 -0.21195034682750702 0.36451593041419983 2.196725606918335 0.42164599895477295 -0.44947490096092224 0.7875195145606995 10.26784896850586 0.0 0.0 0.0 1.0
-0.0646735206246376 0.8653845191001892 0.4969175159931183 0.4528925120830536 -0.9070565104484558 -0.25857073068618774 0.3322494328022003 2.0996744632720947 0.41601184010505676 -0.4292445182800293 0.8016753196716309 10.393750190734863 0.0 0.0 0.0 1.0
-0.29850858449935913 0.8369417190551758 0.45871686935424805 0.4592284858226776 -0.8642690181732178 -0.44094276428222656 0.2420920431613922 1.8259012699127197 0.40488481521606445 -0.3241882026195526 0.8549680113792419 10.289565086364746 0.0 0.0 0.0 1.0
-0.3369400203227997 0.8282605409622192 0.4477230906486511 0.291122168302536 -0.8544729351997375 -0.46870604157447815 0.22403265535831451 1.741053581237793 0.39540791511535645 -0.3070816993713379 0.8656520247459412 10.325220108032227 0.0 0.0 0.0 1.0
-0.3901001214981079 0.8127604722976685 0.4327150285243988 0.09530732035636902 -0.8360278010368347 -0.5095786452293396 0.20343831181526184 1.6602720022201538 0.3858489692211151 -0.2824004888534546 0.8782770037651062 10.330506324768066 0.0 0.0 0.0 1.0
-0.415990948677063 0.8050039410591125 0.42298954725265503 0.16040590405464172 -0.825171172618866 -0.529628574848175 0.19643354415893555 1.7108874320983887 0.3821571171283722 -0.26732420921325684 0.884586751461029 10.308725357055664 0.0 0.0 0.0 1.0
-0.44007810950279236 0.8000941872596741 0.40765243768692017 0.5381147265434265 -0.8134042620658875 -0.5475096702575684 0.19648583233356476 1.8299994468688965 0.3804008364677429 -0.24511709809303284 0.8917470574378967 10.460678100585938 0.0 0.0 0.0 1.0
-0.6238422393798828 0.7035873532295227 0.34027299284935 0.6019651889801025 -0.7197550535202026 -0.6868841648101807 0.10071161389350891 1.7335072755813599 0.30458754301071167 -0.1820850372314453 0.9349178671836853 11.535874366760254 0.0 0.0 0.0 1.0
-0.6481297016143799 0.6821006536483765 0.3386244475841522 0.6854997873306274 -0.6985028386116028 -0.7096104621887207 0.09244853258132935 1.538641333580017 0.30335065722465515 -0.1766114979982376 0.9363689422607422 11.855634689331055 0.0 0.0 0.0 1.0
-0.6816455721855164 0.655913233757019 0.3242485523223877 0.6721600890159607 -0.6706889867782593 -0.7372553944587708 0.08142943680286407 1.414300799369812 0.29246464371681213 -0.16196392476558685 0.9424606561660767 11.75903034210205 0.0 0.0 0.0 1.0
-0.7054057717323303 0.6359341740608215 0.3130342364311218 0.5861296653747559 -0.6496936082839966 -0.7566697597503662 0.0731375515460968 1.3718414306640625 0.28337422013282776 -0.15178468823432922 0.9469215869903564 11.694474220275879 0.0 0.0 0.0 1.0
-0.737647294998169 0.6110416650772095 0.28723612427711487 0.3858940899372101 -0.6218183636665344 -0.780571699142456 0.06363821029663086 1.5082135200500488 0.2630939781665802 -0.1316661536693573 0.9557434916496277 11.405757904052734 0.0 0.0 0.0 1.0
-0.8625066876411438 0.464728444814682 0.20027413964271545 0.20848648250102997 -0.4713336229324341 -0.8818037509918213 0.016332091763615608 2.134357213973999 0.1841924786567688 -0.08030939847230911 0.9796037673950195 11.374917984008789 0.0 0.0 0.0 1.0
-0.8787989020347595 0.4395475685596466 0.18576981127262115 0.4072064757347107 -0.4469025135040283 -0.8945790529251099 0.002543926239013672 1.9159058332443237 0.16730394959449768 -0.08078539371490479 0.9825900197029114 11.50661849975586 0.0 0.0 0.0 1.0
-0.8886067271232605 0.4217583239078522 0.18027207255363464 0.5991535782814026 -0.4284132122993469 -0.9035801887512207 0.002227805322036147 1.7667735815048218 0.16382986307144165 -0.07525129616260529 0.9836142659187317 11.45878791809082 0.0 0.0 0.0 1.0
-0.9049621224403381 0.3897932469844818 0.17060111463069916 0.8258593082427979 -0.3960930109024048 -0.9182049632072449 -0.003160004038363695 1.562975287437439 0.15541504323482513 -0.0704335942864418 0.985335111618042 11.437756538391113 0.0 0.0 0.0 1.0
-0.9149447083473206 0.36851024627685547 0.16454896330833435 0.8935601711273193 -0.3739849627017975 -0.9274314641952515 -0.0024767776485532522 1.500023365020752 0.15169517695903778 -0.06380495429039001 0.986365795135498 11.334146499633789 0.0 0.0 0.0 1.0
-0.9716267585754395 0.23047074675559998 0.053147945553064346 0.7763420343399048 -0.23057393729686737 -0.9730454683303833 0.004265634808689356 1.6181813478469849 0.05269847437739372 -0.008109926246106625 0.9985775351524353 10.228813171386719 0.0 0.0 0.0 1.0
-0.9786818623542786 0.19786982238292694 0.05503993108868599 1.0093916654586792 -0.19802379608154297 -0.9801934957504272 0.0026966503355652094 1.579905390739441 0.05448336899280548 -0.00826005358248949 0.998480498790741 10.48101806640625 0.0 0.0 0.0 1.0
-0.9819834232330322 0.18529047071933746 0.03709482401609421 1.0610851049423218 -0.18546122312545776 -0.982650876045227 -0.0011861309176310897 1.5701898336410522 0.03623148053884506 -0.008044412359595299 0.9993110299110413 10.656299591064453 0.0 0.0 0.0 1.0
-0.9865991473197937 0.15915614366531372 0.035936884582042694 1.2907121181488037 -0.15956410765647888 -0.987148642539978 -0.008766484446823597 1.5595461130142212 0.03407980874180794 -0.014383243396878242 0.999315619468689 10.951277732849121 0.0 0.0 0.0 1.0
-0.9896577596664429 0.14174464344978333 0.022044993937015533 1.3190891742706299 -0.1419958770275116 -0.9898139238357544 -0.010274155996739864 1.726991057395935 0.02036413550376892 -0.013298196718096733 0.9997041821479797 11.023782730102539 0.0 0.0 0.0 1.0
-0.9980976581573486 0.016023173928260803 -0.05953430011868477 1.032750129699707 -0.016994914039969444 -0.9997299313545227 0.01585199311375618 2.985814094543457 -0.05926422029733658 0.01683361642062664 0.9981003999710083 11.511340141296387 0.0 0.0 0.0 1.0
-0.9972984790802002 -0.0004663824802264571 -0.07345389574766159 0.6814655065536499 -0.0008517776732333004 -0.999839186668396 0.017913060262799263 2.9898998737335205 -0.07345043122768402 0.01792723499238491 0.997137725353241 11.489998817443848 0.0 0.0 0.0 1.0
-0.996527910232544 -0.018278783187270164 -0.0812281146645546 0.22932077944278717 0.017295608296990395 -0.9997686147689819 0.012791119515895844 3.037116765975952 -0.08144313097000122 0.011341818608343601 0.9966134428977966 11.644190788269043 0.0 0.0 0.0 1.0
-0.9958894848823547 -0.022303296253085136 -0.08778787404298782 -0.043377991765737534 0.021657630801200867 -0.9997310042381287 0.008300591260194778 3.1717348098754883 -0.08794938772916794 0.006365194451063871 0.9961045980453491 11.822368621826172 0.0 0.0 0.0 1.0
-0.9956190586090088 -0.02570044808089733 -0.08990088105201721 -0.257573664188385 0.025277314707636833 -0.9996634125709534 0.005842213518917561 3.3596010208129883 -0.09002076834440231 0.0035441662184894085 0.9959335923194885 12.046642303466797 0.0 0.0 0.0 1.0
-0.9953045845031738 -0.028665920719504356 -0.09244997054338455 -0.03432123363018036 0.031086599454283714 -0.9992077350616455 -0.024850478395819664 2.6407463550567627 -0.09166436642408371 -0.0276077501475811 0.9954071640968323 12.647928237915039 0.0 0.0 0.0 1.0
-0.9954977035522461 -0.02394590526819229 -0.09171078354120255 0.10195770114660263 0.025664109736680984 -0.9995156526565552 -0.01760159805417061 2.7663581371307373 -0.0912448838353157 -0.01987602561712265 0.9956300854682922 12.551812171936035 0.0 0.0 0.0 1.0