-0.9410556554794312 0.2350694239139557 0.24322132766246796 -0.35472652316093445 -0.23110803961753845 -0.9718813300132751 0.04511958733201027 1.908217191696167 0.24698850512504578 -0.013750364072620869 0.9689208269119263 10.572073936462402 0.0 0.0 0.0 1.0
-0.9410611987113953 0.2350272536277771 0.24324071407318115 -0.3232139050960541 -0.23116952180862427 -0.9718856811523438 0.044708676636219025 1.8797986507415771 0.24690993130207062 -0.014156238175928593 0.9689350128173828 10.560571670532227 0.0 0.0 0.0 1.0
-0.9418599009513855 0.23412127792835236 0.24101276695728302 -0.122979074716568 -0.22873269021511078 -0.972178041934967 0.05050945281982422 1.766178846359253 0.24613265693187714 -0.007554673124104738 0.969206690788269 10.495121002197266 0.0 0.0 0.0 1.0
-0.9432011842727661 0.23555316030979156 0.2342781126499176 -0.2132738083600998 -0.22786392271518707 -0.9718568921089172 0.05976846441626549 1.477009654045105 0.24176344275474548 0.0029901606030762196 0.9703305959701538 10.13749885559082 0.0 0.0 0.0 1.0
-0.9455568194389343 0.2339903563261032 0.22620956599712372 -0.2720986306667328 -0.22071151435375214 -0.9718283414840698 0.08268071711063385 1.1078705787658691 0.23918335139751434 0.028252260759472847 0.9705632925033569 9.433216094970703 0.0 0.0 0.0 1.0
-0.9491117596626282 0.23098324239253998 0.21408779919147491 -0.20582184195518494 -0.21122168004512787 -0.9710795283317566 0.11130999773740768 0.9465948343276978 0.23360702395439148 0.060425642877817154 0.9704517126083374 9.346976280212402 0.0 0.0 0.0 1.0
-0.9538488388061523 0.22170262038707733 0.20253480970859528 -0.2985230088233948 -0.19894741475582123 -0.9717739224433899 0.12678846716880798 0.9874945282936096 0.2249273806810379 0.08064325898885727 0.9710326194763184 9.460963249206543 0.0 0.0 0.0 1.0
-0.9591634273529053 0.20851032435894012 0.19112563133239746 -0.08436549454927444 -0.18593332171440125 -0.9739934802055359 0.12948164343833923 1.1663837432861328 0.21315337717533112 0.0886574313044548 0.972987949848175 9.525582313537598 0.0 0.0 0.0 1.0
-0.9650157690048218 0.19565846025943756 0.17453454434871674 0.16630619764328003 -0.17498329281806946 -0.9763442873954773 0.12701430916786194 1.048026204109192 0.19525723159313202 0.09203018248081207 0.9764246344566345 9.552800178527832 0.0 0.0 0.0 1.0
-0.9705901145935059 0.18200035393238068 0.15757758915424347 0.22522573173046112 -0.16340842843055725 -0.9787432551383972 0.12393264472484589 1.000497817993164 0.17678378522396088 0.09453829377889633 0.9796989560127258 9.415322303771973 0.0 0.0 0.0 1.0
-0.9752702116966248 0.1722383350133896 0.13849888741970062 -0.08474674075841904 -0.15657077729701996 -0.9807024598121643 0.11708218604326248 1.03233802318573 0.15599225461483002 0.09250189363956451 0.9834173917770386 9.442883491516113 0.0 0.0 0.0 1.0
-0.983758270740509 0.1445169299840927 0.10646352916955948 -0.016379069536924362 -0.13342581689357758 -0.985497236251831 0.10484619438648224 1.0574625730514526 0.12007156759500504 0.08893832564353943 0.9887734055519104 9.609682083129883 0.0 0.0 0.0 1.0
-0.9952762722969055 0.09214060008525848 0.030582528561353683 -0.10923697054386139 -0.08907248079776764 -0.9919627904891968 0.08986581116914749 1.1653943061828613 0.03861701861023903 0.08671724796295166 0.9954842329025269 9.776966094970703 0.0 0.0 0.0 1.0
-0.9975966215133667 0.06889689713716507 -0.007360357791185379 -0.1287160962820053 -0.06926518678665161 -0.9943933486938477 0.07990139722824097 1.0183407068252563 -0.0018141326727345586 0.08021917939186096 0.9967756271362305 9.830144882202148 0.0 0.0 0.0 1.0
-0.9979998469352722 0.04724510759115219 -0.04200257733464241 -0.2787063419818878 -0.05011469125747681 -0.9962790608406067 0.07011817395687103 0.9673771262168884 -0.03853354975581169 0.07208287715911865 0.9966540336608887 9.906526565551758 0.0 0.0 0.0 1.0
-0.9957761168479919 0.018965089693665504 -0.08983462303876877 -0.3608190715312958 -0.024357309564948082 -0.9979422092437744 0.05931304022669792 0.8882417678833008 -0.08852488547563553 0.06125063821673393 0.9941889643669128 9.96042251586914 0.0 0.0 0.0 1.0
-0.9924404621124268 -0.00120656774379313 -0.12272120267152786 -0.3174170255661011 -0.004694491159170866 -0.9988466501235962 0.04778456315398216 0.9900206923484802 -0.1226373165845871 0.04799944534897804 0.9912901520729065 9.883084297180176 0.0 0.0 0.0 1.0
-0.9858409762382507 -0.022700658068060875 -0.16613923013210297 0.08084370195865631 0.016606992110610008 -0.9991406202316284 0.03797595947980881 1.2025099992752075 -0.16685853898525238 0.03467918559908867 0.9853707551956177 9.776164054870605 0.0 0.0 0.0 1.0
-0.9789695143699646 -0.039111893624067307 -0.20022214949131012 0.18722088634967804 0.033483851701021194 -0.9989452362060547 0.031419944018125534 1.055650234222412 -0.20123986899852753 0.024054959416389465 0.9792465567588806 9.521329879760742 0.0 0.0 0.0 1.0
-0.9650121331214905 -0.0698443204164505 -0.2527318596839905 0.13982678949832916 0.06525599956512451 -0.9975165724754333 0.026502544060349464 0.9629443883895874 -0.25395524501800537 0.009083007462322712 0.9671733379364014 9.383974075317383 0.0 0.0 0.0 1.0
-0.9567907452583313 -0.08469875901937485 -0.2781682312488556 0.04278703033924103 0.08145348727703094 -0.9964064955711365 0.023224972188472748 0.8624137043952942 -0.2791357636451721 -0.00043633615132421255 0.9602515697479248 9.265823364257812 0.0 0.0 0.0 1.0
-0.9515736699104309 -0.09475567936897278 -0.2924533486366272 0.1576567441225052 0.09292082488536835 -0.9954687356948853 0.020192310214042664 1.0112189054489136 -0.29304149746894836 -0.00796053558588028 0.9560666084289551 9.21685791015625 0.0 0.0 0.0 1.0
-0.9456562399864197 -0.10216066241264343 -0.30870285630226135 0.2540281414985657 0.10136635601520538 -0.9946742653846741 0.01865500584244728 0.8854312300682068 -0.3089645802974701 -0.013650858774781227 0.9509755969047546 9.628479957580566 0.0 0.0 0.0 1.0
-0.9244430065155029 -0.13533109426498413 -0.35649773478507996 -0.1049545556306839 0.13591691851615906 -0.9904406666755676 0.023534448817372322 0.7099223136901855 -0.35627481341362 -0.026697814464569092 0.9339997172355652 9.578654289245605 0.0 0.0 0.0 1.0
-0.9029350876808167 -0.1630033254623413 -0.397665798664093 -0.29682454466819763 0.16626836359500885 -0.9857237935066223 0.02652154676616192 0.7413700819015503 -0.39631175994873047 -0.04217200726270676 0.9171469211578369 9.56501293182373 0.0 0.0 0.0 1.0
-0.8766297698020935 -0.19049158692359924 -0.44185197353363037 -0.28004175424575806 0.19759900867938995 -0.97981196641922 0.030382923781871796 0.7942222356796265 -0.4387195408344269 -0.06067493185400963 0.8965733051300049 9.597529411315918 0.0 0.0 0.0 1.0
-0.8520844578742981 -0.21064971387386322 -0.47914373874664307 -0.2132895141839981 0.22182506322860718 -0.974495530128479 0.03394288197159767 0.7169182896614075 -0.47407349944114685 -0.07736388593912125 0.8770799040794373 9.489266395568848 0.0 0.0 0.0 1.0
-0.8298361301422119 -0.22712932527065277 -0.5096904039382935 -0.2535645365715027 0.24314334988594055 -0.9693189859390259 0.03608394414186478 0.6669194102287292 -0.5022482872009277 -0.09398406744003296 0.859600841999054 9.472089767456055 0.0 0.0 0.0 1.0
-0.8087643980979919 -0.24092431366443634 -0.5365217924118042 -0.2137984335422516 0.2632056176662445 -0.9640622735023499 0.036148957908153534 0.8975765109062195 -0.5259495973587036 -0.11197956651449203 0.8431118726730347 9.437868118286133 0.0 0.0 0.0 1.0
-0.7844012975692749 -0.25114619731903076 -0.567133367061615 -0.10292300581932068 0.28201550245285034 -0.958788275718689 0.03452926501631737 1.0389984846115112 -0.5524327158927917 -0.1328555941581726 0.8229019045829773 9.549878120422363 0.0 0.0 0.0 1.0
-0.7695879936218262 -0.2579955756664276 -0.5840998291969299 -0.18751342594623566 0.2959866523742676 -0.9546661376953125 0.031692985445261 1.3138176202774048 -0.565796971321106 -0.14849519729614258 0.8110628724098206 9.60743522644043 0.0 0.0 0.0 1.0
-0.7565159797668457 -0.2604092061519623 -0.5998921394348145 -0.18420955538749695 0.3076082468032837 -0.9511850476264954 0.024982482194900513 1.4893813133239746 -0.5771141648292542 -0.16563212871551514 0.7996907234191895 9.754511833190918 0.0 0.0 0.0 1.0
-0.7373217344284058 -0.268108069896698 -0.6200602650642395 -0.0738721638917923 0.32383668422698975 -0.9458115696907043 0.023881342262029648 1.7144355773925781 -0.5928629040718079 -0.1831900179386139 0.7841906547546387 9.920487403869629 0.0 0.0 0.0 1.0
-0.7185729742050171 -0.2748217284679413 -0.6388473510742188 0.15188832581043243 0.3374999761581421 -0.9409887194633484 0.025179369375109673 2.060439109802246 -0.6080679893493652 -0.1975177526473999 0.7689213752746582 9.827142715454102 0.0 0.0 0.0 1.0
-0.7100588083267212 -0.278731107711792 -0.6466261744499207 0.10680203139781952 0.34426307678222656 -0.9384989142417908 0.026509609073400497 1.8196158409118652 -0.6142470240592957 -0.20378613471984863 0.7623462677001953 9.697083473205566 0.0 0.0 0.0 1.0
-0.7059962153434753 -0.2839873433113098 -0.6487839221954346 0.00664873281493783 0.35048529505729675 -0.9361382722854614 0.028376366943120956 1.7868331670761108 -0.6154099702835083 -0.20735560357570648 0.7604434490203857 9.645109176635742 0.0 0.0 0.0 1.0
-0.698734700679779 -0.28936487436294556 -0.6542459726333618 -0.01864582672715187 0.3581070601940155 -0.9331893920898438 0.030279770493507385 1.7037980556488037 -0.6192973256111145 -0.2131325751543045 0.7556754350662231 9.73425579071045 0.0 0.0 0.0 1.0
-0.6496267318725586 -0.3132041394710541 -0.6927396655082703 0.3093326985836029 0.3887653052806854 -0.9199052453041077 0.05134075507521629 1.849751591682434 -0.6533349752426147 -0.23596082627773285 0.719357967376709 9.806293487548828 0.0 0.0 0.0 1.0
-0.6316366791725159 -0.3233359754085541 -0.7046197056770325 0.11681981384754181 0.398967444896698 -0.914855420589447 0.062165744602680206 1.7046089172363281 -0.6647256016731262 -0.24185416102409363 0.7068567276000977 9.768478393554688 0.0 0.0 0.0 1.0
-0.6034786701202393 -0.33768925070762634 -0.7223430275917053 -0.00843112263828516 0.4160401225090027 -0.9061611294746399 0.07604356855154037 1.6251425743103027 -0.6802382469177246 -0.25463300943374634 0.6873412132263184 9.762255668640137 0.0 0.0 0.0 1.0
-0.564314067363739 -0.35606589913368225 -0.74482661485672 -0.04247128590941429 0.4366697371006012 -0.8944061994552612 0.09673213213682175 1.5849881172180176 -0.7006205916404724 -0.27065595984458923 0.6602091789245605 9.760095596313477 0.0 0.0 0.0 1.0
-0.513100266456604 -0.3760225176811218 -0.7715796828269958 -0.20567572116851807 0.46039053797721863 -0.8792468309402466 0.1223335862159729 1.5784342288970947 -0.7244091629981995 -0.29245859384536743 0.6242589950561523 9.572508811950684 0.0 0.0 0.0 1.0
-0.46051737666130066 -0.39558011293411255 -0.794632077217102 -0.3386586606502533 0.4826655089855194 -0.8628917932510376 0.1498391330242157 1.4442973136901855 -0.7449548840522766 -0.31453797221183777 0.5883095264434814 9.404730796813965 0.0 0.0 0.0 1.0
-0.43738141655921936 -0.4073960483074188 -0.8017019033432007 -0.3456609547138214 0.4939306974411011 -0.8538166284561157 0.16440698504447937 1.4373993873596191 -0.7514851689338684 -0.3240766227245331 0.5746689438819885 9.280550003051758 0.0 0.0 0.0 1.0
-0.4003366529941559 -0.4229446351528168 -0.8129258155822754 -0.4215354323387146 0.5093996524810791 -0.8401349186897278 0.18623988330364227 1.5492626428604126 -0.7617365717887878 -0.33954548835754395 0.5517846345901489 9.113225936889648 0.0 0.0 0.0 1.0
-0.35594868659973145 -0.43630293011665344 -0.8264020085334778 -0.41273340582847595 0.5248551368713379 -0.8250070810317993 0.20950034260749817 1.4736429452896118 -0.7731931209564209 -0.35916998982429504 0.5226560235023499 9.03975772857666 0.0 0.0 0.0 1.0
-0.32914480566978455 -0.4490429759025574 -0.8306769132614136 -0.39698851108551025 0.5364294648170471 -0.8128799200057983 0.22686925530433655 1.3450771570205688 -0.7771146297454834 -0.37092673778533936 0.508435070514679 9.120281219482422 0.0 0.0 0.0 1.0
-0.31822410225868225 -0.4591396152973175 -0.8294119834899902 -0.34702518582344055 0.5406398177146912 -0.8065706491470337 0.23906567692756653 1.2249771356582642 -0.7787438631057739 -0.37233665585517883 0.5048993825912476 9.260863304138184 0.0 0.0 0.0 1.0
-0.3128610849380493 -0.4716121256351471 -0.8244391679763794 -0.3571922183036804 0.5457022190093994 -0.7997006177902222 0.2503756880760193 1.0948253870010376 -0.7773847579956055 -0.37156549096107483 0.5075550079345703 9.445821762084961 0.0 0.0 0.0 1.0
-0.3085533678531647 -0.4787701368331909 -0.8219330906867981 0.05079774931073189 0.5475106835365295 -0.7959923148155212 0.25812453031539917 1.1979960203170776 -0.7778347134590149 -0.37037193775177 0.5077378749847412 9.52424430847168 0.0 0.0 0.0 1.0
-0.2946276366710663 -0.49171122908592224 -0.8193989396095276 0.1263216733932495 0.5527199506759644 -0.7871645092964172 0.27362868189811707 1.3069243431091309 -0.7795481085777283 -0.372279554605484 0.5036990642547607 9.423516273498535 0.0 0.0 0.0 1.0
-0.24293749034404755 -0.5003530383110046 -0.8310404419898987 -0.27415430545806885 0.560810387134552 -0.771468997001648 0.3005449175834656 1.3401089906692505 -0.7915005087852478 -0.39304250478744507 0.4680219292640686 9.48785400390625 0.0 0.0 0.0 1.0
-0.18958866596221924 -0.5074774026870728 -0.840549111366272 -0.32767224311828613 0.5704673528671265 -0.7536919713020325 0.32636702060699463 1.3205809593200684 -0.7991390228271484 -0.41763031482696533 0.4323907494544983 9.619558334350586 0.0 0.0 0.0 1.0
-0.14676089584827423 -0.5124201774597168 -0.846100926399231 -0.24909919500350952 0.5784649848937988 -0.7383129000663757 0.34680303931236267 1.347626805305481 -0.8023961186408997 -0.4385426342487335 0.4047725796699524 9.5472993850708 0.0 0.0 0.0 1.0
-0.0990094467997551 -0.5148816108703613 -0.8515245318412781 -0.13729020953178406 0.5844719409942627 -0.7226552367210388 0.36900126934051514 1.3637866973876953 -0.805350661277771 -0.46115759015083313 0.3724835515022278 9.515275955200195 0.0 0.0 0.0 1.0
-0.06418422609567642 -0.5151436924934387 -0.8546972274780273 0.009751411154866219 0.5897243618965149 -0.7104997038841248 0.3839470148086548 1.3197494745254517 -0.8050500154495239 -0.4793924391269684 0.34939566254615784 9.493243217468262 0.0 0.0 0.0 1.0
-0.013628131709992886 -0.5155251622200012 -0.8567660450935364 -0.005250854417681694 0.5935751795768738 -0.6937071681022644 0.40796923637390137 1.2169826030731201 -0.8046631813049316 -0.5029951930046082 0.3154568672180176 9.454176902770996 0.0 0.0 0.0 1.0
0.028936514630913734 -0.5143682956695557 -0.8570810556411743 -0.13420669734477997 0.5983878970146179 -0.677912175655365 0.427044540643692 1.181673288345337 -0.800683856010437 -0.5252240896224976 0.2881753444671631 9.43327522277832 0.0 0.0 0.0 1.0
0.030659351497888565 -0.514703631401062 -0.8568198084831238 -0.07968946546316147 0.5982899069786072 -0.6772449016571045 0.4282389283180237 1.2449544668197632 -0.8006929755210876 -0.5257561206817627 0.287178099155426 9.47008991241455 0.0 0.0 0.0 1.0
0.02713274396955967 -0.517939031124115 -0.8549871444702148 -0.11608006805181503 0.5984722971916199 -0.6766622066497803 0.42890465259552 1.239324688911438 -0.8006839156150818 -0.5233234763145447 0.2916124761104584 9.533650398254395 0.0 0.0 0.0 1.0
0.02262343093752861 -0.5197120308876038 -0.8540418744087219 0.11114141345024109 0.5997126698493958 -0.6764393448829651 0.4275214374065399 1.2772283554077148 -0.7998955845832825 -0.5218517184257507 0.29637452960014343 9.746516227722168 0.0 0.0 0.0 1.0
0.06734512001276016 -0.5232649445533752 -0.849504828453064 0.1833644062280655 0.605513870716095 -0.6552744507789612 0.4516284763813019 1.5425341129302979 -0.7929801940917969 -0.5448019504547119 0.27271464467048645 10.074568748474121 0.0 0.0 0.0 1.0
0.10252014547586441 -0.5287710428237915 -0.8425502181053162 0.11304353922605515 0.6087522506713867 -0.6365313529968262 0.47354885935783386 1.7352279424667358 -0.7867085337638855 -0.5614526271820068 0.25663328170776367 10.32890796661377 0.0 0.0 0.0 1.0
0.14186376333236694 -0.5321115255355835 -0.8347046971321106 0.1822545826435089 0.6112515926361084 -0.6161751747131348 0.4966886639595032 1.589623212814331 -0.7786180973052979 -0.5806767344474792 0.23784108459949493 10.466301918029785 0.0 0.0 0.0 1.0
0.18276460468769073 -0.5380783081054688 -0.8228419423103333 0.33323583006858826 0.6163231134414673 -0.5893661975860596 0.5222961902618408 1.2399811744689941 -0.7659914493560791 -0.6025937795639038 0.22391483187675476 10.284332275390625 0.0 0.0 0.0 1.0
0.19776828587055206 -0.5459536910057068 -0.8141390085220337 0.2878970205783844 0.6209753751754761 -0.5728579163551331 0.5349984765052795 0.8954558968544006 -0.758470356464386 -0.6113659739494324 0.22573065757751465 9.877538681030273 0.0 0.0 0.0 1.0
0.2420916110277176 -0.5429415702819824 -0.8041182160377502 0.18955647945404053 0.6229017376899719 -0.5484510064125061 0.5578485131263733 0.8793231844902039 -0.7438985705375671 -0.6359370350837708 0.20542384684085846 9.546308517456055 0.0 0.0 0.0 1.0
0.287406861782074 -0.5386192202568054 -0.7920143008232117 -0.01748296432197094 0.6170489192008972 -0.5283197164535522 0.5832056999206543 1.0345561504364014 -0.7325626015663147 -0.6563288569450378 0.1805116981267929 9.868038177490234 0.0 0.0 0.0 1.0
0.3447050452232361 -0.5251402258872986 -0.7780784964561462 -0.20687460899353027 0.6142396330833435 -0.5006147623062134 0.6099955439567566 1.1483834981918335 -0.7098507881164551 -0.6881952285766602 0.14999748766422272 10.08845329284668 0.0 0.0 0.0 1.0
0.3417833745479584 -0.5295242071151733 -0.7763944268226624 -0.17380188405513763 0.6143292188644409 -0.49930354952812195 0.6109791994094849 1.1595455408096313 -0.7111847400665283 -0.6857842803001404 0.1546485424041748 10.0867338180542 0.0 0.0 0.0 1.0
0.33841460943222046 -0.5270010232925415 -0.779580295085907 -0.15123283863067627 0.6150866150856018 -0.5030891299247742 0.6070994734764099 1.3239754438400269 -0.7121404409408569 -0.6849607825279236 0.15389859676361084 9.831382751464844 0.0 0.0 0.0 1.0
0.33710962533950806 -0.527521014213562 -0.7797940373420715 -0.025608085095882416 0.6131771802902222 -0.5054892301559448 0.607037365436554 1.317908525466919 -0.714402437210083 -0.6827900409698486 0.15305855870246887 9.957054138183594 0.0 0.0 0.0 1.0
0.3560974597930908 -0.518407940864563 -0.7774624228477478 -0.19547320902347565 0.6088889837265015 -0.5023970007896423 0.613882303237915 1.2827262878417969 -0.7088362574577332 -0.6919901967048645 0.13675056397914886 10.04616928100586 0.0 0.0 0.0 1.0
0.39244329929351807 -0.5032219290733337 -0.7699064612388611 -0.043497759848833084 0.6012718081474304 -0.4930762052536011 0.6287671327590942 1.1858265399932861 -0.696031928062439 -0.7096784710884094 0.10906868427991867 10.150758743286133 0.0 0.0 0.0 1.0
0.43188831210136414 -0.4847504794597626 -0.7605849504470825 -0.08416135609149933 0.5898320078849792 -0.48616498708724976 0.6447803974151611 1.0761487483978271 -0.682327389717102 -0.7270904779434204 0.07595239579677582 10.212325096130371 0.0 0.0 0.0 1.0
0.4627315402030945 -0.47020667791366577 -0.7515219449996948 -0.12461148947477341 0.5782183408737183 -0.48250576853752136 0.6579146981239319 1.0771881341934204 -0.6719695329666138 -0.7389816641807556 0.048611514270305634 10.376444816589355 0.0 0.0 0.0 1.0
0.49881142377853394 -0.45134496688842773 -0.7399154901504517 -0.07571893185377121 0.5628921389579773 -0.4804527163505554 0.6725456714630127 1.111562728881836 -0.6590445041656494 -0.7519659996032715 0.014403224922716618 10.516651153564453 0.0 0.0 0.0 1.0
0.5362330079078674 -0.43292030692100525 -0.724592387676239 -0.15377292037010193 0.5459219217300415 -0.47684183716773987 0.6889057159423828 1.184126377105713 -0.6437572240829468 -0.7649849057197571 -0.019357649609446526 10.593902587890625 0.0 0.0 0.0 1.0
0.5695677399635315 -0.4141033887863159 -0.7100077271461487 -0.19977186620235443 0.5293073058128357 -0.47607290744781494 0.7022737264633179 1.0961395502090454 -0.6288293600082397 -0.7758046984672546 -0.0519678071141243 10.7228364944458 0.0 0.0 0.0 1.0
0.5898687839508057 -0.4011348783969879 -0.7008178234100342 -0.08701349794864655 0.5196785926818848 -0.47569236159324646 0.7096836566925049 1.212726354598999 -0.61805260181427 -0.7828202843666077 -0.0721348449587822 10.798229217529297 0.0 0.0 0.0 1.0
0.614986002445221 -0.38444191217422485 -0.6884741187095642 -0.11166871339082718 0.5104637145996094 -0.47137317061424255 0.7191898822784424 1.367673397064209 -0.6010149717330933 -0.7937328219413757 -0.09364425390958786 10.861714363098145 0.0 0.0 0.0 1.0
0.6303062438964844 -0.3725039064884186 -0.6811423301696777 -0.16098670661449432 0.5055094361305237 -0.4689618647098541 0.7242478728294373 1.4306588172912598 -0.5892149209976196 -0.800821840763092 -0.10728535801172256 11.077692031860352 0.0 0.0 0.0 1.0
0.628178596496582 -0.37070801854133606 -0.6840813159942627 0.1575641632080078 0.50730299949646 -0.4714871942996979 0.7213484048843384 1.3552974462509155 -0.5899451971054077 -0.8001720905303955 -0.10811685025691986 11.350777626037598 0.0 0.0 0.0 1.0
0.6310426592826843 -0.36709684133529663 -0.683392345905304 0.275524377822876 0.5069197416305542 -0.47170668840408325 0.721474289894104 1.194602131843567 -0.5872116684913635 -0.8017061352729797 -0.11157841235399246 11.488372802734375 0.0 0.0 0.0 1.0
0.6556248068809509 -0.3512602150440216 -0.6684103012084961 0.2515257000923157 0.4993906617164612 -0.46224984526634216 0.7327578663825989 1.2759673595428467 -0.5663612484931946 -0.8142120838165283 -0.12764641642570496 11.513690948486328 0.0 0.0 0.0 1.0
0.6974843144416809 -0.3244319260120392 -0.6389518976211548 -0.1358034461736679 0.4812019169330597 -0.44865962862968445 0.7530931234359741 1.33001708984375 -0.5309993624687195 -0.832735538482666 -0.1568157970905304 11.562032699584961 0.0 0.0 0.0 1.0
0.7344383001327515 -0.2993108928203583 -0.6091086268424988 -0.24535499513149261 0.46139854192733765 -0.4379723072052002 0.7715514302253723 1.3902355432510376 -0.49770647287368774 -0.8476988077163696 -0.1835620403289795 11.638632774353027 0.0 0.0 0.0 1.0
0.7738141417503357 -0.2700636088848114 -0.5729548931121826 -0.3777190148830414 0.43803757429122925 -0.4252220094203949 0.7920286059379578 1.0984060764312744 -0.4575311243534088 -0.863858699798584 -0.21074479818344116 11.737711906433105 0.0 0.0 0.0 1.0
0.8070859909057617 -0.24358722567558289 -0.537845253944397 -0.4781875014305115 0.4173339903354645 -0.40903133153915405 0.8114959597587585 0.9969733357429504 -0.41766560077667236 -0.8794081211090088 -0.2284662276506424 11.794739723205566 0.0 0.0 0.0 1.0
0.8241965770721436 -0.22405871748924255 -0.5200939178466797 -0.6945492625236511 0.4063095152378082 -0.40577754378318787 0.8186923265457153 0.9369547963142395 -0.39447757601737976 -0.8860825300216675 -0.24340327084064484 11.779932022094727 0.0 0.0 0.0 1.0
0.838579535484314 -0.21188871562480927 -0.5018840432167053 -0.5244663953781128 0.39638325572013855 -0.39466777443885803 0.828925609588623 1.001737356185913 -0.37371742725372314 -0.8940584659576416 -0.24697116017341614 11.942445755004883 0.0 0.0 0.0 1.0
0.8638596534729004 -0.18658967316150665 -0.4679003655910492 -0.4505182206630707 0.3764542043209076 -0.3780539035797119 0.8457880616188049 1.0129255056381226 -0.3347068727016449 -0.906785249710083 -0.2563430666923523 11.995098114013672 0.0 0.0 0.0 1.0
0.8824017643928528 -0.1694585531949997 -0.43892019987106323 -0.26300519704818726 0.3602822721004486 -0.35661089420318604 0.8619892001152039 1.0402109622955322 -0.3025951683521271 -0.9187559485435486 -0.2536211609840393 11.83348274230957 0.0 0.0 0.0 1.0
0.8869453072547913 -0.16479910910129547 -0.43147337436676025 -0.2842065393924713 0.36051562428474426 -0.3369326591491699 0.8697728514671326 1.1345704793930054 -0.28871527314186096 -0.9269938468933105 -0.23942819237709045 11.506694793701172 0.0 0.0 0.0 1.0
0.8939415216445923 -0.1582709699869156 -0.4193076193332672 0.06220588833093643 0.3567311763763428 -0.3150918483734131 0.8794657588005066 1.0460551977157593 -0.2713142931461334 -0.9357710480690002 -0.22521348297595978 11.434532165527344 0.0 0.0 0.0 1.0
0.9035269021987915 -0.1420968621969223 -0.40428659319877625 0.17280852794647217 0.3534490168094635 -0.28633853793144226 0.8905526399612427 0.7126445770263672 -0.24230757355690002 -0.9475329518318176 -0.2084905505180359 11.226929664611816 0.0 0.0 0.0 1.0
0.9134625792503357 -0.12524230778217316 -0.38716986775398254 -0.09445858746767044 0.3456902801990509 -0.2631041705608368 0.9007077217102051 0.6693628430366516 -0.2146727293729782 -0.9566036462783813 -0.19704076647758484 10.914308547973633 0.0 0.0 0.0 1.0
0.922527551651001 -0.10570822656154633 -0.3711719810962677 -0.3146233856678009 0.33737945556640625 -0.24610795080661774 0.9086286425590515 0.33377307653427124 -0.18739789724349976 -0.9634607434272766 -0.19137758016586304 10.62293815612793 0.0 0.0 0.0 1.0
0.9299291968345642 -0.08630061149597168 -0.35746878385543823 -0.3321135640144348 0.32984304428100586 -0.23403966426849365 0.9145649075508118 0.19573529064655304 -0.16258938610553741 -0.9683892130851746 -0.18917465209960938 10.307734489440918 0.0 0.0 0.0 1.0
0.9353607892990112 -0.07119225710630417 -0.3464561998844147 -0.4669758975505829 0.3227652609348297 -0.2287835031747818 0.9184120297431946 0.297190397977829 -0.1446472853422165 -0.9708706140518188 -0.19101671874523163 10.390931129455566 0.0 0.0 0.0 1.0
0.9491538405418396 -0.0398288331925869 -0.3122829794883728 -0.2842220067977905 0.2958352267742157 -0.22635723650455475 0.9280322790145874 0.5111327171325684 -0.10764995217323303 -0.973229706287384 -0.20306506752967834 10.631958961486816 0.0 0.0 0.0 1.0
0.968628466129303 0.01685149408876896 -0.24794134497642517 -0.44116735458374023 0.24536632001399994 -0.2231244593858719 0.9434038400650024 0.46055537462234497 -0.03942401334643364 -0.9746443033218384 -0.22025948762893677 10.586339950561523 0.0 0.0 0.0 1.0
0.9754490256309509 0.040885042399168015 -0.2163969874382019 -0.5359224081039429 0.21998851001262665 -0.22646650671958923 0.9488508701324463 0.3869059979915619 -0.010212861932814121 -0.9731605052947998 -0.2299007624387741 10.511918067932129 0.0 0.0 0.0 1.0
0.981248676776886 0.07187125831842422 -0.1788451224565506 -0.4767283797264099 0.19081641733646393 -0.23125742375850677 0.9539963603019714 0.2804584801197052 0.027205655351281166 -0.9702342748641968 -0.24063526093959808 10.472461700439453 0.0 0.0 0.0 1.0
0.984818160533905 0.10321633517742157 -0.1395692229270935 -0.4445604681968689 0.160580113530159 -0.23630400002002716 0.9583185315132141 0.24867239594459534 0.06593336164951324 -0.9661815762519836 -0.24929097294807434 10.385725021362305 0.0 0.0 0.0 1.0
0.985100507736206 0.14911293983459473 -0.08568720519542694 -0.8459553718566895 0.11953940987586975 -0.23547954857349396 0.9644997119903564 0.3256402611732483 0.12364179641008377 -0.9603721499443054 -0.24979589879512787 10.699297904968262 0.0 0.0 0.0 1.0
0.9829486608505249 0.17593318223953247 -0.053473297506570816 -0.985004723072052 0.09519601613283157 -0.23808608949184418 0.9665675163269043 0.3465246558189392 0.1573200523853302 -0.9551767110824585 -0.2507745623588562 10.977182388305664 0.0 0.0 0.0 1.0
0.9829674959182739 0.17406868934631348 -0.058949366211891174 -0.7868334650993347 0.1008123829960823 -0.24252158403396606 0.9648938775062561 0.5037854313850403 0.15366131067276 -0.9544020891189575 -0.2559391260147095 11.059974670410156 0.0 0.0 0.0 1.0
0.9829044938087463 0.1735505908727646 -0.06147283688187599 -0.39867228269577026 0.10385991632938385 -0.24695180356502533 0.9634458422660828 0.912595272064209 0.15202577412128448 -0.953359842300415 -0.2607550024986267 11.222831726074219 0.0 0.0 0.0 1.0
0.98145991563797 0.18731950223445892 -0.040593113750219345 0.0027746574487537146 0.08786490559577942 -0.2514938712120056 0.9638622999191284 1.0155960321426392 0.17034129798412323 -0.9495589733123779 -0.2632899880409241 11.010030746459961 0.0 0.0 0.0 1.0
0.9753563404083252 0.22059494256973267 -0.0042259469628334045 0.135537788271904 0.061560653150081635 -0.2536965310573578 0.9653229117393494 0.9163498282432556 0.21187324821949005 -0.9417939782142639 -0.26102447509765625 10.82894229888916 0.0 0.0 0.0 1.0
0.9689388871192932 0.2453441172838211 0.03104340471327305 -0.06957722455263138 0.034889400005340576 -0.2598913311958313 0.9650073647499084 0.8151975870132446 0.2448267936706543 -0.9339500665664673 -0.26037871837615967 10.752032279968262 0.0 0.0 0.0 1.0
0.9582825303077698 0.2766447365283966 0.07184919714927673 -0.42603954672813416 0.005141821224242449 -0.2680216431617737 0.9633991718292236 0.795280396938324 0.28577643632888794 -0.9228391647338867 -0.25826290249824524 10.785398483276367 0.0 0.0 0.0 1.0
0.9466139674186707 0.3016473650932312 0.11371375620365143 -0.5533307194709778 -0.026401907205581665 -0.2790149450302124 0.9599237442016602 0.9744918346405029 0.32128632068634033 -0.9116795063018799 -0.2561553716659546 10.704418182373047 0.0 0.0 0.0 1.0
0.9312834143638611 0.3284507989883423 0.15757931768894196 -0.5731898546218872 -0.05903526768088341 -0.2907734811306 0.9549689292907715 1.2035939693450928 0.3594801723957062 -0.8986494541168213 -0.251402348279953 10.67123794555664 0.0 0.0 0.0 1.0
0.9071862101554871 0.36348631978034973 0.2118746042251587 -0.6381840705871582 -0.0983918160200119 -0.30633482336997986 0.9468252062797546 1.3601566553115845 0.40906256437301636 -0.8797935247421265 -0.24213865399360657 10.766194343566895 0.0 0.0 0.0 1.0
0.8763783574104309 0.3970734477043152 0.27256855368614197 -0.6186434626579285 -0.14246870577335358 -0.3268791139125824 0.9342658519744873 1.5590004920959473 0.4600691497325897 -0.8576028943061829 -0.22989922761917114 10.688676834106445 0.0 0.0 0.0 1.0
0.8742597103118896 0.3944675028324127 0.28295812010765076 -0.35662397742271423 -0.14724589884281158 -0.3399375081062317 0.9288493394851685 1.5288347005844116 0.46258896589279175 -0.8537200093269348 -0.23910994827747345 10.668960571289062 0.0 0.0 0.0 1.0
0.8724695444107056 0.39106714725494385 0.29302462935447693 -0.15438511967658997 -0.15230286121368408 -0.35216024518013 0.9234646558761597 1.6237047910690308 0.4643283188343048 -0.8503232598304749 -0.247688427567482 10.731585502624512 0.0 0.0 0.0 1.0
0.8694380521774292 0.3882242441177368 0.30554765462875366 -0.2539059817790985 -0.158584326505661 -0.3664289712905884 0.9168319702148438 1.9268540143966675 0.467897891998291 -0.8455836772918701 -0.2570210099220276 10.935039520263672 0.0 0.0 0.0 1.0
0.8651415109634399 0.386238694190979 0.31992170214653015 -0.2689296007156372 -0.16739283502101898 -0.37893790006637573 0.9101569652557373 2.2401063442230225 0.47276827692985535 -0.8409671783447266 -0.26318129897117615 10.854976654052734 0.0 0.0 0.0 1.0
0.8316724896430969 0.41004809737205505 0.3744080662727356 0.0033216257579624653 -0.2054947018623352 -0.3991178572177887 0.8935753107070923 2.2734999656677246 0.5158417820930481 -0.8201009035110474 -0.2476726472377777 10.631522178649902 0.0 0.0 0.0 1.0
0.7997428178787231 0.4319121837615967 0.4169692099094391 -0.02132113091647625 -0.23551546037197113 -0.41315606236457825 0.8796786665916443 2.0789527893066406 0.5522173047065735 -0.8017193675041199 -0.22869658470153809 10.380663871765137 0.0 0.0 0.0 1.0
0.7593166828155518 0.45677101612091064 0.46346351504325867 -0.1052590161561966 -0.2702028453350067 -0.4266054928302765 0.8631327748298645 1.9838017225265503 0.5919700860977173 -0.780620276927948 -0.20050784945487976 10.124296188354492 0.0 0.0 0.0 1.0
0.6971743106842041 0.4925607442855835 0.52089524269104 -0.1282067745923996 -0.3111092150211334 -0.44673770666122437 0.8388304114341736 1.7534081935882568 0.6458784937858582 -0.7468663454055786 -0.15821386873722076 9.898761749267578 0.0 0.0 0.0 1.0
0.6564053297042847 0.5149704813957214 0.5513052344322205 -0.2795042395591736 -0.33386942744255066 -0.4570201337337494 0.824417233467102 1.8743298053741455 0.6765081286430359 -0.7252158522605896 -0.1280575692653656 9.572991371154785 0.0 0.0 0.0 1.0
0.6192976832389832 0.5327011346817017 0.5768014192581177 -0.404331773519516 -0.35332438349723816 -0.4669664800167084 0.8106196522712708 1.8818522691726685 0.7011649012565613 -0.7058128714561462 -0.10097496956586838 9.334935188293457 0.0 0.0 0.0 1.0
0.5847254395484924 0.5483455657958984 0.5978404879570007 -0.544969916343689 -0.36895298957824707 -0.4765666723251343 0.7979711294174194 1.7616395950317383 0.7224748134613037 -0.687169075012207 -0.07634691148996353 9.230737686157227 0.0 0.0 0.0 1.0
0.5472729802131653 0.5637931823730469 0.6185705661773682 -0.6759188175201416 -0.38332992792129517 -0.4881517291069031 0.7840701937675476 1.7265636920928955 0.7440096735954285 -0.666217029094696 -0.051033470779657364 9.130576133728027 0.0 0.0 0.0 1.0
0.4905213713645935 0.5828737020492554 0.6478016972541809 -0.7321618795394897 -0.4047683775424957 -0.5059242248535156 0.7617107033729553 1.711721658706665 0.771719753742218 -0.6358450055122375 -0.012237817980349064 9.087815284729004 0.0 0.0 0.0 1.0
0.4670579433441162 0.5892800688743591 0.6592464447021484 -0.7496895790100098 -0.41153526306152344 -0.5150227546691895 0.7519243955612183 1.8267067670822144 0.7826209664344788 -0.6224954128265381 0.001964050577953458 9.09048080444336 0.0 0.0 0.0 1.0
0.4635448157787323 0.5907105207443237 0.6604447364807129 -0.25765717029571533 -0.41208362579345703 -0.5161315202713013 0.7508630752563477 1.8320420980453491 0.784419059753418 -0.6202171444892883 0.004172046203166246 9.145013809204102 0.0 0.0 0.0 1.0
0.45939797163009644 0.5928006768226624 0.6614686846733093 -0.3093804717063904 -0.414066344499588 -0.5159082412719727 0.7499251365661621 1.703857183456421 0.7858133316040039 -0.6184059977531433 0.008451628498733044 9.135588645935059 0.0 0.0 0.0 1.0
0.44578543305397034 0.5940631628036499 0.6696000695228577 -0.34141603112220764 -0.42037439346313477 -0.5214858651161194 0.7425212860107422 1.7470256090164185 0.7902915477752686 -0.6124879121780396 0.01725814677774906 9.187301635742188 0.0 0.0 0.0 1.0
0.40148425102233887 0.6039832234382629 0.6884872317314148 -0.20341475307941437 -0.43738287687301636 -0.5340296626091003 0.723538875579834 1.7267305850982666 0.8046779632568359 -0.591621994972229 0.04976741969585419 9.182188987731934 0.0 0.0 0.0 1.0
0.33799171447753906 0.6156812310218811 0.7118273973464966 -0.7088028788566589 -0.45851701498031616 -0.5527870655059814 0.6958366632461548 1.4420082569122314 0.8219025135040283 -0.5615719556808472 0.09546288102865219 8.8496675491333 0.0 0.0 0.0 1.0
0.2931727468967438 0.6205804347991943 0.7272754907608032 -0.9259465932846069 -0.46994122862815857 -0.5689208507537842 0.6748957633972168 1.2393295764923096 0.832589328289032 -0.5396378040313721 0.12484424561262131 8.416440963745117 0.0 0.0 0.0 1.0
0.2582087516784668 0.6271109580993652 0.7348877787590027 -1.0138237476348877 -0.47990453243255615 -0.5769323706626892 0.6609392166137695 1.4213989973068237 0.8384628295898438 -0.5233362913131714 0.15198440849781036 8.242647171020508 0.0 0.0 0.0 1.0
0.1898329108953476 0.6364230513572693 0.74761563539505 -1.194229006767273 -0.4940103590488434 -0.5961357355117798 0.6329106688499451 1.3430513143539429 0.8484793901443481 -0.48947715759277344 0.201233372092247 8.134849548339844 0.0 0.0 0.0 1.0
0.1505521982908249 0.6408516764640808 0.7527570724487305 -1.508294701576233 -0.5004889369010925 -0.6072402000427246 0.6170657277107239 1.301209807395935 0.8525519371032715 -0.46964719891548157 0.2293178290128708 8.032509803771973 0.0 0.0 0.0 1.0
0.10297080874443054 0.6449511051177979 0.757254958152771 -1.5650238990783691 -0.5042695999145508 -0.6223689913749695 0.5986393094062805 1.3238571882247925 0.8573850393295288 -0.4435030519962311 0.26114341616630554 8.040699005126953 0.0 0.0 0.0 1.0
0.06035419553518295 0.6484614014625549 0.7588512301445007 -1.532104730606079 -0.5057310461997986 -0.6355723738670349 0.5833385586738586 1.3486225605010986 0.860577404499054 -0.41898155212402344 0.2895876169204712 8.021540641784668 0.0 0.0 0.0 1.0
0.020408986136317253 0.6512656807899475 0.7585753202438354 -1.2377355098724365 -0.5054216980934143 -0.6479226350784302 0.5698642134666443 1.4121383428573608 0.86263108253479 -0.39503076672554016 0.31594035029411316 8.024637222290039 0.0 0.0 0.0 1.0
-0.0026543554849922657 0.653423547744751 0.7569878697395325 -1.0683361291885376 -0.5034315586090088 -0.654938817024231 0.5635706186294556 1.448625087738037 0.8640310168266296 -0.37959566712379456 0.33069247007369995 8.008405685424805 0.0 0.0 0.0 1.0
-0.024481600150465965 0.6551783084869385 0.7550774812698364 -0.9363783001899719 -0.5009169578552246 -0.6616857647895813 0.5579015612602234 1.4629278182983398 0.8651490211486816 -0.36457279324531555 0.34438902139663696 7.965167045593262 0.0 0.0 0.0 1.0
-0.08441775292158127 0.6508887410163879 0.7544650435447693 -0.6808274984359741 -0.49974173307418823 -0.682711660861969 0.5330694317817688 1.4513013362884521 0.8620509505271912 -0.33203715085983276 0.38290923833847046 7.951886177062988 0.0 0.0 0.0 1.0
-0.12404565513134003 0.6509538888931274 0.7489137053489685 -0.4955427050590515 -0.49739545583724976 -0.6938648819923401 0.5207199454307556 1.3969297409057617 0.8586096167564392 -0.30791324377059937 0.40985241532325745 7.7447381019592285 0.0 0.0 0.0 1.0
-0.14090165495872498 0.6499669551849365 0.7467862367630005 -0.49931207299232483 -0.49566665291786194 -0.699277937412262 0.5150969624519348 1.4063342809677124 0.8570071458816528 -0.2975790202617645 0.4206963777542114 7.819583415985107 0.0 0.0 0.0 1.0
-0.15577809512615204 0.6488577127456665 0.744793176651001 -0.5344783663749695 -0.4962937533855438 -0.7033331394195557 0.5089351534843445 1.309403657913208 0.8540642261505127 -0.29035526514053345 0.43158793449401855 8.625669479370117 0.0 0.0 0.0 1.0
-0.17319215834140778 0.6458753943443298 0.7435384392738342 -0.5851764678955078 -0.49508965015411377 -0.7097219824790955 0.501179575920105 1.2461689710617065 0.851405143737793 -0.2813178300857544 0.44268450140953064 8.834331512451172 0.0 0.0 0.0 1.0
-0.2581210732460022 0.6284075379371643 0.7338102459907532 -0.6402839422225952 -0.48971104621887207 -0.7398444414138794 0.46131691336631775 1.2330785989761353 0.8328004479408264 -0.24027936160564423 0.4987075626850128 8.873451232910156 0.0 0.0 0.0 1.0
-0.3132815659046173 0.6149590611457825 0.7236573696136475 -0.5754109621047974 -0.48491090536117554 -0.7587767839431763 0.434878408908844 1.1399861574172974 0.8165268301963806 -0.21466997265815735 0.5359111428260803 8.753786087036133 0.0 0.0 0.0 1.0
-0.3710578680038452 0.5968911051750183 0.7113628387451172 -0.4955635368824005 -0.4751988649368286 -0.78020179271698 0.40678149461746216 1.0288286209106445 0.7978107929229736 -0.18709932267665863 0.5731419920921326 8.793427467346191 0.0 0.0 0.0 1.0
-0.4264087975025177 0.5780327320098877 0.6957396268844604 -0.4655245542526245 -0.4641318917274475 -0.8000151515007019 0.3802069425582886 1.154830813407898 0.776374340057373 -0.16079136729240417 0.6094169616699219 8.820038795471191 0.0 0.0 0.0 1.0
-0.46296635270118713 0.5634598135948181 0.6842333078384399 -0.24279490113258362 -0.45534032583236694 -0.8134871125221252 0.3618064522743225 1.2277634143829346 0.7604783773422241 -0.1440548151731491 0.6331831216812134 8.881340026855469 0.0 0.0 0.0 1.0
-0.47068601846694946 0.5572190880775452 0.6840771436691284 -0.2815525531768799 -0.4508444666862488 -0.8183649182319641 0.35639598965644836 1.386325478553772 0.7584154009819031 -0.1406618058681488 0.6364120841026306 9.2996826171875 0.0 0.0 0.0 1.0
-0.4697634279727936 0.556791365146637 0.6850588917732239 -0.20443108677864075 -0.4489760100841522 -0.8188440203666687 0.35765212774276733 1.3949730396270752 0.7600939869880676 -0.13956312835216522 0.6346489191055298 9.631562232971191 0.0 0.0 0.0 1.0
-0.468263179063797 0.555121898651123 0.6874366998672485 -0.4093182384967804 -0.45054563879966736 -0.8192729949951172 0.3546834886074066 1.3633618354797363 0.7600909471511841 -0.14363639056682587 0.633743166923523 9.735189437866211 0.0 0.0 0.0 1.0
