-0.9999890923500061 -0.004570748656988144 -0.0009443521266803145 -0.06843239814043045 0.004570974502712488 -0.9999895095825195 -0.00023713806876912713 1.1964383125305176 -0.0009432583465240896 -0.0002414521004538983 0.9999995231628418 10.387701034545898 0.0 0.0 0.0 1.0
-0.9999895691871643 -0.004510380793362856 -0.0007487038965336978 -0.0639183521270752 0.004510588478296995 -0.9999898076057434 -0.000275760015938431 1.1946929693222046 -0.0007474524900317192 -0.00027913422673009336 0.9999997019767761 10.386454582214355 0.0 0.0 0.0 1.0
-0.9999926090240479 -0.003799520432949066 -0.000550794240552932 -0.04004202038049698 0.003800226841121912 -0.9999919533729553 -0.0012874181848019361 1.1912704706192017 -0.0005458982777781785 -0.0012895017862319946 0.9999990463256836 10.400222778320312 0.0 0.0 0.0 1.0
-0.9999964237213135 -0.002683464204892516 -6.596119055757299e-05 -0.021679358556866646 0.0026835647877305746 -0.9999951720237732 -0.0015757897635921836 1.1894925832748413 -6.173229485284537e-05 -0.001575961010530591 0.9999987483024597 10.405978202819824 0.0 0.0 0.0 1.0
-0.9999997615814209 -0.00021479837596416473 0.0006635556928813457 -0.00546047231182456 0.000214049345231615 -0.9999993443489075 -0.0011286651715636253 1.196872353553772 0.000663797662127763 -0.0011285229120403528 0.9999991655349731 10.404102325439453 0.0 0.0 0.0 1.0
-0.999997079372406 0.0017837726045399904 0.0016470139380544424 0.005591333843767643 -0.0017860481748357415 -0.9999974370002747 -0.0013812003890052438 1.1971166133880615 0.0016445459332317114 -0.0013841380132362247 0.9999976754188538 10.400595664978027 0.0 0.0 0.0 1.0
-0.9999912977218628 0.0037750571500509977 0.0017849687719717622 0.023461857810616493 -0.0037786620669066906 -0.9999908208847046 -0.0020204843021929264 1.1885327100753784 0.0017773249419406056 -0.0020272114779800177 0.9999963641166687 10.399282455444336 0.0 0.0 0.0 1.0
-0.9999837279319763 0.005303246900439262 0.002098657889291644 0.025998910889029503 -0.005311065819114447 -0.9999788999557495 -0.0037378782872110605 1.1651155948638916 0.002078790683299303 -0.0037489638198167086 0.9999908208847046 10.39585018157959 0.0 0.0 0.0 1.0
-0.9999685287475586 0.007813681848347187 0.0013595250202342868 0.017243051901459694 -0.007823395542800426 -0.9999427795410156 -0.007292520720511675 1.1368874311447144 0.001302465796470642 -0.007302927318960428 0.9999724626541138 10.399950981140137 0.0 0.0 0.0 1.0
-0.9999639987945557 0.008272857405245304 0.0018980627646669745 0.002633662661537528 -0.008293196558952332 -0.9999054074287415 -0.010970767587423325 1.0478603839874268 0.0018071236554533243 -0.010986113920807838 0.9999380111694336 10.337923049926758 0.0 0.0 0.0 1.0
-0.9999132752418518 0.012946132570505142 0.0024086942430585623 -0.15441633760929108 -0.012985912151634693 -0.999765932559967 -0.017306022346019745 0.8420538902282715 0.0021840843837708235 -0.0173358004540205 0.9998473525047302 10.131172180175781 0.0 0.0 0.0 1.0
-0.9998302459716797 0.012936552055180073 0.013121746480464935 -0.00797618180513382 -0.013205026276409626 -0.9997009038925171 -0.020584257319569588 0.54377281665802 0.012851532548666 -0.02075403556227684 0.9997020363807678 10.014463424682617 0.0 0.0 0.0 1.0
-0.9993781447410583 0.018760869279503822 0.029854992404580116 0.19953085482120514 -0.01889522559940815 -0.9998125433921814 -0.004224483855068684 0.686138927936554 0.02977014146745205 -0.00478597404435277 0.9995453357696533 10.19551944732666 0.0 0.0 0.0 1.0
-0.9968752264976501 0.04969916492700577 0.06139884144067764 0.5358768701553345 -0.04607228934764862 -0.9971860647201538 0.05913779139518738 0.9592530131340027 0.06416516751050949 0.056124214082956314 0.9963598251342773 10.57168197631836 0.0 0.0 0.0 1.0
-0.9937532544136047 0.07218329608440399 0.08511178195476532 0.6692858934402466 -0.06471988558769226 -0.9940679669380188 0.08740860223770142 0.9085040092468262 0.09091633558273315 0.08135415613651276 0.9925299882888794 11.204867362976074 0.0 0.0 0.0 1.0
-0.991246223449707 0.08723334968090057 0.09910208731889725 0.5681522488594055 -0.0792619064450264 -0.9934989213943481 0.08171550184488297 0.7034727334976196 0.10558613389730453 0.07314516603946686 0.9917163848876953 11.47181224822998 0.0 0.0 0.0 1.0
-0.9841696619987488 0.1099405586719513 0.13900767266750336 0.5529512166976929 -0.10145622491836548 -0.9925991296768188 0.06673557311296463 0.5715734362602234 0.14531584084033966 0.051575932651758194 0.9880400896072388 11.576401710510254 0.0 0.0 0.0 1.0
-0.9691925048828125 0.14034897089004517 0.20240581035614014 0.7263813614845276 -0.12980516254901886 -0.9894377589225769 0.06452574580907822 0.8810931444168091 0.20932406187057495 0.03626454621553421 0.9771736264228821 11.27961254119873 0.0 0.0 0.0 1.0
-0.9525036215782166 0.18059568107128143 0.24519804120063782 1.018621802330017 -0.1687115877866745 -0.9832600951194763 0.06881837546825409 1.0629761219024658 0.25352174043655396 0.024182002991437912 0.9670273661613464 11.233779907226562 0.0 0.0 0.0 1.0
-0.9265708923339844 0.2475130259990692 0.283202588558197 1.4416115283966064 -0.23566792905330658 -0.9688785076141357 0.07573024928569794 1.107419729232788 0.29313310980796814 0.0034276784863322973 0.9560654759407043 11.369524955749512 0.0 0.0 0.0 1.0
-0.9022188186645508 0.29119738936424255 0.31812784075737 1.716054081916809 -0.27746737003326416 -0.9566277861595154 0.08874186128377914 0.9720161557197571 0.3301713168621063 -0.008205512538552284 0.9438853859901428 11.474740028381348 0.0 0.0 0.0 1.0
-0.8883137702941895 0.31028851866722107 0.3385552167892456 1.7200371026992798 -0.29402223229408264 -0.9505795240402222 0.09974712133407593 1.0818018913269043 0.352774053812027 -0.010936019010841846 0.9356446266174316 11.292656898498535 0.0 0.0 0.0 1.0
-0.8686422109603882 0.3570065498352051 0.3435215353965759 1.640425682067871 -0.33834490180015564 -0.9339601397514343 0.11507058888673782 1.3382314443588257 0.36191636323928833 -0.01627359353005886 0.9320685267448425 11.329182624816895 0.0 0.0 0.0 1.0
-0.8643261790275574 0.3573693335056305 0.3538748323917389 1.2439963817596436 -0.32487955689430237 -0.9338535070419312 0.14956896007061005 1.9307866096496582 0.3839186131954193 0.014309665188193321 0.9232560396194458 10.800932884216309 0.0 0.0 0.0 1.0
-0.8499787449836731 0.33483365178108215 0.40672168135643005 1.2890933752059937 -0.2804304361343384 -0.9411357641220093 0.18873842060565948 2.4444875717163086 0.44597628712654114 0.046366505324840546 0.8938429951667786 10.516312599182129 0.0 0.0 0.0 1.0
-0.8313264846801758 0.35960862040519714 0.4237663745880127 0.8721455335617065 -0.2979543209075928 -0.9320024847984314 0.206384539604187 2.6435675621032715 0.4691689908504486 0.04530990123748779 0.8819453120231628 10.19455623626709 0.0 0.0 0.0 1.0
-0.8133267164230347 0.37473878264427185 0.4450511336326599 0.22019052505493164 -0.3136448562145233 -0.9266815185546875 0.20709478855133057 2.4472944736480713 0.4900270998477936 0.028847726061940193 0.8712297081947327 10.041325569152832 0.0 0.0 0.0 1.0
-0.7822027206420898 0.39617612957954407 0.4808361530303955 0.1103760376572609 -0.34212788939476013 -0.9181385636329651 0.19992512464523315 2.1964845657348633 0.520679771900177 -0.008125478401780128 0.8537133932113647 10.151700973510742 0.0 0.0 0.0 1.0
-0.7202184200286865 0.4380015432834625 0.5379964113235474 0.40738120675086975 -0.3962404429912567 -0.8962694406509399 0.19923503696918488 1.6875300407409668 0.5694549679756165 -0.06968317925930023 0.819063663482666 10.450675964355469 0.0 0.0 0.0 1.0
-0.6675189733505249 0.45784199237823486 0.5871959924697876 0.6060053706169128 -0.4203551709651947 -0.8826411962509155 0.21034741401672363 1.3032892942428589 0.614589273929596 -0.10641997307538986 0.7816359996795654 10.451300621032715 0.0 0.0 0.0 1.0
-0.6327237486839294 0.47239091992378235 0.6136020421981812 0.6881934404373169 -0.43658915162086487 -0.8720519542694092 0.22116798162460327 1.3215687274932861 0.6395705938339233 -0.12795373797416687 0.7580087780952454 10.462206840515137 0.0 0.0 0.0 1.0
-0.5845558047294617 0.5001732707023621 0.6388436555862427 0.8225967288017273 -0.46999722719192505 -0.8505662083625793 0.23588070273399353 1.335831880569458 0.6613600850105286 -0.16236932575702667 0.7322834730148315 10.530712127685547 0.0 0.0 0.0 1.0
-0.5510210990905762 0.5178229808807373 0.6543967723846436 0.7694726586341858 -0.48032501339912415 -0.8380665183067322 0.2587129473686218 1.5342400074005127 0.6823955178260803 -0.17176683247089386 0.7105156779289246 10.4879150390625 0.0 0.0 0.0 1.0
-0.50425124168396 0.5306712985038757 0.6812625527381897 0.8922823071479797 -0.4868265688419342 -0.826281726360321 0.28329914808273315 1.5303159952163696 0.7132535576820374 -0.18880276381969452 0.6749984622001648 10.426590919494629 0.0 0.0 0.0 1.0
-0.4340878129005432 0.5492345094680786 0.7140792608261108 0.956535816192627 -0.5155522227287292 -0.8014767169952393 0.3030528426170349 1.366020679473877 0.7387650012969971 -0.2365935891866684 0.6310703158378601 10.318421363830566 0.0 0.0 0.0 1.0
-0.41990920901298523 0.544256865978241 0.7262648940086365 0.44254782795906067 -0.5412275791168213 -0.7925366163253784 0.28099533915519714 1.1656718254089355 0.7285251617431641 -0.2750820815563202 0.6273602843284607 10.387014389038086 0.0 0.0 0.0 1.0
-0.37821388244628906 0.5451591610908508 0.7481682896614075 0.19790685176849365 -0.5581226944923401 -0.7790798544883728 0.28554099798202515 1.264699101448059 0.7385480999946594 -0.3095741271972656 0.5989245176315308 10.66806697845459 0.0 0.0 0.0 1.0
-0.28656497597694397 0.5659899115562439 0.7730044722557068 0.9080113172531128 -0.5756888389587402 -0.7466616034507751 0.33328482508659363 1.3180547952651978 0.765808641910553 -0.349502295255661 0.5398011207580566 10.601033210754395 0.0 0.0 0.0 1.0
-0.2519771158695221 0.661013126373291 0.7068020701408386 0.6251193881034851 -0.6005110740661621 -0.6795427799224854 0.42143571376800537 2.690411329269409 0.7588768005371094 -0.3182503283023834 0.5681748986244202 10.31708812713623 0.0 0.0 0.0 1.0
-0.22840099036693573 0.6775626540184021 0.6991007328033447 0.4126737713813782 -0.6103644371032715 -0.6590926647186279 0.43937692046165466 2.8237533569335938 0.7584775686264038 -0.3263521194458008 0.5640975832939148 10.236109733581543 0.0 0.0 0.0 1.0
-0.1821468621492386 0.6745656132698059 0.715390682220459 0.5420984625816345 -0.5994868278503418 -0.6528833508491516 0.4629890024662018 2.6718971729278564 0.77938312292099 -0.34453529119491577 0.5233138799667358 10.17906665802002 0.0 0.0 0.0 1.0
-0.12382218986749649 0.676982045173645 0.7255090475082397 0.4301905930042267 -0.6102424263954163 -0.6284847259521484 0.48229771852493286 2.5327329635620117 0.7824782729148865 -0.38301724195480347 0.4909435510635376 10.102203369140625 0.0 0.0 0.0 1.0
-0.09911183267831802 0.6596578359603882 0.745002269744873 -0.15735793113708496 -0.6140657067298889 -0.629675030708313 0.4758494198322296 2.3018300533294678 0.7830071449279785 -0.4103180468082428 0.46748149394989014 10.22749137878418 0.0 0.0 0.0 1.0
-0.06598666310310364 0.6399643421173096 0.7655661106109619 -0.49131008982658386 -0.6282195448875427 -0.6227326393127441 0.4664163887500763 2.074563503265381 0.7752328515052795 -0.4501663148403168 0.44313013553619385 10.386030197143555 0.0 0.0 0.0 1.0
0.0075222826562821865 0.6184738278388977 0.7857694029808044 -0.19273602962493896 -0.6196825504302979 -0.6138365864753723 0.48907896876335144 1.939250111579895 0.7848165035247803 -0.49060654640197754 0.37863996624946594 10.730692863464355 0.0 0.0 0.0 1.0
0.07209295779466629 0.603613555431366 0.7940108776092529 0.34708133339881897 -0.5979946851730347 -0.6109731197357178 0.5187622308731079 1.819835901260376 0.798251211643219 -0.512213408946991 0.31691083312034607 11.005159378051758 0.0 0.0 0.0 1.0
0.10152566432952881 0.6032291650772095 0.7910796999931335 0.49513760209083557 -0.5933446288108826 -0.6015554070472717 0.5348581671714783 1.8580197095870972 0.7985203266143799 -0.5236847400665283 0.29684945940971375 11.065397262573242 0.0 0.0 0.0 1.0
0.1422508955001831 0.6092307567596436 0.7801298499107361 0.619247317314148 -0.5917678475379944 -0.5794405937194824 0.5604100227355957 2.017967939376831 0.7934579253196716 -0.5413745641708374 0.2780972421169281 11.15163516998291 0.0 0.0 0.0 1.0
0.1896626353263855 0.6220237612724304 0.7596805095672607 0.880766749382019 -0.5900347828865051 -0.5462252497673035 0.5945560336112976 2.4511220455169678 0.7847846746444702 -0.5610030293464661 0.26341715455055237 11.098033905029297 0.0 0.0 0.0 1.0
0.22972631454467773 0.6250162720680237 0.7460432052612305 0.9836632013320923 -0.5967000126838684 -0.5151265263557434 0.6152997016906738 2.6058425903320312 0.7688789963722229 -0.5865145325660706 0.2546091079711914 10.964316368103027 0.0 0.0 0.0 1.0
0.2778327167034149 0.6153765320777893 0.7376453876495361 0.7224292159080505 -0.6046287417411804 -0.4846760630607605 0.6320705413818359 2.5695512294769287 0.7464804649353027 -0.621611475944519 0.23741549253463745 10.965704917907715 0.0 0.0 0.0 1.0
0.33356335759162903 0.5952312350273132 0.7310507893562317 0.6197535991668701 -0.6001639366149902 -0.4639376401901245 0.6515865921974182 2.54593563079834 0.7270066738128662 -0.6560957431793213 0.20248374342918396 11.06339168548584 0.0 0.0 0.0 1.0
0.37927448749542236 0.5804761648178101 0.7205541729927063 0.6848868727684021 -0.5872030854225159 -0.4508287012577057 0.672269344329834 2.427436590194702 0.7150828242301941 -0.6780862212181091 0.1698695719242096 11.081679344177246 0.0 0.0 0.0 1.0
0.44046837091445923 0.564444899559021 0.6981329321861267 1.0132620334625244 -0.558022677898407 -0.43703529238700867 0.7054153680801392 2.198072910308838 0.7032768130302429 -0.7002871632575989 0.12247281521558762 11.16482162475586 0.0 0.0 0.0 1.0
0.49150794744491577 0.552197277545929 0.6734226942062378 1.272875189781189 -0.534851610660553 -0.4188525676727295 0.7338230609893799 2.141242265701294 0.6872799396514893 -0.7208610773086548 0.08947425335645676 11.180288314819336 0.0 0.0 0.0 1.0
0.5203484892845154 0.5451105237007141 0.6573370695114136 1.1547141075134277 -0.5280505418777466 -0.39955562353134155 0.7493450045585632 2.1453018188476562 0.6711185574531555 -0.7370277047157288 0.07993774861097336 11.14239501953125 0.0 0.0 0.0 1.0
0.5430368781089783 0.5387950539588928 0.644058108329773 0.8778712153434753 -0.5257933139801025 -0.37984833121299744 0.7610890865325928 2.116814374923706 0.6547154188156128 -0.751940906047821 0.07702319324016571 11.177604675292969 0.0 0.0 0.0 1.0
0.5522661209106445 0.53737872838974 0.6373587846755981 0.5694542527198792 -0.5257638692855835 -0.3688046336174011 0.766521692276001 2.061091423034668 0.6469733119010925 -0.7584242224693298 0.07885601371526718 11.143945693969727 0.0 0.0 0.0 1.0
0.5617508292198181 0.5328182578086853 0.6328828930854797 0.3731820583343506 -0.5268515348434448 -0.3594159185886383 0.7702257037162781 2.1018152236938477 0.637858510017395 -0.7661102414131165 0.07881391048431396 11.0466890335083 0.0 0.0 0.0 1.0
0.5866867899894714 0.5196403861045837 0.6211058497428894 0.1691269427537918 -0.5236214399337769 -0.3416532576084137 0.7804445028305054 2.1648881435394287 0.6177533268928528 -0.7831008434295654 0.071651391685009 10.864808082580566 0.0 0.0 0.0 1.0
0.6326398253440857 0.49526065587997437 0.5953853130340576 0.06946616619825363 -0.5071028470993042 -0.3161425292491913 0.8018108606338501 2.31819748878479 0.5853319764137268 -0.8091790676116943 0.05114373192191124 10.8324556350708 0.0 0.0 0.0 1.0
0.6796320676803589 0.4687930643558502 0.5642103552818298 0.3448888957500458 -0.48272231221199036 -0.293323278427124 0.8251912593841553 2.3409276008605957 0.5523399710655212 -0.8331833481788635 0.02694498375058174 10.829912185668945 0.0 0.0 0.0 1.0
0.7375079989433289 0.4321154057979584 0.518997311592102 0.7706978917121887 -0.4445916414260864 -0.2678165137767792 0.8547587990760803 2.2063868045806885 0.5083504915237427 -0.861133337020874 -0.005401907488703728 10.946250915527344 0.0 0.0 0.0 1.0
0.7760917544364929 0.40266022086143494 0.4853311777114868 1.0459723472595215 -0.41917455196380615 -0.24559110403060913 0.874058187007904 2.0726099014282227 0.4711414873600006 -0.8817878365516663 -0.021816296502947807 10.935457229614258 0.0 0.0 0.0 1.0
0.7930396795272827 0.38695457577705383 0.4704829752445221 0.9135993719100952 -0.4111049473285675 -0.22997818887233734 0.88210129737854 1.9856479167938232 0.44953396916389465 -0.8929592370986938 -0.02330288477241993 10.901556015014648 0.0 0.0 0.0 1.0
0.8032040596008301 0.3773026466369629 0.4609836935997009 0.7256600856781006 -0.40674155950546265 -0.21802811324596405 0.8871443271636963 1.8982099294662476 0.4352293014526367 -0.900059163570404 -0.021656392142176628 10.96461009979248 0.0 0.0 0.0 1.0
0.8099020719528198 0.37532225251197815 0.45076802372932434 0.5920840501785278 -0.39941680431365967 -0.20990921556949615 0.8924148678779602 1.9067927598953247 0.4295635223388672 -0.9028130173683167 -0.020095909014344215 10.837509155273438 0.0 0.0 0.0 1.0
0.8193058967590332 0.363935261964798 0.44304510951042175 0.5305214524269104 -0.39272555708885193 -0.20677818357944489 0.8961079120635986 1.871087908744812 0.41773733496665955 -0.9081816673278809 -0.02648789808154106 10.764596939086914 0.0 0.0 0.0 1.0
0.847373366355896 0.3187130093574524 0.4247121810913086 0.5043885707855225 -0.37265264987945557 -0.21284739673137665 0.9032308459281921 1.670798659324646 0.37827029824256897 -0.9236438870429993 -0.06159196048974991 10.79651165008545 0.0 0.0 0.0 1.0
0.872039258480072 0.2775202691555023 0.40315017104148865 0.42023369669914246 -0.3459876775741577 -0.23306545615196228 0.9088305830955505 1.4676052331924438 0.3461792767047882 -0.932020902633667 -0.10722362995147705 10.687261581420898 0.0 0.0 0.0 1.0
0.8868803381919861 0.2432357221841812 0.39278444647789 0.32464027404785156 -0.3327578604221344 -0.2534707486629486 0.908308744430542 1.3408583402633667 0.3204925060272217 -0.9362633228302002 -0.1438596248626709 10.727617263793945 0.0 0.0 0.0 1.0
0.9082511067390442 0.20598433911800385 0.3642120361328125 0.2975662648677826 -0.3058079779148102 -0.2673232853412628 0.9137941598892212 1.3238614797592163 0.28558963537216187 -0.9413334727287292 -0.17980501055717468 10.8043794631958 0.0 0.0 0.0 1.0
0.9350552558898926 0.16976851224899292 0.3112078607082367 0.7078518867492676 -0.25835368037223816 -0.274781733751297 0.9261470437049866 1.3080949783325195 0.24274484813213348 -0.9464003443717957 -0.21307580173015594 10.976587295532227 0.0 0.0 0.0 1.0
0.9531237483024597 0.14082765579223633 0.2678109109401703 1.184885025024414 -0.2216942459344864 -0.27735063433647156 0.9348413348197937 1.2642651796340942 0.20592904090881348 -0.9503915905952454 -0.23312880098819733 10.95666790008545 0.0 0.0 0.0 1.0
0.963107168674469 0.10658345371484756 0.2471124231815338 1.457682490348816 -0.2099166363477707 -0.27706441283226013 0.9376408457756042 1.0584787130355835 0.16840305924415588 -0.9549216032028198 -0.24446909129619598 11.006560325622559 0.0 0.0 0.0 1.0
0.9662545919418335 0.06816742569208145 0.24840547144412994 1.373257040977478 -0.22092267870903015 -0.27658337354660034 0.9352511763572693 0.9198982119560242 0.13245849311351776 -0.9585691690444946 -0.2521902024745941 10.913692474365234 0.0 0.0 0.0 1.0
0.973370373249054 0.03303937241435051 0.22684477269649506 1.4700032472610474 -0.2083953619003296 -0.28474298119544983 0.935677707195282 0.7628796696662903 0.09550666064023972 -0.958034336566925 -0.2702751159667969 10.892744064331055 0.0 0.0 0.0 1.0
0.9804326295852661 0.010540714487433434 0.19657239317893982 1.4338103532791138 -0.18473488092422485 -0.29570233821868896 0.937247633934021 0.7869538068771362 0.06800617277622223 -0.955221951007843 -0.2879689931869507 10.663966178894043 0.0 0.0 0.0 1.0
0.9857685565948486 -0.013370208442211151 0.1675756275653839 1.3177986145019531 -0.1636245846748352 -0.30499643087387085 0.9381919503211975 0.9043458104133606 0.03856614977121353 -0.9522596597671509 -0.3028436005115509 10.580044746398926 0.0 0.0 0.0 1.0
0.9866904020309448 -0.02527504600584507 0.16063369810581207 0.975290834903717 -0.16047514975070953 -0.3108968734741211 0.9367982149124146 1.0591914653778076 0.02626289613544941 -0.9501075148582458 -0.3108149766921997 10.476197242736816 0.0 0.0 0.0 1.0
0.9868091940879822 -0.013373004272580147 0.16133418679237366 0.4687023162841797 -0.15715043246746063 -0.31844955682754517 0.9348227977752686 1.1683677434921265 0.038875408470630646 -0.947845458984375 -0.316350519657135 10.273569107055664 0.0 0.0 0.0 1.0
0.9870850443840027 -0.0015937932766973972 0.16018927097320557 0.35605329275131226 -0.15217630565166473 -0.32177266478538513 0.9345077276229858 1.2579448223114014 0.050055112689733505 -0.9468156099319458 -0.3178595006465912 10.106578826904297 0.0 0.0 0.0 1.0
0.9866196513175964 0.004180510062724352 0.16298511624336243 0.26773497462272644 -0.15314699709415436 -0.3191415071487427 0.9352511167526245 1.4131925106048584 0.05592513829469681 -0.9476978778839111 -0.3142310380935669 9.796188354492188 0.0 0.0 0.0 1.0
0.9864095449447632 0.0024149829987436533 0.1642874777317047 0.15813525021076202 -0.15514253079891205 -0.3155507743358612 0.936140239238739 1.6096856594085693 0.05410180613398552 -0.9489056468009949 -0.3108876347541809 9.453665733337402 0.0 0.0 0.0 1.0
0.9872473478317261 -0.003746361704543233 0.15914976596832275 0.19755983352661133 -0.1523085981607437 -0.3130617141723633 0.9374403953552246 1.7861888408660889 0.04631170630455017 -0.9497253894805908 -0.30963996052742004 9.191577911376953 0.0 0.0 0.0 1.0
0.9898655414581299 -0.014697056263685226 0.14124539494514465 0.26630711555480957 -0.13875789940357208 -0.3116775155067444 0.9400017857551575 1.7409662008285522 0.03020775504410267 -0.9500742554664612 -0.31055817008018494 9.003067016601562 0.0 0.0 0.0 1.0
0.9931054711341858 -0.029240548610687256 0.11351882666349411 0.380954772233963 -0.11693243682384491 -0.31539592146873474 0.9417282938957214 1.4323744773864746 0.008266719989478588 -0.9485095739364624 -0.31664058566093445 8.964940071105957 0.0 0.0 0.0 1.0
0.99471116065979 -0.04542280733585358 0.09212231636047363 0.3715009093284607 -0.10186103731393814 -0.32103902101516724 0.9415722489356995 1.0808483362197876 -0.013193996623158455 -0.9459760785102844 -0.32396790385246277 9.031879425048828 0.0 0.0 0.0 1.0
0.9955373406410217 -0.06790101528167725 0.06553509086370468 0.2501586973667145 -0.08438386023044586 -0.3296380937099457 0.9403287172317505 0.7532578110694885 -0.04224640876054764 -0.9416624307632446 -0.33389678597450256 9.245118141174316 0.0 0.0 0.0 1.0
0.9953787326812744 -0.08960027992725372 0.03453919291496277 0.20243984460830688 -0.06326210498809814 -0.34126782417297363 0.9378348588943481 0.7105269432067871 -0.07224315404891968 -0.9356858730316162 -0.34535902738571167 9.452225685119629 0.0 0.0 0.0 1.0
0.9944011569023132 -0.105181485414505 0.010160897858440876 0.32952162623405457 -0.04668489843606949 -0.35102197527885437 0.9352027177810669 0.7210883498191833 -0.09479930996894836 -0.9304409623146057 -0.3539670407772064 9.523418426513672 0.0 0.0 0.0 1.0
0.9922995567321777 -0.12223730981349945 -0.01999163068830967 0.46412619948387146 -0.025987740606069565 -0.3632785379886627 0.9313180446624756 0.6503686904907227 -0.12110434472560883 -0.9236269593238831 -0.36365780234336853 9.65748119354248 0.0 0.0 0.0 1.0
0.9879671335220337 -0.14406554400920868 -0.056267768144607544 0.6376832723617554 -0.0017748663667589426 -0.37434327602386475 0.9272885322570801 0.6478374004364014 -0.15465377271175385 -0.9160307049751282 -0.37009453773498535 9.933826446533203 0.0 0.0 0.0 1.0
0.9812122583389282 -0.16927243769168854 -0.09257104992866516 0.715671956539154 0.021999074146151543 -0.37852078676223755 0.9253312945365906 0.6322640776634216 -0.191673144698143 -0.9099829196929932 -0.36768537759780884 10.120079040527344 0.0 0.0 0.0 1.0
0.9682438969612122 -0.20506827533245087 -0.14300629496574402 0.7295210957527161 0.05945999547839165 -0.36670783162117004 0.9284340739250183 0.8214049339294434 -0.24283389747142792 -0.9074537754058838 -0.34286925196647644 10.143603324890137 0.0 0.0 0.0 1.0
0.9533545970916748 -0.24097223579883575 -0.18178947269916534 0.6626694202423096 0.0941714271903038 -0.3347489833831787 0.9375899434089661 1.456134557723999 -0.2867869734764099 -0.9109750390052795 -0.29644179344177246 9.951800346374512 0.0 0.0 0.0 1.0
0.9419148564338684 -0.2718930244445801 -0.19715629518032074 0.5456136465072632 0.11241791397333145 -0.29793044924736023 0.9479449391365051 2.01169490814209 -0.3164784908294678 -0.9150473475456238 -0.25005948543548584 9.731648445129395 0.0 0.0 0.0 1.0
0.9294103980064392 -0.312346875667572 -0.19655978679656982 0.2608821392059326 0.12422312796115875 -0.23675529658794403 0.9635950922966003 2.6008388996124268 -0.34751251339912415 -0.9199925661087036 -0.18124212324619293 9.414055824279785 0.0 0.0 0.0 1.0
0.9170778393745422 -0.35039222240448 -0.19024600088596344 -0.07866925746202469 0.12912651896476746 -0.1904241293668747 0.973172664642334 2.7479336261749268 -0.3772195279598236 -0.9170408844947815 -0.12938882410526276 9.058021545410156 0.0 0.0 0.0 1.0
0.9078335165977478 -0.37467890977859497 -0.1882924884557724 -0.33539989590644836 0.1276196539402008 -0.18085961043834686 0.9751938581466675 2.4372293949127197 -0.3994390666484833 -0.909343421459198 -0.11637400835752487 9.078810691833496 0.0 0.0 0.0 1.0
0.8760979771614075 -0.3771136999130249 -0.30039578676223755 0.4416648745536804 0.23634521663188934 -0.20713740587234497 0.9493339657783508 1.5402406454086304 -0.42023003101348877 -0.9027066826820374 -0.09234364330768585 9.338566780090332 0.0 0.0 0.0 1.0
0.8775749206542969 -0.37218716740608215 -0.3022233545780182 0.44843271374702454 0.24057699739933014 -0.20341527462005615 0.9490758180618286 1.6448227167129517 -0.4147107005119324 -0.9055931568145752 -0.08897247165441513 9.374582290649414 0.0 0.0 0.0 1.0
0.8666045069694519 -0.39456799626350403 -0.305471271276474 0.47257184982299805 0.24067187309265137 -0.2057599425315857 0.9485461711883545 1.563947081565857 -0.4371197521686554 -0.8955327868461609 -0.08335107564926147 9.568280220031738 0.0 0.0 0.0 1.0
0.8501853346824646 -0.4265546202659607 -0.3086034655570984 0.40539759397506714 0.23831990361213684 -0.21086570620536804 0.9480186104774475 1.420422077178955 -0.4694555997848511 -0.87953782081604 -0.07761846482753754 9.736235618591309 0.0 0.0 0.0 1.0
0.8305270075798035 -0.45089107751846313 -0.32698947191238403 0.5721040368080139 0.253233402967453 -0.21720881760120392 0.9427052140235901 1.3353487253189087 -0.4960823953151703 -0.865746796131134 -0.06621710956096649 9.77657699584961 0.0 0.0 0.0 1.0
0.8059380650520325 -0.46817949414253235 -0.36231452226638794 0.760419487953186 0.28734591603279114 -0.2257203310728073 0.9308505058288574 1.2433910369873047 -0.517586886882782 -0.8543174266815186 -0.04738713800907135 9.819353103637695 0.0 0.0 0.0 1.0
0.7881999015808105 -0.4749186336994171 -0.3913990259170532 0.7804741859436035 0.3174091577529907 -0.2311580926179886 0.9196832776069641 1.1657629013061523 -0.527249813079834 -0.8491278886795044 -0.03145526722073555 9.882495880126953 0.0 0.0 0.0 1.0
0.7791130542755127 -0.4821464419364929 -0.4006465673446655 0.6208760738372803 0.3240121304988861 -0.23740243911743164 0.9157817363739014 1.0838054418563843 -0.5366553664207458 -0.8433118462562561 -0.028742050752043724 9.954388618469238 0.0 0.0 0.0 1.0
0.7717016339302063 -0.49106934666633606 -0.40413790941238403 0.24729669094085693 0.322795033454895 -0.2450886368751526 0.9141854047775269 0.9654453992843628 -0.5479780435562134 -0.8359320759773254 -0.030620543286204338 10.061999320983887 0.0 0.0 0.0 1.0
0.7586064338684082 -0.504350483417511 -0.41248857975006104 -0.09794148057699203 0.3259774446487427 -0.2543637752532959 0.9105151295661926 0.8962193727493286 -0.5641409158706665 -0.8251845836639404 -0.028555117547512054 10.211348533630371 0.0 0.0 0.0 1.0
0.7410905361175537 -0.5225069522857666 -0.421629399061203 -0.21051324903964996 0.33015960454940796 -0.26319998502731323 0.9064879417419434 0.8097919225692749 -0.5846191048622131 -0.8109946250915527 -0.022544341161847115 10.351922035217285 0.0 0.0 0.0 1.0
0.7092889547348022 -0.5464156270027161 -0.44535282254219055 -0.21399497985839844 0.3489528298377991 -0.2767721712589264 0.8953374028205872 0.7582671046257019 -0.6124876141548157 -0.7904600501060486 -0.005638147704303265 10.503582954406738 0.0 0.0 0.0 1.0
0.6668480634689331 -0.5652777552604675 -0.4855664372444153 0.09004063904285431 0.38954249024391174 -0.29105523228645325 0.8738097548484802 0.7660991549491882 -0.6352718472480774 -0.771847128868103 0.026110084727406502 10.748106002807617 0.0 0.0 0.0 1.0
0.6413523554801941 -0.5773783326148987 -0.5052736401557922 0.3836123049259186 0.41101086139678955 -0.297542929649353 0.8617066144943237 0.7743323445320129 -0.6478713154792786 -0.7603304982185364 0.046478886157274246 10.870387077331543 0.0 0.0 0.0 1.0
0.6192837357521057 -0.5936463475227356 -0.5138790011405945 0.4220024347305298 0.42097046971321106 -0.30142176151275635 0.8555283546447754 0.7501636743545532 -0.6627756357192993 -0.7461426854133606 0.06324200332164764 10.899304389953613 0.0 0.0 0.0 1.0
0.5962722897529602 -0.6114639043807983 -0.5201646089553833 0.4117552936077118 0.42811596393585205 -0.30591973662376404 0.8503704071044922 0.8611501455307007 -0.679099440574646 -0.7297430634498596 0.07936599105596542 10.850851058959961 0.0 0.0 0.0 1.0
0.570037841796875 -0.6296716332435608 -0.5277978181838989 0.47848087549209595 0.4393351376056671 -0.3092367351055145 0.8434199690818787 0.9881261587142944 -0.6942921280860901 -0.7126614451408386 0.10036023706197739 10.788966178894043 0.0 0.0 0.0 1.0
0.5340191125869751 -0.6555624008178711 -0.5339115262031555 0.44880416989326477 0.4446744918823242 -0.3193189203739166 0.8368393182754517 1.136798620223999 -0.7190884351730347 -0.6843050122261047 0.12098947167396545 10.832320213317871 0.0 0.0 0.0 1.0
0.4984235167503357 -0.6731683611869812 -0.5462768077850342 0.27406659722328186 0.4538798928260803 -0.33424073457717896 0.8260000944137573 1.283126950263977 -0.7386251091957092 -0.6596419215202332 0.1389441192150116 10.944765090942383 0.0 0.0 0.0 1.0
0.46320641040802 -0.6883974075317383 -0.5581655502319336 0.13924524188041687 0.4591729938983917 -0.35226911306381226 0.8155161738395691 1.3722331523895264 -0.758023738861084 -0.6340468525886536 0.152920201420784 10.974425315856934 0.0 0.0 0.0 1.0
0.406954288482666 -0.7074462175369263 -0.5778477787971497 0.16712602972984314 0.46850278973579407 -0.38140398263931274 0.7968915104866028 1.3181685209274292 -0.7841513752937317 -0.5950217247009277 0.17622654139995575 10.982213973999023 0.0 0.0 0.0 1.0
0.3438418507575989 -0.7191311717033386 -0.6038402915000916 0.45647579431533813 0.49343380331993103 -0.40874314308166504 0.7677578330039978 1.0934618711471558 -0.7989342212677002 -0.5619425177574158 0.21430063247680664 11.012340545654297 0.0 0.0 0.0 1.0
0.3006942868232727 -0.7271631956100464 -0.6171033978462219 0.6789698004722595 0.5091570615768433 -0.42472919821739197 0.7485747933387756 0.9750306010246277 -0.8064378499984741 -0.5392947196960449 0.24252662062644958 11.053203582763672 0.0 0.0 0.0 1.0
0.26836031675338745 -0.7343965768814087 -0.6234135627746582 0.6639753580093384 0.5152702927589417 -0.4373604655265808 0.7370293736457825 0.9699322581291199 -0.8139283061027527 -0.519015908241272 0.2610425353050232 11.009529113769531 0.0 0.0 0.0 1.0
0.25641512870788574 -0.7393849492073059 -0.6225441694259644 0.40554872155189514 0.5085955858230591 -0.4444930851459503 0.7373984456062317 0.8811349868774414 -0.8219378590583801 -0.505703330039978 0.2620731592178345 11.081575393676758 0.0 0.0 0.0 1.0
0.2493179738521576 -0.7416768670082092 -0.622700572013855 0.29719215631484985 0.5053174495697021 -0.4488963186740875 0.7369846105575562 0.8548385500907898 -0.8261324167251587 -0.49840500950813293 0.262864351272583 11.027359008789062 0.0 0.0 0.0 1.0
0.22659148275852203 -0.744509220123291 -0.6279827952384949 0.36366215348243713 0.5098670125007629 -0.45868319272994995 0.7277674078941345 0.8622223138809204 -0.8298746347427368 -0.4850935637950897 0.2756669521331787 10.961236000061035 0.0 0.0 0.0 1.0
0.1939144879579544 -0.7485700845718384 -0.6340662837028503 0.4488741159439087 0.5207395553588867 -0.4692173898220062 0.7132077813148499 0.8919361233711243 -0.8314009308815002 -0.46848469972610474 0.29882198572158813 10.809943199157715 0.0 0.0 0.0 1.0
0.1660442054271698 -0.7524062395095825 -0.6374277472496033 0.27776646614074707 0.5301663279533386 -0.4769200384616852 0.7010498642921448 0.9498472809791565 -0.8314763903617859 -0.45434802770614624 0.3197106420993805 10.767620086669922 0.0 0.0 0.0 1.0
0.1292637586593628 -0.7557606101036072 -0.6419632434844971 0.07274991273880005 0.5399556159973145 -0.4893532991409302 0.6848220825195312 1.0981346368789673 -0.8317083716392517 -0.43515434861183167 0.3448215126991272 10.805996894836426 0.0 0.0 0.0 1.0
0.08658470213413239 -0.759166955947876 -0.6451113224029541 0.002784049604088068 0.5477877855300903 -0.5045886039733887 0.6673221588134766 1.176118016242981 -0.8321247696876526 -0.41116398572921753 0.3721727728843689 10.739782333374023 0.0 0.0 0.0 1.0
0.04956609755754471 -0.7606279850006104 -0.6472930312156677 0.10292547941207886 0.5539811849594116 -0.5183219909667969 0.6514961123466492 1.1923714876174927 -0.8310523629188538 -0.390880286693573 0.3956823945045471 10.648414611816406 0.0 0.0 0.0 1.0
0.006943804677575827 -0.7603777647018433 -0.6494439244270325 0.2697191834449768 0.5581213235855103 -0.5359423160552979 0.6334559321403503 1.176552653312683 -0.8297303318977356 -0.3668670952320099 0.4206615686416626 10.504056930541992 0.0 0.0 0.0 1.0
-0.02282094769179821 -0.7596320509910583 -0.6499525308609009 0.2079763114452362 0.5590795278549194 -0.5486582517623901 0.6216141581535339 1.1442357301712036 -0.8287999033927917 -0.3491893410682678 0.437215656042099 10.44851016998291 0.0 0.0 0.0 1.0
-0.056583747267723083 -0.756734311580658 -0.6512691378593445 0.1175166517496109 0.5579472184181213 -0.5649145245552063 0.6079198122024536 1.1282958984375 -0.8279451727867126 -0.3289754092693329 0.4541827440261841 10.481337547302246 0.0 0.0 0.0 1.0
-0.08361044526100159 -0.7522332072257996 -0.6535705924034119 0.11289902031421661 0.5535680651664734 -0.5804200768470764 0.5972226858139038 1.0986381769180298 -0.8285962343215942 -0.3118617534637451 0.46494144201278687 10.603196144104004 0.0 0.0 0.0 1.0
-0.10232415050268173 -0.7492567300796509 -0.6543272733688354 0.1718611866235733 0.5496094822883606 -0.590846598148346 0.5906180143356323 0.8643789291381836 -0.829131543636322 -0.2991899847984314 0.47225648164749146 10.60145378112793 0.0 0.0 0.0 1.0
-0.127589613199234 -0.7411264777183533 -0.6591300368309021 0.2429744452238083 0.5416008234024048 -0.6087934374809265 0.5796887874603271 0.7235905528068542 -0.83089679479599 -0.28302308917045593 0.47907042503356934 10.66541576385498 0.0 0.0 0.0 1.0
-0.16101886332035065 -0.7320297956466675 -0.6619707942008972 0.26237916946411133 0.5321217179298401 -0.6292772889137268 0.5664420127868652 0.6289499998092651 -0.8312156200408936 -0.26104119420051575 0.4908544719219208 10.626745223999023 0.0 0.0 0.0 1.0
-0.191314235329628 -0.726140558719635 -0.6603928804397583 0.32774338126182556 0.5245766639709473 -0.6443120837211609 0.5564901828765869 0.6394849419593811 -0.8295891880989075 -0.23996219038963318 0.5041824579238892 10.496442794799805 0.0 0.0 0.0 1.0
-0.22401165962219238 -0.720443844795227 -0.6563379168510437 0.09691451489925385 0.5180941224098206 -0.6584413647651672 0.5459244251251221 0.8199679255485535 -0.8254678845405579 -0.2177513688802719 0.5207562446594238 10.459936141967773 0.0 0.0 0.0 1.0
-0.25685039162635803 -0.7158607840538025 -0.6492851376533508 0.009890052489936352 0.5140155553817749 -0.6701099276542664 0.5354817509651184 0.9625772833824158 -0.818422794342041 -0.19620396196842194 0.5400815606117249 10.515450477600098 0.0 0.0 0.0 1.0
-0.28457972407341003 -0.7119240760803223 -0.642011284828186 0.02368958480656147 0.510656476020813 -0.6793547868728638 0.5269791483879089 0.9285874962806702 -0.8113225698471069 -0.17787966132164001 0.5568792223930359 10.463839530944824 0.0 0.0 0.0 1.0
-0.321930855512619 -0.7061072587966919 -0.6306925415992737 0.055371493101119995 0.5065114498138428 -0.6912584900856018 0.515371561050415 0.7976850867271423 -0.7998791933059692 -0.15353897213935852 0.5801888704299927 10.231338500976562 0.0 0.0 0.0 1.0
-0.36255037784576416 -0.6962928771972656 -0.619462251663208 0.06004396080970764 0.503346860408783 -0.705697238445282 0.49863144755363464 0.6195372939109802 -0.784346342086792 -0.13102535903453827 0.6063276529312134 10.063420295715332 0.0 0.0 0.0 1.0
-0.39558184146881104 -0.6871739029884338 -0.6093497276306152 0.053527433425188065 0.5021147131919861 -0.7173498272895813 0.48300108313560486 0.4627476930618286 -0.7690226435661316 -0.1148969978094101 0.628810703754425 9.973512649536133 0.0 0.0 0.0 1.0
-0.43420249223709106 -0.6765010952949524 -0.5948230624198914 0.12004908919334412 0.506182074546814 -0.729439914226532 0.4601055383682251 0.38795706629753113 -0.7451496124267578 -0.10130977630615234 0.6591573357582092 9.934198379516602 0.0 0.0 0.0 1.0
-0.46372324228286743 -0.6623432636260986 -0.5884404182434082 0.20339509844779968 0.5032596588134766 -0.7435364127159119 0.44032180309295654 0.6111336946487427 -0.729171097278595 -0.09195087105035782 0.67812579870224 9.907252311706543 0.0 0.0 0.0 1.0
-0.4791305661201477 -0.6519457697868347 -0.5877079367637634 0.19736617803573608 0.4995943307876587 -0.7530834078788757 0.42810148000717163 0.7615787982940674 -0.7216920256614685 -0.08849906176328659 0.6865336894989014 9.979070663452148 0.0 0.0 0.0 1.0
-0.4891507625579834 -0.6393906474113464 -0.5932209491729736 -0.08928811550140381 0.49028486013412476 -0.7640846967697144 0.4192795157432556 0.8728832006454468 -0.7213544845581055 -0.08575636893510818 0.6872361898422241 10.151418685913086 0.0 0.0 0.0 1.0
-0.5032371282577515 -0.6260747313499451 -0.5956364870071411 -0.3897855877876282 0.4795348644256592 -0.7757318019866943 0.41022732853889465 0.9546192288398743 -0.7188870906829834 -0.07918684184551239 0.6906017065048218 10.339590072631836 0.0 0.0 0.0 1.0
-0.5273482799530029 -0.6152836680412292 -0.5859435200691223 -0.32323381304740906 0.47222018241882324 -0.7855538129806519 0.3998916447162628 1.2029075622558594 -0.7063369154930115 -0.06581220030784607 0.704809844493866 10.556665420532227 0.0 0.0 0.0 1.0
-0.5652016401290894 -0.6091675758361816 -0.5562930703163147 -0.12395784258842468 0.468901127576828 -0.7920369505882263 0.39090824127197266 1.522524118423462 -0.678733229637146 -0.039904456585645676 0.7332999110221863 10.537554740905762 0.0 0.0 0.0 1.0
-0.5993139147758484 -0.6128389835357666 -0.5150254964828491 0.0011547362664714456 0.47099408507347107 -0.7901718020439148 0.3921646475791931 1.812516689300537 -0.6472923755645752 -0.007544229738414288 0.7622044682502747 10.618430137634277 0.0 0.0 0.0 1.0
-0.6252201199531555 -0.6116853952407837 -0.4847068786621094 0.09982757270336151 0.46953845024108887 -0.7909014225006104 0.39243921637535095 2.030540704727173 -0.6234047412872314 0.017772382125258446 0.7816973328590393 10.637877464294434 0.0 0.0 0.0 1.0
-0.6568557024002075 -0.6036224961280823 -0.4518633186817169 0.3485603332519531 0.46340033411979675 -0.7959122657775879 0.3895943760871887 2.1515488624572754 -0.5948114991188049 0.04651368409395218 0.802518367767334 10.626791000366211 0.0 0.0 0.0 1.0
-0.6871448159217834 -0.5838020443916321 -0.4324432611465454 0.5281956791877747 0.4480268061161041 -0.8090759515762329 0.38035258650779724 2.093902111053467 -0.5719300508499146 0.06761112809181213 0.8175113201141357 10.537834167480469 0.0 0.0 0.0 1.0
-0.7129322290420532 -0.5591663718223572 -0.4231555461883545 0.54043048620224 0.4292014241218567 -0.8251651525497437 0.3672718107700348 1.9481803178787231 -0.5545392632484436 0.08022095263004303 0.828281819820404 10.48086166381836 0.0 0.0 0.0 1.0
