0.27565670013427734 0.6977695226669312 0.6611589193344116 0.24755814671516418 -0.6700437068939209 -0.353695273399353 0.6526415944099426 1.8188068866729736 0.6892421841621399 -0.6229103803634644 0.37003758549690247 6.511723518371582 0.0 0.0 0.0 1.0
0.27921178936958313 0.6856985688209534 0.6722040176391602 0.24152587354183197 -0.6634592413902283 -0.36830976605415344 0.6512831449508667 1.6836165189743042 0.6941632628440857 -0.627825915813446 0.35209664702415466 6.559818744659424 0.0 0.0 0.0 1.0
0.28959381580352783 0.6790080666542053 0.674598753452301 0.22401252388954163 -0.6512820720672607 -0.37669122219085693 0.6587377190589905 1.6112879514694214 0.7014036774635315 -0.6301204562187195 0.3331383168697357 6.623938083648682 0.0 0.0 0.0 1.0
0.3086114823818207 0.6698494553565979 0.6753226518630981 0.20082981884479523 -0.6395809054374695 -0.37938159704208374 0.668584942817688 1.5399466753005981 0.7040562629699707 -0.6382564902305603 0.31134140491485596 6.639446258544922 0.0 0.0 0.0 1.0
0.36917686462402344 0.648715615272522 0.665489673614502 0.27011939883232117 -0.6005536317825317 -0.3799608051776886 0.7035375833511353 1.4739820957183838 0.7092558145523071 -0.6593919992446899 0.2493157684803009 6.646850109100342 0.0 0.0 0.0 1.0
0.7926743626594543 0.40388357639312744 0.4566676914691925 0.43343785405158997 -0.37023189663887024 -0.2762101888656616 0.8869251608848572 1.302748680114746 0.4843507707118988 -0.8721158504486084 -0.0694141536951065 7.314689636230469 0.0 0.0 0.0 1.0
0.8213094472885132 0.37165477871894836 0.4328088164329529 0.14213933050632477 -0.3527461588382721 -0.2654099762439728 0.8972890973091125 1.3279041051864624 0.4483535587787628 -0.8896236419677734 -0.08688393235206604 7.334074020385742 0.0 0.0 0.0 1.0
0.854331910610199 0.33612561225891113 0.3964044749736786 -0.14333957433700562 -0.3263230621814728 -0.2467176765203476 0.912493109703064 1.4286718368530273 0.40451231598854065 -0.9089279174804688 -0.10109324008226395 7.249332427978516 0.0 0.0 0.0 1.0
0.8746601939201355 0.3079036772251129 0.3743859529495239 -0.3609030544757843 -0.31339719891548157 -0.23001457750797272 0.9213443994522095 1.494096040725708 0.36979955434799194 -0.9231947660446167 -0.10468845814466476 7.197436809539795 0.0 0.0 0.0 1.0
0.9113266468048096 0.2620224356651306 0.3175342381000519 -0.4743524193763733 -0.27534955739974976 -0.18545176088809967 0.9432869553565979 1.647644281387329 0.306049644947052 -0.9470754265785217 -0.09685935825109482 7.090191841125488 0.0 0.0 0.0 1.0
0.9993345737457275 0.03562651574611664 0.00782136432826519 -0.14895251393318176 -0.001535729505121708 -0.17314399778842926 0.9848953485488892 1.6726341247558594 0.03644261136651039 -0.9842519760131836 -0.17297407984733582 7.715095520019531 0.0 0.0 0.0 1.0
0.9995585680007935 -0.0070547801442444324 -0.028859851881861687 -0.05573165789246559 0.027067961171269417 -0.18418097496032715 0.9825195670127869 1.5939515829086304 -0.012246894650161266 -0.9828670024871826 -0.18390871584415436 7.945250034332275 0.0 0.0 0.0 1.0
0.9978815913200378 -0.028270479291677475 -0.0585925318300724 -0.09280577301979065 0.05204739421606064 -0.19341780245304108 0.9797349572181702 1.5369040966033936 -0.03903041407465935 -0.9807090759277344 -0.19153665006160736 8.102994918823242 0.0 0.0 0.0 1.0
0.99517822265625 -0.04099319875240326 -0.08910588175058365 -0.13958896696567535 0.07882678508758545 -0.20633558928966522 0.9753009676933289 1.434423804283142 -0.05836642161011696 -0.9776222109794617 -0.20210932195186615 8.197309494018555 0.0 0.0 0.0 1.0
0.9909931421279907 -0.058165039867162704 -0.12062079459428787 -0.12898488342761993 0.1062045469880104 -0.20727112889289856 0.9725015759468079 1.4295536279678345 -0.08156680315732956 -0.9765528440475464 -0.19922687113285065 8.217391967773438 0.0 0.0 0.0 1.0
0.9325500130653381 -0.21045294404029846 -0.2933599650859833 -0.6128751039505005 0.2550535202026367 -0.19108112156391144 0.9478585124015808 1.1885623931884766 -0.25553515553474426 -0.958747923374176 -0.12451594322919846 7.162403106689453 0.0 0.0 0.0 1.0
0.9152693748474121 -0.22350217401981354 -0.33515480160713196 -0.7877752780914307 0.2949276864528656 -0.1949525773525238 0.9354202747344971 1.0934107303619385 -0.2744077742099762 -0.9550079703330994 -0.11251714080572128 7.054258823394775 0.0 0.0 0.0 1.0
0.8954980969429016 -0.24082326889038086 -0.3742823898792267 -0.8563328385353088 0.3306502401828766 -0.20293255150318146 0.9216771721839905 1.0563379526138306 -0.29791539907455444 -0.9491167068481445 -0.10209744423627853 7.017657279968262 0.0 0.0 0.0 1.0
0.864732027053833 -0.2696210443973541 -0.4237251281738281 -0.8269380331039429 0.3777658939361572 -0.20678040385246277 0.9025158286094666 1.1208542585372925 -0.33095529675483704 -0.9405032396316528 -0.07695600390434265 6.943799018859863 0.0 0.0 0.0 1.0
0.8259921669960022 -0.3054152727127075 -0.4737704396247864 -0.7877773642539978 0.4279444217681885 -0.20727461576461792 0.8797163367271423 1.2456740140914917 -0.3668793737888336 -0.9293861985206604 -0.04050645977258682 6.892526149749756 0.0 0.0 0.0 1.0
0.4925667345523834 -0.510282576084137 -0.7049749493598938 -0.12218308448791504 0.6272333860397339 -0.3533887267112732 0.6940422654151917 1.0653531551361084 -0.6032878756523132 -0.7840459942817688 0.1459987312555313 7.228207588195801 0.0 0.0 0.0 1.0
0.4454725384712219 -0.5299474000930786 -0.7216023802757263 -0.27244091033935547 0.6307907700538635 -0.3861845135688782 0.6730263829231262 0.9527561664581299 -0.6353402137756348 -0.7549948692321777 0.1622513234615326 7.10670280456543 0.0 0.0 0.0 1.0
0.40354493260383606 -0.5518758296966553 -0.7297838926315308 -0.35712361335754395 0.6400017738342285 -0.3997519612312317 0.656198263168335 0.9785398244857788 -0.6538724899291992 -0.7318684458732605 0.1918836236000061 6.926358699798584 0.0 0.0 0.0 1.0
0.3598480522632599 -0.5832117199897766 -0.7282674908638 -0.39782610535621643 0.6471389532089233 -0.406263530254364 0.6451054811477661 1.0937857627868652 -0.6721015572547913 -0.7034302353858948 0.2312258929014206 6.767143726348877 0.0 0.0 0.0 1.0
0.3051723539829254 -0.5914024114608765 -0.7464000582695007 -0.40968796610832214 0.6657312512397766 -0.42795395851135254 0.6112751364707947 1.013039469718933 -0.6809344291687012 -0.6834461092948914 0.2631153464317322 6.733433246612549 0.0 0.0 0.0 1.0
-0.12495827674865723 -0.61825031042099 -0.775984525680542 0.16285355389118195 0.6895554065704346 -0.6164628863334656 0.38011419773101807 0.8408001661300659 -0.7133713960647583 -0.4875859022140503 0.503350019454956 7.013093948364258 0.0 0.0 0.0 1.0
-0.1553676277399063 -0.6134710311889648 -0.7742829918861389 0.08795183897018433 0.6866786479949951 -0.6305385231971741 0.3617921471595764 0.7623893618583679 -0.7101643085479736 -0.4754728376865387 0.5192227363586426 6.995194435119629 0.0 0.0 0.0 1.0
-0.23386023938655853 -0.5952174663543701 -0.768781840801239 0.17151044309139252 0.6747779250144958 -0.6686341762542725 0.3124150335788727 0.5920117497444153 -0.6999887228012085 -0.44569554924964905 0.5580065250396729 6.878262996673584 0.0 0.0 0.0 1.0
-0.3055228590965271 -0.5840005874633789 -0.7520632147789001 0.177103191614151 0.6589011549949646 -0.699852705001831 0.27578142285346985 0.47220852971076965 -0.6873900294303894 -0.41127780079841614 0.5986196994781494 6.597938537597656 0.0 0.0 0.0 1.0
-0.31205904483795166 -0.5805590152740479 -0.752044141292572 -0.16207827627658844 0.6370707154273987 -0.7151045203208923 0.28769150376319885 0.4716145992279053 -0.7048120498657227 -0.38932856917381287 0.5930119752883911 6.458676815032959 0.0 0.0 0.0 1.0
-0.61387699842453 -0.5045273303985596 -0.6071303486824036 -0.7420510053634644 0.5557708144187927 -0.8224118947982788 0.12148027867078781 0.5092633366584778 -0.5606013536453247 -0.262851357460022 0.7852612733840942 5.871261119842529 0.0 0.0 0.0 1.0
-0.6468773484230042 -0.4947085976600647 -0.5803560614585876 -0.7572154998779297 0.5451571941375732 -0.8321430683135986 0.10169363021850586 0.583171010017395 -0.5332479476928711 -0.25060194730758667 0.8079884052276611 5.922811031341553 0.0 0.0 0.0 1.0
-0.7162215113639832 -0.4559686481952667 -0.5283175110816956 -0.5217938423156738 0.5113261938095093 -0.8580793142318726 0.04738526791334152 0.5714956521987915 -0.474944531917572 -0.23620423674583435 0.8477236032485962 6.1024556159973145 0.0 0.0 0.0 1.0
-0.7786694765090942 -0.4208531677722931 -0.4653562605381012 -0.17363341152668 0.4765915870666504 -0.8791214823722839 -0.0024202021304517984 0.5488837361335754 -0.4080861210823059 -0.2236694097518921 0.885120153427124 6.286022663116455 0.0 0.0 0.0 1.0
-0.8028444647789001 -0.4018988609313965 -0.44036129117012024 -0.08081802725791931 0.45579028129577637 -0.8898884057998657 -0.018810831010341644 0.5347946286201477 -0.38431236147880554 -0.21581456065177917 0.897623598575592 6.3699469566345215 0.0 0.0 0.0 1.0
-0.9024047255516052 -0.2925918400287628 -0.3163158595561981 0.2114618569612503 0.3283888101577759 -0.9422873854637146 -0.06523231416940689 0.8078973889350891 -0.2789739966392517 -0.1627405285835266 0.9464085102081299 6.996163845062256 0.0 0.0 0.0 1.0
-0.9101614952087402 -0.28051355481147766 -0.3048248291015625 0.240067258477211 0.31474465131759644 -0.9466949701309204 -0.06858927011489868 0.8496758341789246 -0.26933589577674866 -0.1583693027496338 0.9499354362487793 7.0109686851501465 0.0 0.0 0.0 1.0
-0.9205997586250305 -0.2629273533821106 -0.28873056173324585 0.2702946960926056 0.29643112421035767 -0.9518322348594666 -0.07838337868452072 0.8241718411445618 -0.25421392917633057 -0.15774844586849213 0.9541963934898376 7.015279293060303 0.0 0.0 0.0 1.0
-0.9207167029380798 -0.26056742668151855 -0.29049158096313477 0.17582473158836365 0.29563015699386597 -0.9516568779945374 -0.08337891846895218 0.7729806303977966 -0.2547224760055542 -0.16264644265174866 0.9532379508018494 7.019504547119141 0.0 0.0 0.0 1.0
-0.9133446216583252 -0.2755740284919739 -0.2997674345970154 0.04939838498830795 0.31071820855140686 -0.9474831819534302 -0.07569553703069687 0.7781997919082642 -0.2631648778915405 -0.16227932274341583 0.9510045647621155 6.97891092300415 0.0 0.0 0.0 1.0
-0.8363334536552429 -0.3567533493041992 -0.4162612557411194 0.39314886927604675 0.38877400755882263 -0.921294093132019 0.008480439893901348 0.3235187232494354 -0.3865244686603546 -0.15473908185958862 0.9092054963111877 6.473133563995361 0.0 0.0 0.0 1.0
-0.779943585395813 -0.38863688707351685 -0.4905602037906647 0.3364492654800415 0.4249019920825958 -0.9043161273002625 0.04087371379137039 0.10716085135936737 -0.4595065414905548 -0.17656081914901733 0.8704481720924377 6.450425148010254 0.0 0.0 0.0 1.0
-0.7025273442268372 -0.4431886672973633 -0.5568115711212158 0.2436835765838623 0.46886029839515686 -0.8768455982208252 0.10635709017515182 0.015370643697679043 -0.5353740453720093 -0.1863480806350708 0.823801577091217 6.336259841918945 0.0 0.0 0.0 1.0
-0.6083113551139832 -0.49135348200798035 -0.6233209371566772 0.2145046889781952 0.511144757270813 -0.8433234691619873 0.16594137251377106 -0.14034420251846313 -0.6071970462799072 -0.2176632285118103 0.7641560435295105 6.316264629364014 0.0 0.0 0.0 1.0
-0.5271666049957275 -0.5211283564567566 -0.6712083220481873 0.14643928408622742 0.5359557867050171 -0.8168628215789795 0.21327568590641022 -0.23026280105113983 -0.659429132938385 -0.24730615317821503 0.709924578666687 6.276381492614746 0.0 0.0 0.0 1.0
0.10878452658653259 -0.5904240012168884 -0.7997283339500427 0.02451111562550068 0.6302700638771057 -0.5811605453491211 0.5147932171821594 -0.30919671058654785 -0.7687168121337891 -0.560046374797821 0.3089052736759186 7.321098804473877 0.0 0.0 0.0 1.0
0.202970489859581 -0.5925928354263306 -0.7795105576515198 -0.2372288852930069 0.6183333992958069 -0.5397084951400757 0.5712954998016357 -0.09828542917966843 -0.7592540979385376 -0.5979535579681396 0.25687506794929504 7.66593074798584 0.0 0.0 0.0 1.0
0.27487048506736755 -0.5991116762161255 -0.7520049214363098 -0.28949591517448425 0.6080605983734131 -0.49754074215888977 0.6186400651931763 0.27279341220855713 -0.7447875738143921 -0.6273104548454285 0.22753693163394928 7.94094705581665 0.0 0.0 0.0 1.0
0.3343386948108673 -0.592448890209198 -0.7329542636871338 -0.22646214067935944 0.6029060482978821 -0.46330130100250244 0.6495046019554138 0.5169872641563416 -0.724376916885376 -0.659057080745697 0.20229145884513855 8.256715774536133 0.0 0.0 0.0 1.0
0.36294835805892944 -0.5823188424110413 -0.7274429202079773 -0.06199413165450096 0.6046752333641052 -0.44679149985313416 0.6593520641326904 0.5996066331863403 -0.708968460559845 -0.6791775226593018 0.1899515688419342 8.387378692626953 0.0 0.0 0.0 1.0
0.687598466873169 -0.489685982465744 -0.5361119508743286 -0.4162317216396332 0.46774056553840637 -0.26601359248161316 0.8428852558135986 0.9096401929855347 -0.5553621649742126 -0.8303278684616089 0.046135470271110535 8.06104564666748 0.0 0.0 0.0 1.0
0.7548521757125854 -0.45670726895332336 -0.4707617461681366 -0.5293648838996887 0.42025548219680786 -0.21427389979362488 0.8817437291145325 1.0943446159362793 -0.5035707354545593 -0.8634263873100281 0.030188603326678276 7.822131156921387 0.0 0.0 0.0 1.0
0.7936793565750122 -0.4403303265571594 -0.41974076628685 -0.472488135099411 0.3787887394428253 -0.18219172954559326 0.9073727130889893 1.2753322124481201 -0.476017028093338 -0.8791560530662537 0.022190356627106667 7.7548747062683105 0.0 0.0 0.0 1.0
0.810859739780426 -0.43201303482055664 -0.39480525255203247 -0.4118677079677582 0.353226900100708 -0.17660745978355408 0.9187167882919312 1.320361852645874 -0.4666231870651245 -0.884406328201294 0.009394736960530281 7.92683744430542 0.0 0.0 0.0 1.0
0.8296476602554321 -0.42137712240219116 -0.3662322759628296 -0.3393419682979584 0.31951019167900085 -0.17956915497779846 0.9304128885269165 1.327246904373169 -0.4578187167644501 -0.8889298439025879 -0.014344846829771996 8.113313674926758 0.0 0.0 0.0 1.0
0.938686728477478 -0.2574646472930908 -0.22930140793323517 -0.23354345560073853 0.19824795424938202 -0.14105939865112305 0.9699484705924988 1.61887526512146 -0.2820725739002228 -0.9559363126754761 -0.08136875182390213 9.027445793151855 0.0 0.0 0.0 1.0
0.9560686349868774 -0.21972201764583588 -0.19404906034469604 -0.16416943073272705 0.16827809810638428 -0.13065892457962036 0.9770418405532837 1.5320695638656616 -0.24003183841705322 -0.9667732119560242 -0.08794449269771576 8.919672966003418 0.0 0.0 0.0 1.0
0.9731755256652832 -0.17649421095848083 -0.14757762849330902 -0.2589016854763031 0.12735038995742798 -0.12096218764781952 0.9844541549682617 1.4541720151901245 -0.19160178303718567 -0.9768407940864563 -0.09524083137512207 8.716687202453613 0.0 0.0 0.0 1.0
0.9888416528701782 -0.11678002029657364 -0.09249133616685867 -0.4098225235939026 0.0791453942656517 -0.11416580528020859 0.9903040528297424 1.3404377698898315 -0.12620708346366882 -0.9865741729736328 -0.10364930331707001 8.421502113342285 0.0 0.0 0.0 1.0
0.9984923005104065 -0.036570265889167786 -0.04093550145626068 -0.4142540991306305 0.03717293590307236 -0.09822779148817062 0.9944694638252258 1.3593766689300537 -0.04038901627063751 -0.9944918155670166 -0.09672027081251144 8.114436149597168 0.0 0.0 0.0 1.0
0.9832252264022827 0.09978170692920685 0.15268202126026154 -0.03587064519524574 -0.14007189869880676 -0.1230875626206398 0.9824608564376831 1.5831557512283325 0.11682488024234772 -0.9873667359352112 -0.10704618692398071 8.600564956665039 0.0 0.0 0.0 1.0
0.9734309911727905 0.14766931533813477 0.1750025600194931 0.07038441300392151 -0.15805955231189728 -0.119654081761837 0.9801530838012695 1.696375846862793 0.16567830741405487 -0.9817721843719482 -0.09313444048166275 8.703376770019531 0.0 0.0 0.0 1.0
0.9630911946296692 0.17032590508460999 0.20843318104743958 -0.012928632088005543 -0.18569496273994446 -0.1401582956314087 0.9725600481033325 1.5366785526275635 0.19486580789089203 -0.9753690361976624 -0.10335655510425568 8.7864351272583 0.0 0.0 0.0 1.0
0.9467294812202454 0.2039484977722168 0.24921536445617676 -0.14477920532226562 -0.22160133719444275 -0.1489201933145523 0.9636989235877991 1.5031870603561401 0.23365814983844757 -0.9675886631011963 -0.09579187631607056 8.786086082458496 0.0 0.0 0.0 1.0
0.9284693598747253 0.23223817348480225 0.28984493017196655 -0.22984425723552704 -0.25820645689964294 -0.1573418527841568 0.9531909227371216 1.4363995790481567 0.26697206497192383 -0.9598484039306641 -0.08612168580293655 8.697935104370117 0.0 0.0 0.0 1.0
0.7474910020828247 0.4361344277858734 0.501042902469635 -0.5002854466438293 -0.4537164866924286 -0.21570385992527008 0.8646462559700012 1.3271223306655884 0.4851789176464081 -0.8736467361450195 0.03664468601346016 7.884305000305176 0.0 0.0 0.0 1.0
0.7349492311477661 0.4414842128753662 0.5147244930267334 -0.3460884094238281 -0.4683689475059509 -0.2184271216392517 0.8561075329780579 1.3934179544448853 0.49038776755332947 -0.8702765703201294 0.04624465852975845 7.8892292976379395 0.0 0.0 0.0 1.0
0.7174621224403381 0.4565944969654083 0.5260889530181885 -0.198612779378891 -0.48021239042282104 -0.22290463745594025 0.8483569622039795 1.5041390657424927 0.5046228170394897 -0.8612984418869019 0.05933670327067375 7.887685775756836 0.0 0.0 0.0 1.0
0.6906723380088806 0.4774560034275055 0.5431459546089172 -0.08050689846277237 -0.48986726999282837 -0.24360957741737366 0.8370689749717712 1.4978296756744385 0.5319791436195374 -0.8442097902297974 0.06563567370176315 7.915223121643066 0.0 0.0 0.0 1.0
0.6691781282424927 0.4951933026313782 0.5540615916252136 -0.015456088818609715 -0.4949190616607666 -0.25917646288871765 0.8293869495391846 1.4814492464065552 0.5543065667152405 -0.8292232155799866 0.07164540141820908 7.915815353393555 0.0 0.0 0.0 1.0
0.3212354779243469 0.6443462371826172 0.6939926147460938 -0.07854169607162476 -0.6522010564804077 -0.3808055520057678 0.6554547548294067 0.7704566717147827 0.6866160035133362 -0.663178026676178 0.2979150116443634 6.867166996002197 0.0 0.0 0.0 1.0
0.2547830641269684 0.6650233864784241 0.702018141746521 -0.04955151304602623 -0.6762043833732605 -0.39643383026123047 0.6209571957588196 0.8449274897575378 0.6912547945976257 -0.6329171657562256 0.3486871123313904 6.848162651062012 0.0 0.0 0.0 1.0
0.20154298841953278 0.6685663461685181 0.715820848941803 -0.04573483020067215 -0.7008731365203857 -0.41207846999168396 0.5822097659111023 0.9092363715171814 0.6842201948165894 -0.6190398931503296 0.38552865386009216 6.976118087768555 0.0 0.0 0.0 1.0
0.15216368436813354 0.6570635437965393 0.738318145275116 -0.053077712655067444 -0.7169972658157349 -0.4407716393470764 0.540032684803009 0.8521783351898193 0.680265486240387 -0.6115454435348511 0.4040433168411255 7.222467422485352 0.0 0.0 0.0 1.0
0.11601850390434265 0.6505239009857178 0.7505720257759094 -0.0856219083070755 -0.7196378707885742 -0.4657893180847168 0.514938473701477 0.791774570941925 0.6845881938934326 -0.5998824238777161 0.4141014814376831 7.343244552612305 0.0 0.0 0.0 1.0
-0.2351653277873993 0.6168476939201355 0.7511299848556519 -0.8121817111968994 -0.6837579607963562 -0.6542304754257202 0.3231988847255707 0.6052765846252441 0.6907765865325928 -0.4375859498977661 0.5756268501281738 7.692097187042236 0.0 0.0 0.0 1.0
-0.2785007655620575 0.6140568256378174 0.7384927868843079 -0.8882594108581543 -0.6737520694732666 -0.6728869676589966 0.3054198622703552 0.6486875414848328 0.6844673156738281 -0.41250133514404297 0.6011215448379517 7.62636137008667 0.0 0.0 0.0 1.0
-0.32432591915130615 0.6012331247329712 0.7302954196929932 -0.9172818064689636 -0.6714150309562683 -0.6901455521583557 0.2700017988681793 0.6414044499397278 0.666344165802002 -0.4027627408504486 0.6275090575218201 7.6700663566589355 0.0 0.0 0.0 1.0
-0.34724828600883484 0.5933477878570557 0.7261935472488403 -0.7979152202606201 -0.6723072528839111 -0.6973795890808105 0.2483237087726593 0.6484468579292297 0.6537748575210571 -0.4019952118396759 0.641075849533081 7.720271587371826 0.0 0.0 0.0 1.0
-0.36387914419174194 0.5857303738594055 0.7242318987846375 -0.7320799231529236 -0.6736752986907959 -0.702445924282074 0.22963298857212067 0.6725844740867615 0.6432367563247681 -0.4043385088443756 0.6501975059509277 7.75475549697876 0.0 0.0 0.0 1.0
-0.6013091802597046 0.46094346046447754 0.6526548862457275 -0.6716592311859131 -0.5666947364807129 -0.8218601942062378 0.05833456665277481 0.4327394366264343 0.5632799863815308 -0.33477896451950073 0.7554063200950623 8.215510368347168 0.0 0.0 0.0 1.0
-0.6348090767860413 0.45213204622268677 0.6265732645988464 -0.5424360632896423 -0.5478829741477966 -0.8352001309394836 0.04759161174297333 0.4589596092700958 0.5448317527770996 -0.31307724118232727 0.7779080867767334 8.167939186096191 0.0 0.0 0.0 1.0
-0.6848137974739075 0.42609620094299316 0.5911616683006287 -0.5717237591743469 -0.5186626315116882 -0.8548417091369629 0.015321511775255203 0.3888574540615082 0.5118780732154846 -0.29612109065055847 0.8064075708389282 7.994296073913574 0.0 0.0 0.0 1.0
-0.7478411793708801 0.3983059227466583 0.5311176180839539 -0.7191891670227051 -0.4769638478755951 -0.8788337707519531 -0.01251798216253519 0.4085470736026764 0.46177810430526733 -0.2626853585243225 0.847205638885498 7.768835067749023 0.0 0.0 0.0 1.0
-0.7875275611877441 0.377578467130661 0.4870675504207611 -0.8049818277359009 -0.44287988543510437 -0.8963293433189392 -0.02124030515551567 0.4981708526611328 0.42855304479599 -0.23243974149227142 0.8731060028076172 7.600884437561035 0.0 0.0 0.0 1.0
-0.9248927235603333 0.23511353135108948 0.2988227605819702 -1.1563897132873535 -0.2758502662181854 -0.9557979106903076 -0.10176900774240494 0.5928894281387329 0.26168689131736755 -0.17655575275421143 0.9488667249679565 7.377915382385254 0.0 0.0 0.0 1.0
-0.9424360990524292 0.2117852419614792 0.25876855850219727 -1.2232086658477783 -0.24743492901325226 -0.962216317653656 -0.11364753544330597 0.5857325196266174 0.22492244839668274 -0.17113392055034637 0.9592304825782776 7.236433029174805 0.0 0.0 0.0 1.0
-0.9558676481246948 0.20089051127433777 0.21438297629356384 -1.1623585224151611 -0.2292238175868988 -0.9663793444633484 -0.11647936701774597 0.6267120838165283 0.18377567827701569 -0.1604805439710617 0.9697796106338501 7.057058811187744 0.0 0.0 0.0 1.0
-0.962735116481781 0.1995384842157364 0.18255257606506348 -1.0388832092285156 -0.22151924669742584 -0.9690419435501099 -0.10902721434831619 0.7062872648239136 0.15514598786830902 -0.14540323615074158 0.9771323204040527 6.9118194580078125 0.0 0.0 0.0 1.0
-0.9742841720581055 0.18303276598453522 0.13141292333602905 -0.985348641872406 -0.1988077014684677 -0.9727811813354492 -0.11904741078615189 0.6758717894554138 0.10604643821716309 -0.1421119123697281 0.9841536283493042 6.76373815536499 0.0 0.0 0.0 1.0
-0.9964361786842346 0.0701461136341095 0.04684499651193619 -0.38431528210639954 -0.07641402631998062 -0.9858546853065491 -0.14916908740997314 0.40519624948501587 0.035718727856874466 -0.1522170901298523 0.987701416015625 6.934993267059326 0.0 0.0 0.0 1.0
-0.9978840351104736 0.05368322506546974 0.03668130189180374 -0.3402927815914154 -0.0584787055850029 -0.9876348376274109 -0.14545688033103943 0.4423460066318512 0.02841913513839245 -0.14729417860507965 0.988684356212616 6.985450267791748 0.0 0.0 0.0 1.0
-0.9988530278205872 0.04362133517861366 0.019742492586374283 -0.3377542495727539 -0.045912742614746094 -0.9895893335342407 -0.1363999843597412 0.5252193212509155 0.013587010093033314 -0.13714997470378876 0.9904571175575256 7.013957977294922 0.0 0.0 0.0 1.0
-0.999359667301178 0.03370780125260353 0.01200095470994711 -0.3134438693523407 -0.034978244453668594 -0.9909870028495789 -0.1293109506368637 0.6017240285873413 0.007534001488238573 -0.12964792549610138 0.991531491279602 7.035583972930908 0.0 0.0 0.0 1.0
-0.9997523427009583 0.022138843312859535 0.0022731823846697807 -0.2636297643184662 -0.02225031517446041 -0.9921544790267944 -0.1230219155550003 0.690513551235199 -0.0004682149738073349 -0.1230420246720314 0.9924013614654541 7.073927879333496 0.0 0.0 0.0 1.0
-0.9970873594284058 0.0033795626368373632 0.07619328051805496 0.7966131567955017 -0.007299267686903477 -0.9986605048179626 -0.05122462287545204 1.2943370342254639 0.07591810077428818 -0.05163157731294632 0.9957764148712158 7.0075483322143555 0.0 0.0 0.0 1.0
-0.9945010542869568 0.004604255314916372 0.10462518036365509 1.0710359811782837 -0.009474913589656353 -0.9988917112350464 -0.04610418900847435 1.3423100709915161 0.10429695248603821 -0.04684198275208473 0.9934424757957458 7.003653049468994 0.0 0.0 0.0 1.0
-0.9939541816711426 0.017896242439746857 0.10832716524600983 1.1610476970672607 -0.02394089661538601 -0.9982125163078308 -0.054759133607149124 1.2710645198822021 0.10715354979038239 -0.05702151730656624 0.992605984210968 7.048076629638672 0.0 0.0 0.0 1.0
-0.9938516616821289 0.022039644420146942 0.10850416868925095 1.1682183742523193 -0.028720125555992126 -0.9977611899375916 -0.0603962168097496 1.219981074333191 0.10693013668060303 -0.06314112991094589 0.9922596216201782 7.084076881408691 0.0 0.0 0.0 1.0
-0.9944233894348145 0.023822538554668427 0.10273568332195282 1.0933253765106201 -0.031031113117933273 -0.9971235990524292 -0.06914878636598587 1.1488163471221924 0.10079287737607956 -0.07195117324590683 0.9923022985458374 7.131018161773682 0.0 0.0 0.0 1.0
-0.9972856640815735 -0.014618158340454102 0.0721641331911087 0.44600874185562134 0.009535362012684345 -0.9974815845489502 -0.07028232514858246 1.0624316930770874 0.07300979644060135 -0.06940343976020813 0.9949134588241577 7.226517677307129 0.0 0.0 0.0 1.0