-0.01165681891143322 0.37419426441192627 0.9272770881652832 0.5112024545669556 -0.36195534467697144 -0.8660323619842529 0.34492936730384827 -0.4396015405654907 0.932122528553009 -0.33161211013793945 0.14553679525852203 7.506555080413818 0.0 0.0 0.0 1.0
-0.019400538876652718 0.3735271692276001 0.9274163246154785 0.50094074010849 -0.36084336042404175 -0.8676872849464417 0.34192219376564026 -0.4364626705646515 0.9324246048927307 -0.32801857590675354 0.15161840617656708 7.487016201019287 0.0 0.0 0.0 1.0
-0.038153182715177536 0.3723943829536438 0.9272900223731995 0.500108003616333 -0.36146965622901917 -0.870268702507019 0.334622323513031 -0.41699427366256714 0.931602954864502 -0.32242029905319214 0.1678127944469452 7.458586692810059 0.0 0.0 0.0 1.0
-0.07790068536996841 0.37066709995269775 0.925493061542511 0.5064828991889954 -0.36717599630355835 -0.87372887134552 0.31902918219566345 -0.40716689825057983 0.9268836379051208 -0.31496623158454895 0.20416413247585297 7.405452251434326 0.0 0.0 0.0 1.0
-0.11889853328466415 0.37156596779823303 0.9207615852355957 0.5042617917060852 -0.3731658160686493 -0.876076877117157 0.30534666776657104 -0.414058119058609 0.9201143383979797 -0.3072914779186249 0.24281997978687286 7.367933750152588 0.0 0.0 0.0 1.0
-0.3389226198196411 0.34312841296195984 0.8760104775428772 0.735480785369873 -0.345562219619751 -0.9114382266998291 0.22330956161022186 -0.5022875666618347 0.8750532865524292 -0.22703143954277039 0.42747923731803894 7.791807651519775 0.0 0.0 0.0 1.0
-0.37350520491600037 0.3337632715702057 0.8655033111572266 0.812125027179718 -0.3345327377319336 -0.9187077879905701 0.20991390943527222 -0.4887751042842865 0.8652061820030212 -0.21113525331020355 0.4547968804836273 7.926368236541748 0.0 0.0 0.0 1.0
-0.39828944206237793 0.33083346486091614 0.8555201292037964 0.8943973779678345 -0.3340568542480469 -0.92095547914505 0.20061664283275604 -0.46621590852737427 0.8542666435241699 -0.20588886737823486 0.4773240089416504 7.99008846282959 0.0 0.0 0.0 1.0
-0.4292706847190857 0.3322710394859314 0.8398348689079285 0.8678892254829407 -0.33576497435569763 -0.9219340682029724 0.1931307315826416 -0.38691872358322144 0.8384441137313843 -0.19908177852630615 0.5073242783546448 7.952836990356445 0.0 0.0 0.0 1.0
-0.4689650535583496 0.3290788531303406 0.819621205329895 0.7973806858062744 -0.33075812458992004 -0.9259011745452881 0.18249952793121338 -0.24266432225704193 0.8189449906349182 -0.18551047146320343 0.5430607795715332 7.9138288497924805 0.0 0.0 0.0 1.0
-0.6589150428771973 0.29389867186546326 0.6924265623092651 0.34169697761535645 -0.28536736965179443 -0.949367880821228 0.13140036165714264 -0.2330111265182495 0.6959859132766724 -0.11101426184177399 0.7094218730926514 7.80192232131958 0.0 0.0 0.0 1.0
-0.6970291137695312 0.2832792401313782 0.6587133407592773 0.1815977543592453 -0.26593443751335144 -0.9552656412124634 0.12940813601016998 -0.08820710331201553 0.6659048795700073 -0.08497332036495209 0.7411816716194153 7.784626483917236 0.0 0.0 0.0 1.0
-0.7248974442481995 0.28126007318496704 0.6288214921951294 0.06310228258371353 -0.26185840368270874 -0.9568319916725159 0.12610596418380737 0.01606096886098385 0.6371451020240784 -0.07324830442667007 0.7672553658485413 7.846685886383057 0.0 0.0 0.0 1.0
-0.7518607378005981 0.28272396326065063 0.5956279039382935 -0.08671937882900238 -0.25748035311698914 -0.9575657248497009 0.12950602173805237 0.1882452815771103 0.6069673299789429 -0.055991996079683304 0.7927519083023071 7.89594030380249 0.0 0.0 0.0 1.0
-0.7824293971061707 0.26456522941589355 0.56374591588974 -0.2416389286518097 -0.24020463228225708 -0.9634309411048889 0.11875414848327637 0.26270583271980286 0.5745484828948975 -0.04249763861298561 0.8173665404319763 8.021600723266602 0.0 0.0 0.0 1.0
-0.907447874546051 0.13929517567157745 0.39640283584594727 -0.8381336331367493 -0.12847252190113068 -0.9902487993240356 0.05387136712670326 -0.25190532207489014 0.40004146099090576 -0.0020414143800735474 0.9164947867393494 8.4215726852417 0.0 0.0 0.0 1.0
-0.9183512926101685 0.12629523873329163 0.3750738799571991 -0.7791311144828796 -0.11590513586997986 -0.9919891357421875 0.050235096365213394 -0.28874316811561584 0.37841367721557617 0.0026604768354445696 0.9256327748298645 8.3623685836792 0.0 0.0 0.0 1.0
-0.9279381632804871 0.1224672794342041 0.35204052925109863 -0.7085860371589661 -0.1127399355173111 -0.992460310459137 0.0480860210955143 -0.23647144436836243 0.3552752137184143 0.004931826610118151 0.9347487092018127 8.281792640686035 0.0 0.0 0.0 1.0
-0.9369388818740845 0.12223746627569199 0.3274195194244385 -0.6011388301849365 -0.1127302423119545 -0.9924685955047607 0.047936975955963135 -0.14329537749290466 0.33081328868865967 0.00800393521785736 0.9436622858047485 8.232380867004395 0.0 0.0 0.0 1.0
-0.9433135986328125 0.12097544223070145 0.3090701699256897 -0.4550556540489197 -0.11165215820074081 -0.992599606513977 0.04774703457951546 -0.13645051419734955 0.3125591576099396 0.01053207740187645 0.9498398900032043 8.190763473510742 0.0 0.0 0.0 1.0
-0.9846873879432678 0.07241418957710266 0.15857774019241333 0.11280227452516556 -0.06917648017406464 -0.9972694516181946 0.02585010416805744 -0.26115110516548157 0.16001664102077484 0.014484422281384468 0.9870080351829529 8.160643577575684 0.0 0.0 0.0 1.0
-0.991227924823761 0.05788445472717285 0.11881326138973236 0.008594103157520294 -0.05615197494626045 -0.9982621073722839 0.017880596220493317 -0.24287468194961548 0.11964178085327148 0.011052146553993225 0.9927555918693542 8.211967468261719 0.0 0.0 0.0 1.0
-0.9961933493614197 0.04125233739614487 0.07679203152656555 -0.1308319866657257 -0.04057375341653824 -0.999122679233551 0.010376624763011932 -0.2145308405160904 0.07715272158384323 0.007221383508294821 0.9969931244850159 8.297786712646484 0.0 0.0 0.0 1.0
-0.9992848038673401 0.016403665766119957 0.034070029854774475 -0.2891332507133484 -0.016290796920657158 -0.9998608827590942 0.0035878578200936317 -0.22666245698928833 0.03412414342164993 0.0030302638188004494 0.999413013458252 8.419686317443848 0.0 0.0 0.0 1.0
-1.0 -0.00017207236669491976 0.00011142172297695652 -0.4507378041744232 0.0001721454318612814 -0.9999997615814209 0.0006560234469361603 -0.23995748162269592 0.000111308807390742 0.0006560425972566009 0.9999997615814209 8.505671501159668 0.0 0.0 0.0 1.0
-0.9782854914665222 -0.10320325940847397 -0.17974020540714264 -0.8608533143997192 0.10604754090309143 -0.9943413734436035 -0.0062618437223136425 -0.7484857439994812 -0.1780768632888794 -0.025186877697706223 0.9836941957473755 9.053214073181152 0.0 0.0 0.0 1.0
-0.9741699695587158 -0.10725203156471252 -0.19872049987316132 -0.7716132402420044 0.10932186990976334 -0.9940062165260315 0.0005591120570898056 -0.6500430107116699 -0.19758938252925873 -0.02117982506752014 0.9800560474395752 8.931368827819824 0.0 0.0 0.0 1.0
-0.9704983234405518 -0.1012362539768219 -0.21882469952106476 -0.6712254285812378 0.10308097302913666 -0.9946684241294861 0.0030005648732185364 -0.53205406665802 -0.21796178817749023 -0.019644619897007942 0.9757595658302307 8.870579719543457 0.0 0.0 0.0 1.0
-0.9657397270202637 -0.10131219774484634 -0.23891974985599518 -0.5416591763496399 0.1034027561545372 -0.9946323037147522 0.0038014405872672796 -0.44714784622192383 -0.23802243173122406 -0.0210337582975626 0.971031904220581 8.843199729919434 0.0 0.0 0.0 1.0
-0.9630852937698364 -0.09300871938467026 -0.25261855125427246 -0.3915734887123108 0.09528068453073502 -0.9954451322555542 0.003252551658079028 -0.4132577180862427 -0.25177040696144104 -0.020937183871865273 0.9675604701042175 8.81014633178711 0.0 0.0 0.0 1.0
-0.9113705158233643 -0.1234285831451416 -0.39264383912086487 0.18478362262248993 0.12949024140834808 -0.9915182590484619 0.011124875396490097 -0.6297905445098877 -0.39068666100502014 -0.04070465639233589 0.9196233153343201 8.904060363769531 0.0 0.0 0.0 1.0
-0.8926530480384827 -0.12559294700622559 -0.43289366364479065 0.002930270740762353 0.13108070194721222 -0.9912210702896118 0.017280874773859978 -0.5208619832992554 -0.43126368522644043 -0.04131818190217018 0.9012793302536011 9.016470909118652 0.0 0.0 0.0 1.0
-0.8734694123268127 -0.13800844550132751 -0.4669099450111389 -0.11695241183042526 0.1433045119047165 -0.9893789887428284 0.0243527814745903 -0.3785383701324463 -0.46531176567077637 -0.04563888907432556 0.8839694857597351 9.10897159576416 0.0 0.0 0.0 1.0
-0.8557161688804626 -0.15131627023220062 -0.49482646584510803 -0.15794192254543304 0.15647482872009277 -0.9871864318847656 0.03128233924508095 -0.3127386271953583 -0.4932194948196411 -0.05065908282995224 0.8684285879135132 9.24062442779541 0.0 0.0 0.0 1.0
-0.8404756784439087 -0.15706877410411835 -0.518584668636322 -0.22449660301208496 0.1618048995733261 -0.9861495494842529 0.03644575551152229 -0.2644878625869751 -0.5171265006065369 -0.053277768194675446 0.8542491793632507 9.33656120300293 0.0 0.0 0.0 1.0
-0.7212337255477905 -0.21911898255348206 -0.6571215987205505 -0.29906517267227173 0.2487015277147293 -0.9673100709915161 0.04958605393767357 -0.5931608080863953 -0.64650559425354 -0.1276640146970749 0.7521518468856812 9.551321983337402 0.0 0.0 0.0 1.0
-0.7045512199401855 -0.21259324252605438 -0.6770610809326172 -0.31619951128959656 0.24098698794841766 -0.9690523743629456 0.05350523814558983 -0.52730792760849 -0.6674824953079224 -0.12546572089195251 0.7339792251586914 9.42586898803711 0.0 0.0 0.0 1.0
-0.6880665421485901 -0.21212783455848694 -0.6939496994018555 -0.2513934373855591 0.24109788239002228 -0.968819797039032 0.05709671974182129 -0.4371143579483032 -0.6844239830970764 -0.12802346050739288 0.7177560925483704 9.38650131225586 0.0 0.0 0.0 1.0
-0.6728512644767761 -0.2144192010164261 -0.7080222964286804 -0.20293395221233368 0.24278567731380463 -0.9680679440498352 0.06244676187634468 -0.39881056547164917 -0.6988034844398499 -0.12988029420375824 0.7034236192703247 9.3341703414917 0.0 0.0 0.0 1.0
-0.655685544013977 -0.21572209894657135 -0.7235609292984009 -0.14287015795707703 0.24095633625984192 -0.9679906368255615 0.07024341076612473 -0.36764681339263916 -0.7155532836914062 -0.12828901410102844 0.686677098274231 9.296682357788086 0.0 0.0 0.0 1.0
-0.5182074308395386 -0.2625289261341095 -0.813965380191803 0.04170997068285942 0.2724299132823944 -0.9528170824050903 0.13387158513069153 -0.35535743832588196 -0.8107052445411682 -0.15237528085708618 0.5652775764465332 9.161876678466797 0.0 0.0 0.0 1.0
-0.4811494052410126 -0.2721099555492401 -0.8333375453948975 -0.07807014882564545 0.2798594534397125 -0.9485421180725098 0.14814352989196777 -0.31852269172668457 -0.8307670950889587 -0.16193820536136627 0.5325430035591125 9.156083106994629 0.0 0.0 0.0 1.0
-0.4484672546386719 -0.27563726902008057 -0.8502359986305237 -0.1473458856344223 0.28653544187545776 -0.9453909993171692 0.15534889698028564 -0.28642451763153076 -0.8466253876686096 -0.1739538460969925 0.502956748008728 9.265735626220703 0.0 0.0 0.0 1.0
-0.4168965518474579 -0.277407705783844 -0.8655877709388733 -0.22830156981945038 0.29479411244392395 -0.942080557346344 0.15993957221508026 -0.350496768951416 -0.8598219156265259 -0.18849194049835205 0.4745282828807831 9.352108001708984 0.0 0.0 0.0 1.0
-0.37535950541496277 -0.27749741077423096 -0.8843644261360168 -0.392174631357193 0.2988508343696594 -0.9394090175628662 0.16792519390583038 -0.4423666298389435 -0.8773787021636963 -0.20126071572303772 0.4355464279651642 9.404071807861328 0.0 0.0 0.0 1.0
-0.1674373298883438 -0.2519724369049072 -0.9531393647193909 -0.7443234920501709 0.35028743743896484 -0.9189106225967407 0.1813889592885971 -1.2249494791030884 -0.9215549230575562 -0.3035014569759369 0.24212272465229034 9.71683120727539 0.0 0.0 0.0 1.0
-0.14683930575847626 -0.2465817630290985 -0.9579330086708069 -0.6813802123069763 0.3471807539463043 -0.9196675419807434 0.1835133135318756 -1.2404634952545166 -0.9262309074401855 -0.3056289255619049 0.220651775598526 9.65028190612793 0.0 0.0 0.0 1.0
-0.1271914839744568 -0.24127858877182007 -0.9620847105979919 -0.583597719669342 0.34027615189552307 -0.921712338924408 0.18616783618927002 -1.2089297771453857 -0.9316836595535278 -0.30369552969932556 0.19933532178401947 9.629232406616211 0.0 0.0 0.0 1.0
-0.11477603018283844 -0.2371605634689331 -0.9646664261817932 -0.46560925245285034 0.32883739471435547 -0.9254066944122314 0.18838359415531158 -1.1877182722091675 -0.9373859763145447 -0.29559648036956787 0.18420177698135376 9.586066246032715 0.0 0.0 0.0 1.0
-0.09690523147583008 -0.23390723764896393 -0.9674175977706909 -0.3035951256752014 0.33000448346138 -0.9245599508285522 0.19048868119716644 -1.1618599891662598 -0.9389922618865967 -0.30079278349876404 0.1667851358652115 9.475220680236816 0.0 0.0 0.0 1.0
0.024584537371993065 -0.24552689492702484 -0.969078004360199 0.09928618371486664 0.3332972824573517 -0.9118964672088623 0.23949472606182098 -0.9921407103538513 -0.9425011873245239 -0.32887890934944153 0.05941489338874817 9.355169296264648 0.0 0.0 0.0 1.0
0.07068194448947906 -0.2400093972682953 -0.9681939482688904 -0.10167672485113144 0.33130621910095215 -0.9098719358444214 0.24973836541175842 -1.0431509017944336 -0.940872073173523 -0.33842068910598755 0.01520509272813797 9.387649536132812 0.0 0.0 0.0 1.0
0.11378669738769531 -0.2350381761789322 -0.9653028845787048 -0.26103541254997253 0.34165680408477783 -0.9030972719192505 0.2601653039455414 -1.096554160118103 -0.9329111576080322 -0.35940566658973694 -0.022458063438534737 9.474627494812012 0.0 0.0 0.0 1.0
0.15888895094394684 -0.22885861992835999 -0.9604051113128662 -0.40745314955711365 0.3450459837913513 -0.8985499739646912 0.2712031602859497 -1.1235637664794922 -0.9250392317771912 -0.3744751214981079 -0.06380292028188705 9.522708892822266 0.0 0.0 0.0 1.0
0.1977171003818512 -0.2218555212020874 -0.9548235535621643 -0.45709720253944397 0.3581332266330719 -0.8903694748878479 0.2810387909412384 -1.1283084154129028 -0.9124957919120789 -0.3975202441215515 -0.09658743441104889 9.623934745788574 0.0 0.0 0.0 1.0
0.3590124249458313 -0.2027370035648346 -0.911047637462616 -0.4964563548564911 0.35559317469596863 -0.8727904558181763 0.3343505561351776 -1.0467922687530518 -0.8629389405250549 -0.4439983367919922 -0.24125070869922638 9.769329071044922 0.0 0.0 0.0 1.0
0.3796919286251068 -0.20526956021785736 -0.9020523428916931 -0.387969046831131 0.3469078242778778 -0.8723283410072327 0.3445260524749756 -0.8843716382980347 -0.8576065301895142 -0.4437427818775177 -0.2600064277648926 9.70957088470459 0.0 0.0 0.0 1.0
0.3944568336009979 -0.21000343561172485 -0.8945962190628052 -0.25370028614997864 0.33365070819854736 -0.8743635416030884 0.3523714542388916 -0.7644901275634766 -0.8562014698982239 -0.4374780058860779 -0.2748308777809143 9.611564636230469 0.0 0.0 0.0 1.0
0.4131424129009247 -0.21025095880031586 -0.8860631585121155 -0.046008121222257614 0.327896386384964 -0.8733792304992676 0.3601286709308624 -0.6737777590751648 -0.849586546421051 -0.4393213391304016 -0.291889488697052 9.527284622192383 0.0 0.0 0.0 1.0
0.4333355128765106 -0.20845802128314972 -0.8767927885055542 0.11756762862205505 0.32633867859840393 -0.8705660104751587 0.368263304233551 -0.6443355679512024 -0.8400734663009644 -0.44571295380592346 -0.30921927094459534 9.467738151550293 0.0 0.0 0.0 1.0
0.5925106406211853 -0.18662284314632416 -0.7836472988128662 0.20438063144683838 0.2986006736755371 -0.8526155352592468 0.42881739139556885 -0.8074944615364075 -0.7481769919395447 -0.48807644844055176 -0.4494580626487732 9.451301574707031 0.0 0.0 0.0 1.0
0.6247798204421997 -0.17248213291168213 -0.7615117430686951 0.15887382626533508 0.3023317754268646 -0.8457744121551514 0.43961474299430847 -0.7543950080871582 -0.7198928594589233 -0.5048916339874268 -0.4762759506702423 9.620826721191406 0.0 0.0 0.0 1.0
0.6546980738639832 -0.16499590873718262 -0.7376630902290344 0.03405115380883217 0.29549017548561096 -0.842366099357605 0.45067161321640015 -0.7077339291572571 -0.6957413554191589 -0.5130259990692139 -0.5027408003807068 9.604924201965332 0.0 0.0 0.0 1.0
0.6868020296096802 -0.1550903618335724 -0.7101055383682251 -0.0809948593378067 0.28952106833457947 -0.8377469778060913 0.4629876911640167 -0.6635253429412842 -0.6666936874389648 -0.5235714316368103 -0.5304644107818604 9.651875495910645 0.0 0.0 0.0 1.0
0.715864896774292 -0.14662139117717743 -0.6826709508895874 -0.1377270370721817 0.28169700503349304 -0.8339594006538391 0.474508672952652 -0.654795229434967 -0.6388930082321167 -0.5319904685020447 -0.5556994676589966 9.762179374694824 0.0 0.0 0.0 1.0
0.82550448179245 -0.1143832877278328 -0.5526832938194275 0.3788743317127228 0.23284491896629333 -0.8230075240135193 0.5181137919425964 -0.22400395572185516 -0.5141260623931885 -0.5563947558403015 -0.6527628302574158 9.972062110900879 0.0 0.0 0.0 1.0
0.835347056388855 -0.11676347255706787 -0.5371793508529663 0.5254446268081665 0.2197507619857788 -0.8247815370559692 0.5210038423538208 -0.21636037528514862 -0.503889799118042 -0.5532646179199219 -0.6633199453353882 10.009939193725586 0.0 0.0 0.0 1.0
0.8446038961410522 -0.1094626858830452 -0.5240821838378906 0.6246617436408997 0.21634365618228912 -0.8256209492683411 0.5211002826690674 -0.28370606899261475 -0.4897342920303345 -0.5535051822662354 -0.6736410856246948 10.033247947692871 0.0 0.0 0.0 1.0
0.8664304614067078 -0.08637507259845734 -0.49176985025405884 0.8226476311683655 0.2152705192565918 -0.8240551948547363 0.524014949798584 -0.4582115709781647 -0.4505073130130768 -0.55988609790802 -0.6953924894332886 10.250079154968262 0.0 0.0 0.0 1.0
0.878375768661499 -0.07589904963970184 -0.47190603613853455 0.8622341752052307 0.2125154286623001 -0.8223378658294678 0.5278234481811523 -0.45307356119155884 -0.4281274974346161 -0.5639146566390991 -0.7061919569969177 10.447477340698242 0.0 0.0 0.0 1.0
0.9618436098098755 0.01534413080662489 -0.27316924929618835 -0.3481939435005188 0.17072632908821106 -0.8138545155525208 0.5554217100143433 -0.7891983985900879 -0.21379756927490234 -0.5808660387992859 -0.7854204177856445 11.516484260559082 0.0 0.0 0.0 1.0
0.968034029006958 0.037617992609739304 -0.24798175692558289 -0.3871397376060486 0.17331856489181519 -0.8149935007095337 0.5529432892799377 -0.8291813135147095 -0.18130290508270264 -0.5782477855682373 -0.7954613566398621 11.527722358703613 0.0 0.0 0.0 1.0
0.9735075235366821 0.049814578145742416 -0.2231626808643341 -0.4403340220451355 0.1685551553964615 -0.8158305287361145 0.5531814098358154 -0.7609670758247375 -0.15450643002986908 -0.5761415362358093 -0.8026136755943298 11.4654541015625 0.0 0.0 0.0 1.0
0.9784767031669617 0.05024866387248039 -0.2001459002494812 -0.49054577946662903 0.15486568212509155 -0.8198168277740479 0.5512866377830505 -0.7213898301124573 -0.13638156652450562 -0.5704168677330017 -0.809953510761261 11.341524124145508 0.0 0.0 0.0 1.0
0.9823023080825806 0.059176865965127945 -0.17770841717720032 -0.4597514569759369 0.14868205785751343 -0.8233767747879028 0.5476717352867126 -0.6919496059417725 -0.11391148716211319 -0.5644012093544006 -0.8176034688949585 11.349081993103027 0.0 0.0 0.0 1.0
0.9949473142623901 0.09308170527219772 -0.03762456402182579 -0.28966495394706726 0.09842552244663239 -0.8303903937339783 0.5484197735786438 -0.7850416898727417 0.01980477012693882 -0.5493519902229309 -0.8353562951087952 11.507253646850586 0.0 0.0 0.0 1.0
0.9938130378723145 0.11081424355506897 -0.007471113000065088 -0.3040161728858948 0.09680436551570892 -0.8312638401985168 0.5473840832710266 -0.9204087853431702 0.054447486996650696 -0.5447207093238831 -0.8368481397628784 11.487767219543457 0.0 0.0 0.0 1.0
0.9906930327415466 0.13107982277870178 0.036679401993751526 -0.44249606132507324 0.08970081061124802 -0.8314037322998047 0.5483809113502502 -1.0019463300704956 0.10237707197666168 -0.5399870276451111 -0.8354238271713257 11.510709762573242 0.0 0.0 0.0 1.0
0.9844015836715698 0.15332013368606567 0.08629295974969864 -0.6884446740150452 0.08142519742250443 -0.8318153023719788 0.549047589302063 -1.0100618600845337 0.1559598594903946 -0.5334568619728088 -0.8313243985176086 11.568804740905762 0.0 0.0 0.0 1.0
0.9748191833496094 0.17710795998573303 0.13550010323524475 -0.9440159201622009 0.07535269111394882 -0.8335070610046387 0.547346293926239 -1.045483946800232 0.20987966656684875 -0.5233533978462219 -0.8258642554283142 11.508574485778809 0.0 0.0 0.0 1.0
0.9154350161552429 0.22471073269844055 0.3338918387889862 -1.7399622201919556 0.026810403913259506 -0.861821174621582 0.506503164768219 -1.5835905075073242 0.40157175064086914 -0.4547189772129059 -0.7949658632278442 11.16724967956543 0.0 0.0 0.0 1.0
0.904910683631897 0.22826136648654938 0.35921216011047363 -1.7691224813461304 0.015067186206579208 -0.860663115978241 0.5089517831802368 -1.5097907781600952 0.42533472180366516 -0.45514363050460815 -0.7822625041007996 11.112927436828613 0.0 0.0 0.0 1.0
0.8944909572601318 0.22832682728767395 0.38438624143600464 -1.7836384773254395 0.000287469825707376 -0.8600525259971619 0.5102053880691528 -1.4417743682861328 0.4470859467983246 -0.45626360177993774 -0.7693748474121094 11.076000213623047 0.0 0.0 0.0 1.0
0.8839859962463379 0.22688083350658417 0.4087711274623871 -1.797057032585144 -0.014596439898014069 -0.860531747341156 0.509187638759613 -1.3520605564117432 0.4672854542732239 -0.4560813307762146 -0.7573863863945007 10.95044994354248 0.0 0.0 0.0 1.0
0.8744139671325684 0.234941303730011 0.42450305819511414 -1.730446219444275 -0.027755556628108025 -0.8492828011512756 0.5272080898284912 -0.9962851405143738 0.4843860864639282 -0.47278040647506714 -0.7361037731170654 10.973565101623535 0.0 0.0 0.0 1.0
0.8446048498153687 0.22414356470108032 0.48621225357055664 -0.8936225175857544 -0.07860386371612549 -0.8463909029960632 0.5267294049263 -1.0364869832992554 0.5295886397361755 -0.4830963611602783 -0.697247326374054 10.764923095703125 0.0 0.0 0.0 1.0
0.8338860273361206 0.22568148374557495 0.5036883354187012 -0.8057625889778137 -0.08266041427850723 -0.8512264490127563 0.5182478427886963 -1.0270953178405762 0.5457117557525635 -0.47379472851753235 -0.691170871257782 10.72224235534668 0.0 0.0 0.0 1.0
0.8207975625991821 0.2279653400182724 0.5237587094306946 -0.7574360370635986 -0.08472274988889694 -0.8581874966621399 0.5062965750694275 -1.078669548034668 0.5649012327194214 -0.4599412977695465 -0.6850844025611877 10.873350143432617 0.0 0.0 0.0 1.0
0.8061888813972473 0.2272026538848877 0.546295166015625 -0.8080999255180359 -0.0939764603972435 -0.8624342083930969 0.4973686933517456 -1.1725977659225464 0.5841471552848816 -0.45231202244758606 -0.673933207988739 10.922469139099121 0.0 0.0 0.0 1.0
0.7858728170394897 0.2318219691514969 0.5732909440994263 -1.012097716331482 -0.10148908942937851 -0.8661515712738037 0.48936837911605835 -1.292742371559143 0.6100032329559326 -0.4427640736103058 -0.6571575403213501 11.015277862548828 0.0 0.0 0.0 1.0
0.6371755599975586 0.2723774313926697 0.7209839224815369 -1.3176307678222656 -0.13354074954986572 -0.8823035955429077 0.4513394236564636 -1.5455825328826904 0.7590613961219788 -0.3838631808757782 -0.5258088111877441 10.881789207458496 0.0 0.0 0.0 1.0
0.6130608320236206 0.27732715010643005 0.7397608160972595 -1.3237757682800293 -0.14929179847240448 -0.8788267970085144 0.4531836211681366 -1.344847559928894 0.7758017778396606 -0.3882693350315094 -0.497371643781662 10.710137367248535 0.0 0.0 0.0 1.0
0.5871111154556274 0.28185370564460754 0.7588537335395813 -1.350364327430725 -0.16278253495693207 -0.8771724104881287 0.451741486787796 -1.2158946990966797 0.792970597743988 -0.3887505829334259 -0.46911683678627014 10.614758491516113 0.0 0.0 0.0 1.0
0.5631601214408875 0.2885039150714874 0.7743488550186157 -1.255838394165039 -0.17018406093120575 -0.8764930963516235 0.45033010840415955 -1.2443894147872925 0.8086334466934204 -0.3853898048400879 -0.4445072114467621 10.460017204284668 0.0 0.0 0.0 1.0
0.5416417121887207 0.29876458644866943 0.7857251167297363 -1.160811185836792 -0.1667969971895218 -0.8779253959655762 0.4488048255443573 -1.3384604454040527 0.8238950371742249 -0.37414801120758057 -0.4256879687309265 10.28173828125 0.0 0.0 0.0 1.0
0.3652668595314026 0.3147942125797272 0.8760620355606079 -0.7528594732284546 -0.17155671119689941 -0.9022060632705688 0.39571765065193176 -1.7358547449111938 0.914958119392395 -0.2948368787765503 -0.27554091811180115 9.47031021118164 0.0 0.0 0.0 1.0
0.3361838459968567 0.3101116716861725 0.8892756700515747 -0.8032437562942505 -0.18242289125919342 -0.9049092531204224 0.3845270872116089 -1.801364541053772 0.9239601492881775 -0.29149603843688965 -0.24764439463615417 9.433112144470215 0.0 0.0 0.0 1.0
0.29812532663345337 0.30823180079460144 0.9033905267715454 -0.984848141670227 -0.1875007450580597 -0.9090781211853027 0.3720489740371704 -1.8750296831130981 0.9359298944473267 -0.28030362725257874 -0.21322551369667053 9.507492065429688 0.0 0.0 0.0 1.0
0.2651713788509369 0.30566656589508057 0.9144682288169861 -1.1062666177749634 -0.19211387634277344 -0.9126546382904053 0.36076825857162476 -1.9567620754241943 0.9448684453964233 -0.2713474631309509 -0.1832870990037918 9.49373722076416 0.0 0.0 0.0 1.0
0.23808813095092773 0.3042484521865845 0.9223594069480896 -1.1761882305145264 -0.1893938034772873 -0.9168940186500549 0.35133373737335205 -2.0437870025634766 0.9525985717773438 -0.2583375573158264 -0.16067880392074585 9.537550926208496 0.0 0.0 0.0 1.0
0.12055695056915283 0.3163594901561737 0.9409477710723877 -1.7068601846694946 -0.17927102744579315 -0.9253389835357666 0.334080308675766 -2.1995174884796143 0.9763851165771484 -0.2089603692293167 -0.05484195798635483 9.58455753326416 0.0 0.0 0.0 1.0