-0.9657225608825684 0.20841190218925476 0.1547398567199707 0.35237616300582886 -0.21920467913150787 -0.9740633964538574 -0.056123241782188416 1.8101422786712646 0.13902966678142548 -0.08811917901039124 0.9863598346710205 10.188674926757812 0.0 0.0 0.0 1.0
-0.9660817980766296 0.2074778974056244 0.15374933183193207 0.34224316477775574 -0.21827314794063568 -0.9742313027381897 -0.05683436617255211 1.8159838914871216 0.13799554109573364 -0.08846599608659744 0.9864740371704102 10.209165573120117 0.0 0.0 0.0 1.0
-0.9669375419616699 0.20561455190181732 0.1508459597826004 0.32647570967674255 -0.21627715229988098 -0.9746146202087402 -0.057883866131305695 1.8284199237823486 0.1351149082183838 -0.08859461545944214 0.9868611693382263 10.239806175231934 0.0 0.0 0.0 1.0
-0.9696925282478333 0.1985217034816742 0.14242717623710632 0.28833723068237305 -0.2088119387626648 -0.9760380983352661 -0.06121468544006348 1.8455851078033447 0.12686190009117126 -0.08909991383552551 0.9879105687141418 10.331530570983887 0.0 0.0 0.0 1.0
-0.9742875695228577 0.1854577511548996 0.1279418021440506 0.29551514983177185 -0.1949492245912552 -0.9785870909690857 -0.06604601442813873 1.8631806373596191 0.11295344680547714 -0.08928996324539185 0.9895800948143005 10.434334754943848 0.0 0.0 0.0 1.0
-0.9807572364807129 0.16428330540657043 0.10548119992017746 0.2468852400779724 -0.17221160233020782 -0.9824974536895752 -0.07100637257099152 1.7959351539611816 0.09196984767913818 -0.08780509233474731 0.9918829798698425 10.487685203552246 0.0 0.0 0.0 1.0
-0.9882110357284546 0.13305461406707764 0.0757327452301979 0.2081398069858551 -0.13874787092208862 -0.9874337315559387 -0.07565512508153915 1.70305335521698 0.06471480429172516 -0.08527098596096039 0.994253933429718 10.489316940307617 0.0 0.0 0.0 1.0
-0.9948462843894958 0.09266893565654755 0.04115026444196701 0.1324480026960373 -0.09565074741840363 -0.992382824420929 -0.077635757625103 1.6495940685272217 0.03364238888025284 -0.08117169886827469 0.9961321949958801 10.473361015319824 0.0 0.0 0.0 1.0
-0.9987484812736511 0.04945497214794159 0.007461523171514273 0.04992073401808739 -0.04987504705786705 -0.9959544539451599 -0.07474752515554428 1.646936058998108 0.003734700381755829 -0.07502612471580505 0.9971745610237122 10.411428451538086 0.0 0.0 0.0 1.0
-0.9996806979179382 0.007740328088402748 -0.02405361272394657 0.0449528843164444 -0.006020499859005213 -0.9974746704101562 -0.07076707482337952 1.66756010055542 -0.024540631100535393 -0.07059966772794724 0.9972028136253357 10.397773742675781 0.0 0.0 0.0 1.0
-0.9980278015136719 -0.03275550901889801 -0.05354990065097809 0.050936825573444366 0.036181189119815826 -0.9972741007804871 -0.06430661678314209 1.698021650314331 -0.05129753053188324 -0.0661172866821289 0.9964923858642578 10.434386253356934 0.0 0.0 0.0 1.0
-0.9949186444282532 -0.06492803245782852 -0.07694928348064423 0.024665404111146927 0.06933887302875519 -0.9960141777992249 -0.05610569193959236 1.7483195066452026 -0.0729997456073761 -0.06115617975592613 0.9954551458358765 10.36822509765625 0.0 0.0 0.0 1.0
-0.9918741583824158 -0.08446605503559113 -0.09513752907514572 -0.06322772800922394 0.08935912698507309 -0.9948230385780334 -0.04839552938938141 1.7722724676132202 -0.09055722504854202 -0.05650368332862854 0.9942870140075684 10.233619689941406 0.0 0.0 0.0 1.0
-0.9894932508468628 -0.09176941961050034 -0.11172057688236237 -0.08057542890310287 0.09710364788770676 -0.9943332672119141 -0.043268781155347824 1.7664451599121094 -0.10711673647165298 -0.05366264283657074 0.9927971959114075 10.088932991027832 0.0 0.0 0.0 1.0
-0.9869548082351685 -0.09221379458904266 -0.13197281956672668 -0.05323798209428787 0.0982435867190361 -0.9943614602088928 -0.03991832584142685 1.7252330780029297 -0.12754766643047333 -0.052363064140081406 0.9904492497444153 9.984918594360352 0.0 0.0 0.0 1.0
-0.9819446206092834 -0.10249965637922287 -0.15899232029914856 -0.09661080688238144 0.1093011423945427 -0.9934056997299194 -0.03461753949522972 1.6771835088729858 -0.15439559519290924 -0.05137054994702339 0.9866726994514465 9.858449935913086 0.0 0.0 0.0 1.0
-0.9733558893203735 -0.13331931829452515 -0.18655909597873688 -0.1095605120062828 0.14160068333148956 -0.989415168762207 -0.031730975955724716 1.5375726222991943 -0.1803540587425232 -0.05730242654681206 0.981931209564209 9.8356351852417 0.0 0.0 0.0 1.0
-0.9595517516136169 -0.18200401961803436 -0.21479052305221558 -0.0018024607561528683 0.19192826747894287 -0.981061577796936 -0.02610892616212368 1.3956533670425415 -0.20597080886363983 -0.06627724319696426 0.9763110876083374 9.86919116973877 0.0 0.0 0.0 1.0
-0.9399906396865845 -0.23715150356292725 -0.24530941247940063 0.025314034894108772 0.24870003759860992 -0.9684356451034546 -0.016753308475017548 1.3405067920684814 -0.23359331488609314 -0.07675641030073166 0.9693000912666321 9.902785301208496 0.0 0.0 0.0 1.0
-0.9232044816017151 -0.2740743160247803 -0.2694006562232971 0.06325803697109222 0.287041038274765 -0.9578744769096375 -0.009164031594991684 1.3656692504882812 -0.2555403709411621 -0.08578931540250778 0.962984561920166 10.025796890258789 0.0 0.0 0.0 1.0
-0.9014512896537781 -0.31352728605270386 -0.29847317934036255 0.12212326377630234 0.32781854271888733 -0.9447379112243652 0.0023073467891663313 1.4132630825042725 -0.28270235657691956 -0.09576508402824402 0.9544152021408081 10.15974235534668 0.0 0.0 0.0 1.0
-0.883700966835022 -0.34029263257980347 -0.3213619887828827 0.18992847204208374 0.35552337765693665 -0.9345902800559998 0.012004741467535496 1.433112382888794 -0.304426908493042 -0.10364308953285217 0.9468803405761719 10.315277099609375 0.0 0.0 0.0 1.0
-0.8717676401138306 -0.35604357719421387 -0.33653250336647034 0.292417049407959 0.3718615174293518 -0.9281013607978821 0.01862429641187191 1.4876939058303833 -0.318967342376709 -0.10890743136405945 0.9414876699447632 10.322511672973633 0.0 0.0 0.0 1.0
-0.8638790249824524 -0.36505669355392456 -0.34705421328544617 0.36055952310562134 0.3806985914707184 -0.9243694543838501 0.024692760780453682 1.512564778327942 -0.32982057332992554 -0.11079149693250656 0.9375199675559998 10.245336532592773 0.0 0.0 0.0 1.0
-0.8574212789535522 -0.37200072407722473 -0.355589896440506 0.39402589201927185 0.38748908042907715 -0.9213994741439819 0.029584281146526337 1.5142215490341187 -0.33864572644233704 -0.11242101341485977 0.9341737627983093 10.145828247070312 0.0 0.0 0.0 1.0
-0.8483145236968994 -0.3828219473361969 -0.36580029129981995 0.32748517394065857 0.3985292613506317 -0.9164904952049255 0.034922145307064056 1.5185623168945312 -0.3486214578151703 -0.11615714430809021 0.9300379753112793 10.095450401306152 0.0 0.0 0.0 1.0
-0.8335629105567932 -0.401542991399765 -0.37938907742500305 0.20241037011146545 0.41675615310668945 -0.9078916907310486 0.04524392634630203 1.56539785861969 -0.3626115620136261 -0.12039907276630402 0.924130380153656 10.048542022705078 0.0 0.0 0.0 1.0
-0.8116665482521057 -0.4275781214237213 -0.397962749004364 0.09034530818462372 0.4439760148525238 -0.8943264484405518 0.055366914719343185 1.5854430198669434 -0.37958231568336487 -0.13174644112586975 0.915729284286499 10.140790939331055 0.0 0.0 0.0 1.0
-0.78385990858078 -0.4570293128490448 -0.4203425645828247 0.10173093527555466 0.474894642829895 -0.8773828148841858 0.06836995482444763 1.6371983289718628 -0.4000484049320221 -0.14602595567703247 0.9047859907150269 10.294368743896484 0.0 0.0 0.0 1.0
-0.7509414553642273 -0.4875423014163971 -0.44540929794311523 0.04490365460515022 0.50664883852005 -0.8579592704772949 0.08492833375930786 1.6843653917312622 -0.42354920506477356 -0.16188989579677582 0.8912899494171143 10.4141263961792 0.0 0.0 0.0 1.0
-0.7159895896911621 -0.5150602459907532 -0.47124502062797546 0.016288213431835175 0.5361056327819824 -0.8380363583564758 0.10141896456480026 1.7269203662872314 -0.4471573531627655 -0.18002218008041382 0.876151978969574 10.60079288482666 0.0 0.0 0.0 1.0
-0.681631863117218 -0.5392115712165833 -0.49459975957870483 -0.043421775102615356 0.5620377063751221 -0.8186610341072083 0.11793103069067001 1.7114026546478271 -0.4684993028640747 -0.1975981742143631 0.8610826730728149 10.810853958129883 0.0 0.0 0.0 1.0
-0.6504120230674744 -0.5588825345039368 -0.5144069790840149 -0.13850851356983185 0.58352130651474 -0.8011891841888428 0.13266026973724365 1.6609694957733154 -0.48627880215644836 -0.21388360857963562 0.8472229242324829 10.997074127197266 0.0 0.0 0.0 1.0
-0.6237914562225342 -0.5739524364471436 -0.5305306911468506 -0.2307828813791275 0.6010351181030273 -0.7861741781234741 0.14382965862751007 1.6420284509658813 -0.49964091181755066 -0.22914785146713257 0.8353742957115173 11.10879135131836 0.0 0.0 0.0 1.0
-0.600736677646637 -0.5866943001747131 -0.5430517792701721 -0.3333786129951477 0.615329921245575 -0.7729954719543457 0.15442505478858948 1.6274325847625732 -0.5103768706321716 -0.24138720333576202 0.8253772854804993 11.096671104431152 0.0 0.0 0.0 1.0
-0.5806161165237427 -0.5982437133789062 -0.5522584319114685 -0.391867071390152 0.6273974776268005 -0.7610573768615723 0.16481539607048035 1.658382534980774 -0.5189000964164734 -0.2507910430431366 0.8172187805175781 10.968461990356445 0.0 0.0 0.0 1.0
-0.5605025887489319 -0.6087787747383118 -0.5614492297172546 -0.3735519349575043 0.6393193602561951 -0.7490155100822449 0.17391526699066162 1.7177481651306152 -0.5264101028442383 -0.2614654004573822 0.809029221534729 10.953225135803223 0.0 0.0 0.0 1.0
-0.5347344875335693 -0.6234481334686279 -0.5704134106636047 -0.31638067960739136 0.6537683606147766 -0.732920229434967 0.18818847835063934 1.7128502130508423 -0.535393238067627 -0.2722873389720917 0.7995083928108215 10.925420761108398 0.0 0.0 0.0 1.0
-0.49910232424736023 -0.6426621675491333 -0.5812763571739197 -0.2877018451690674 0.6729585528373718 -0.7100602388381958 0.20722274482250214 1.6842962503433228 -0.545915424823761 -0.2877495586872101 0.7868776917457581 10.926605224609375 0.0 0.0 0.0 1.0
-0.4543541967868805 -0.6652953028678894 -0.5924056172370911 -0.2746705710887909 0.6953369975090027 -0.6805519461631775 0.23098820447921753 1.7421092987060547 -0.5568381547927856 -0.30697107315063477 0.771816074848175 10.962945938110352 0.0 0.0 0.0 1.0
-0.4052237868309021 -0.6866090297698975 -0.6036238670349121 -0.26146265864372253 0.716558039188385 -0.648574709892273 0.2567010223865509 1.831316351890564 -0.5677483677864075 -0.3285101652145386 0.7548131346702576 11.017464637756348 0.0 0.0 0.0 1.0
-0.35858720541000366 -0.7047678828239441 -0.6121417284011841 -0.17090386152267456 0.7340387105941772 -0.6180053353309631 0.2815253734588623 1.8768103122711182 -0.5767168998718262 -0.3483843207359314 0.7389357089996338 11.074668884277344 0.0 0.0 0.0 1.0
-0.31894710659980774 -0.7188434600830078 -0.6176866888999939 0.00027252009022049606 0.7470242977142334 -0.5917614102363586 0.30294090509414673 1.9007251262664795 -0.5832902193069458 -0.36480483412742615 0.7257340550422668 11.13552188873291 0.0 0.0 0.0 1.0
-0.2882632911205292 -0.729559063911438 -0.6201998591423035 0.08810681104660034 0.7548040151596069 -0.5716743469238281 0.32165098190307617 1.9544827938079834 -0.5892157554626465 -0.37540918588638306 0.7154667973518372 11.043737411499023 0.0 0.0 0.0 1.0
-0.2627151310443878 -0.7388601303100586 -0.6205372214317322 0.04649633541703224 0.7582664489746094 -0.5558027029037476 0.34075695276260376 1.93105947971344 -0.596668004989624 -0.3810105621814728 0.7062706351280212 10.875654220581055 0.0 0.0 0.0 1.0
-0.23948344588279724 -0.7463090419769287 -0.6210237741470337 -0.07056646794080734 0.7593135237693787 -0.5425825119018555 0.3592313826084137 1.8513540029525757 -0.6050542593002319 -0.3855217695236206 0.6966220736503601 10.774178504943848 0.0 0.0 0.0 1.0
-0.21444548666477203 -0.7550532221794128 -0.6196029186248779 -0.27128273248672485 0.7608798146247864 -0.5268959403038025 0.378738135099411 1.812204122543335 -0.612433671951294 -0.3902246654033661 0.687495231628418 10.641392707824707 0.0 0.0 0.0 1.0
-0.19251227378845215 -0.7605012059211731 -0.6201426982879639 -0.28598132729530334 0.7630506753921509 -0.513370931148529 0.3926880359649658 1.8640697002410889 -0.6170029640197754 -0.39760303497314453 0.6791312098503113 10.608868598937988 0.0 0.0 0.0 1.0
-0.15572533011436462 -0.7688405513763428 -0.6201885342597961 -0.2732539474964142 0.7676653861999512 -0.48931261897087097 0.4138393998146057 1.894946575164795 -0.6216425895690918 -0.41165196895599365 0.6664106249809265 10.54400634765625 0.0 0.0 0.0 1.0
-0.10883811116218567 -0.7779871225357056 -0.618781328201294 -0.28862032294273376 0.7734338641166687 -0.4573136568069458 0.43893542885780334 1.863840103149414 -0.6244632601737976 -0.4308135211467743 0.6514946818351746 10.425178527832031 0.0 0.0 0.0 1.0
-0.055886901915073395 -0.784601628780365 -0.6174762845039368 -0.32855528593063354 0.779977023601532 -0.42039191722869873 0.46358007192611694 1.8906301259994507 -0.6233077049255371 -0.4557092487812042 0.6354656219482422 10.434814453125 0.0 0.0 0.0 1.0
-0.005285912659019232 -0.7876163721084595 -0.6161432266235352 -0.3306635320186615 0.7834488749504089 -0.38616469502449036 0.48691341280937195 1.9492803812026978 -0.6214337348937988 -0.4801429510116577 0.619098424911499 10.553594589233398 0.0 0.0 0.0 1.0
0.03900808468461037 -0.7876499891281128 -0.6148868799209595 -0.1762690246105194 0.7839768528938293 -0.3574177026748657 0.5075754523277283 1.9692014455795288 -0.6195632815361023 -0.5018566250801086 0.6035571694374084 10.710965156555176 0.0 0.0 0.0 1.0
0.0763772577047348 -0.7881459593772888 -0.6107310652732849 -0.05527963861823082 0.7838467359542847 -0.3311031758785248 0.525314211845398 2.0015575885772705 -0.6162392497062683 -0.5188416242599487 0.5924968719482422 10.764971733093262 0.0 0.0 0.0 1.0
0.10662411898374557 -0.7871773838996887 -0.6074397563934326 -0.032118313014507294 0.7816488742828369 -0.31122732162475586 0.5405206680297852 2.069101572036743 -0.6145374774932861 -0.5324371457099915 0.5821119546890259 10.681443214416504 0.0 0.0 0.0 1.0
0.13204705715179443 -0.785883903503418 -0.6041109561920166 -0.11100055277347565 0.7783461809158325 -0.2951734960079193 0.5541207790374756 2.0229129791259766 -0.6137921214103699 -0.5433774590492249 0.5727129578590393 10.604052543640137 0.0 0.0 0.0 1.0
0.1553216278553009 -0.7837461829185486 -0.6013460755348206 -0.19581790268421173 0.7743573188781738 -0.28138265013694763 0.5667402744293213 1.8951916694641113 -0.6133888959884644 -0.5536837577819824 0.5631948113441467 10.529757499694824 0.0 0.0 0.0 1.0
0.17764045298099518 -0.7806375622749329 -0.5992068648338318 -0.34937429428100586 0.7703033685684204 -0.26863205432891846 0.5783333778381348 1.758900761604309 -0.6124349236488342 -0.5643064975738525 0.5536078214645386 10.474151611328125 0.0 0.0 0.0 1.0
0.20236694812774658 -0.7766427993774414 -0.5965514183044434 -0.3196219205856323 0.7664026618003845 -0.2536216378211975 0.5901720523834229 1.7559601068496704 -0.6096512079238892 -0.5766299366950989 0.5438964366912842 10.42482852935791 0.0 0.0 0.0 1.0
0.23357278108596802 -0.7719517350196838 -0.5912142395973206 -0.2883990406990051 0.7595681548118591 -0.23474320769309998 0.6065903902053833 1.7756586074829102 -0.6070420145988464 -0.590750515460968 0.5315203070640564 10.318009376525879 0.0 0.0 0.0 1.0
0.2747098505496979 -0.7647528648376465 -0.5828272104263306 -0.2968248426914215 0.7498762011528015 -0.20900803804397583 0.6276952624320984 1.7956408262252808 -0.6018472909927368 -0.6094823479652405 0.5160533785820007 10.241899490356445 0.0 0.0 0.0 1.0
0.32445067167282104 -0.7546055316925049 -0.5703527331352234 -0.3688443899154663 0.7366809248924255 -0.17663449048995972 0.6527644395828247 1.7882020473480225 -0.5933236479759216 -0.6319578289985657 0.49859434366226196 10.25126838684082 0.0 0.0 0.0 1.0
0.3736896514892578 -0.7401939034461975 -0.5589893460273743 -0.47705575823783875 0.721711277961731 -0.14653412997722626 0.6765061616897583 1.7382745742797852 -0.582656741142273 -0.6562322378158569 0.47944799065589905 10.365984916687012 0.0 0.0 0.0 1.0
0.41732293367385864 -0.7249078750610352 -0.5480420589447021 -0.4476739168167114 0.707213819026947 -0.11965586990118027 0.6968005895614624 1.7058638334274292 -0.5706927180290222 -0.6783738136291504 0.4627297520637512 10.470576286315918 0.0 0.0 0.0 1.0
0.45443859696388245 -0.7103427052497864 -0.537493109703064 -0.4114987850189209 0.6941605806350708 -0.09573918581008911 0.7134249210357666 1.7405084371566772 -0.5582353472709656 -0.6973143219947815 0.4495842754840851 10.527409553527832 0.0 0.0 0.0 1.0
0.48591864109039307 -0.6973463892936707 -0.5268691182136536 -0.44174259901046753 0.6817857027053833 -0.0747443288564682 0.7277235388755798 1.7835030555725098 -0.5468558669090271 -0.7128262519836426 0.4391211271286011 10.50668716430664 0.0 0.0 0.0 1.0
0.5122255682945251 -0.685347855091095 -0.5176130533218384 -0.45959344506263733 0.6699709892272949 -0.0582319013774395 0.7400999665260315 1.7501606941223145 -0.5373675227165222 -0.7258838415145874 0.4293352961540222 10.465867042541504 0.0 0.0 0.0 1.0
0.5351247787475586 -0.6740002036094666 -0.5092791318893433 -0.49353891611099243 0.6597813367843628 -0.043038785457611084 0.7502241134643555 1.6292288303375244 -0.5275699496269226 -0.7374763488769531 0.4216616451740265 10.388405799865723 0.0 0.0 0.0 1.0
0.5563322901725769 -0.6642358303070068 -0.49928465485572815 -0.578790545463562 0.6489073038101196 -0.02803727239370346 0.7603507041931152 1.4631998538970947 -0.5190507769584656 -0.7469971179962158 0.4154294431209564 10.295952796936035 0.0 0.0 0.0 1.0
0.5786485075950623 -0.6512975096702576 -0.4908945858478546 -0.5200846195220947 0.6375331282615662 -0.014163937419652939 0.7702927589416504 1.4384464025497437 -0.5086427330970764 -0.7586902976036072 0.4070277810096741 10.247258186340332 0.0 0.0 0.0 1.0
0.6066456437110901 -0.6375081539154053 -0.47493627667427063 -0.5247029066085815 0.6203812956809998 0.00607063015922904 0.7842768430709839 1.4496207237243652 -0.49709972739219666 -0.770419716835022 0.3991808593273163 10.075230598449707 0.0 0.0 0.0 1.0
0.6429216265678406 -0.6156789660453796 -0.45562174916267395 -0.6609615087509155 0.5969115495681763 0.030006777495145798 0.8017457127571106 1.4602981805801392 -0.47994622588157654 -0.7874255776405334 0.38679787516593933 9.965868949890137 0.0 0.0 0.0 1.0
0.6848961114883423 -0.5878726243972778 -0.43049174547195435 -0.7748672962188721 0.5670826435089111 0.05907147750258446 0.8215399384498596 1.4796545505523682 -0.45753103494644165 -0.8067938685417175 0.3738301694393158 9.943172454833984 0.0 0.0 0.0 1.0
0.7241858839988708 -0.5569630265235901 -0.40662887692451477 -0.8635956645011902 0.5363370776176453 0.08425264060497284 0.8397880792617798 1.4708470106124878 -0.43347135186195374 -0.826252818107605 0.3597344756126404 9.96575927734375 0.0 0.0 0.0 1.0
0.7569131255149841 -0.5287352204322815 -0.38408538699150085 -0.8744761347770691 0.5074350237846375 0.10514702647924423 0.8552507162094116 1.4459872245788574 -0.41181573271751404 -0.8422488570213318 0.34788596630096436 10.035335540771484 0.0 0.0 0.0 1.0
0.7817779183387756 -0.5051019191741943 -0.36564379930496216 -0.885818362236023 0.48332101106643677 0.12034892290830612 0.8671314120292664 1.4160473346710205 -0.39398491382598877 -0.8546275496482849 0.3382124900817871 10.060685157775879 0.0 0.0 0.0 1.0
0.795859158039093 -0.4907734990119934 -0.3546117842197418 -0.9025745391845703 0.4686600863933563 0.1284966617822647 0.8739830255508423 1.3964964151382446 -0.383361279964447 -0.8617597818374634 0.3322712182998657 10.014577865600586 0.0 0.0 0.0 1.0
0.810227632522583 -0.4757237434387207 -0.34237125515937805 -0.8878405094146729 0.4528166353702545 0.13718006014823914 0.8809873461723328 1.3574649095535278 -0.3721400797367096 -0.8688316941261292 0.32656270265579224 9.896450996398926 0.0 0.0 0.0 1.0
0.821948766708374 -0.4637770354747772 -0.33062228560447693 -0.78369140625 0.43866729736328125 0.14522936940193176 0.8868367671966553 1.2964940071105957 -0.36327844858169556 -0.8739675283432007 0.3228149116039276 9.763284683227539 0.0 0.0 0.0 1.0
0.8337900638580322 -0.4501744210720062 -0.3195889890193939 -0.769198477268219 0.4242853820323944 0.1521204710006714 0.8926596641540527 1.1960448026657104 -0.35323652625083923 -0.8798877000808716 0.31783896684646606 9.75902271270752 0.0 0.0 0.0 1.0
0.8492460250854492 -0.43206584453582764 -0.3034803867340088 -0.6525712609291077 0.4047147035598755 0.16354240477085114 0.899699866771698 1.1888306140899658 -0.33909767866134644 -0.8868895173072815 0.31375113129615784 9.652081489562988 0.0 0.0 0.0 1.0
0.8693843483924866 -0.40600088238716125 -0.28166308999061584 -0.6651203632354736 0.3773125112056732 0.17737531661987305 0.9089407324790955 1.1225279569625854 -0.31907063722610474 -0.8964939117431641 0.3073965311050415 9.55126667022705 0.0 0.0 0.0 1.0
0.8930734992027283 -0.36880022287368774 -0.25769391655921936 -0.7717275619506836 0.3444124162197113 0.1918778419494629 0.9190011024475098 1.0397207736968994 -0.289482057094574 -0.9094884991645813 0.29838037490844727 9.574919700622559 0.0 0.0 0.0 1.0
0.9156959056854248 -0.3279644548892975 -0.23225067555904388 -0.7911132574081421 0.30935728549957275 0.20637290179729462 0.9282824397087097 1.0342484712600708 -0.256513386964798 -0.9218728542327881 0.29043301939964294 9.608922004699707 0.0 0.0 0.0 1.0
0.934119462966919 -0.28866884112358093 -0.20997875928878784 -0.7016308903694153 0.27719852328300476 0.21599198877811432 0.9362202882766724 1.0362907648086548 -0.2249039113521576 -0.9327474236488342 0.2817808985710144 9.743610382080078 0.0 0.0 0.0 1.0
0.948050320148468 -0.25534889101982117 -0.18973012268543243 -0.5270042419433594 0.24891094863414764 0.22402611374855042 0.9422609210014343 1.0278856754302979 -0.19810079038143158 -0.9405366778373718 0.2759471535682678 9.83161449432373 0.0 0.0 0.0 1.0
0.958298921585083 -0.22786343097686768 -0.17245714366436005 -0.4558311998844147 0.2249361276626587 0.22923855483531952 0.9470234513282776 1.0240044593811035 -0.17625819146633148 -0.9463233947753906 0.27093377709388733 9.840047836303711 0.0 0.0 0.0 1.0
0.9661577939987183 -0.20506246387958527 -0.15648803114891052 -0.440852552652359 0.20360416173934937 0.2337559163570404 0.9507384300231934 0.986884593963623 -0.15838074684143066 -0.9504249095916748 0.26759666204452515 9.762113571166992 0.0 0.0 0.0 1.0
0.9722293615341187 -0.18541881442070007 -0.14279349148273468 -0.5179300308227539 0.1852511316537857 0.23688311874866486 0.9537129402160645 0.8990315198898315 -0.1430109739303589 -0.9536803960800171 0.2646537721157074 9.680961608886719 0.0 0.0 0.0 1.0
0.9773614406585693 -0.16806019842624664 -0.12853167951107025 -0.5154332518577576 0.16720181703567505 0.24126563966274261 0.9559468626976013 0.8085572719573975 -0.12964634597301483 -0.9557963609695435 0.2639037072658539 9.608490943908691 0.0 0.0 0.0 1.0
0.982283890247345 -0.14918436110019684 -0.11341235041618347 -0.5976967215538025 0.1479695439338684 0.24608400464057922 0.9578871130943298 0.7150510549545288 -0.11499280482530594 -0.95769864320755 0.26379910111427307 9.647439956665039 0.0 0.0 0.0 1.0
0.9873210787773132 -0.12699507176876068 -0.09523309767246246 -0.6320289373397827 0.12499060481786728 0.25215083360671997 0.9595818519592285 0.7468271255493164 -0.0978490561246872 -0.9593186378479004 0.26482704281806946 9.54576587677002 0.0 0.0 0.0 1.0
0.992297351360321 -0.10010241717100143 -0.07297588139772415 -0.6520294547080994 0.09680350869894028 0.2590060830116272 0.9610124230384827 0.7639453411102295 -0.07729846984148026 -0.9606744050979614 0.2667013108730316 9.441645622253418 0.0 0.0 0.0 1.0
0.9965997338294983 -0.06739021837711334 -0.04740825667977333 -0.6824784874916077 0.06365490704774857 0.26438236236572266 0.9623149037361145 0.7717888355255127 -0.052316706627607346 -0.9620605707168579 0.2677731215953827 9.445427894592285 0.0 0.0 0.0 1.0
0.9991950392723083 -0.03392019867897034 -0.021417958661913872 -0.6743460893630981 0.029738567769527435 0.26797789335250854 0.9629659652709961 0.7991589903831482 -0.026924457401037216 -0.962827742099762 0.2687709331512451 9.470645904541016 0.0 0.0 0.0 1.0
0.9999894499778748 -0.0035138174425810575 0.0029619603883475065 -0.623254120349884 -0.001907930476590991 0.268919438123703 0.9631608128547668 0.8030614256858826 -0.0041808998212218285 -0.9631562829017639 0.26890990138053894 9.525788307189941 0.0 0.0 0.0 1.0
0.9994385838508606 0.022966353222727776 0.024393094703555107 -0.5607354044914246 -0.029665948823094368 0.2682897746562958 0.9628813862800598 0.7970505952835083 0.015569454990327358 -0.963064432144165 0.26882049441337585 9.596160888671875 0.0 0.0 0.0 1.0
0.9980250597000122 0.04577426239848137 0.04301999881863594 -0.5423108339309692 -0.053718190640211105 0.2668996751308441 0.9622260332107544 0.8237488269805908 0.032563164830207825 -0.9626366496086121 0.2688314914703369 9.617694854736328 0.0 0.0 0.0 1.0
0.9961634278297424 0.06488735228776932 0.058719903230667114 -0.5868856310844421 -0.0739545077085495 0.2654484212398529 0.9612845182418823 0.8217614889144897 0.04678810015320778 -0.9619390964508057 0.2692287266254425 9.519915580749512 0.0 0.0 0.0 1.0
0.9940462112426758 0.08235765993595123 0.0713394433259964 -0.6574711799621582 -0.09067106246948242 0.26216942071914673 0.9607527852058411 0.7332980632781982 0.06042233109474182 -0.9615011215209961 0.26807600259780884 9.447516441345215 0.0 0.0 0.0 1.0
0.9916868805885315 0.09893814474344254 0.08227019011974335 -0.6960634589195251 -0.10554255545139313 0.2596922218799591 0.9599066376686096 0.6269639730453491 0.0736064538359642 -0.9606097936630249 0.2679755687713623 9.383893966674805 0.0 0.0 0.0 1.0
0.9888662099838257 0.11705917119979858 0.09187336266040802 -0.6504108309745789 -0.11950693279504776 0.2568505108356476 0.9590338468551636 0.6163569688796997 0.08866598457098007 -0.9593356847763062 0.2679801881313324 9.368521690368652 0.0 0.0 0.0 1.0
0.9850184321403503 0.1383422464132309 0.10295657068490982 -0.5855073928833008 -0.13574612140655518 0.25381189584732056 0.9576808214187622 0.5958921313285828 0.10635611414909363 -0.9573092460632324 0.2687888443470001 9.350564002990723 0.0 0.0 0.0 1.0
0.9792571663856506 0.16436870396137238 0.11848367750644684 -0.5417560338973999 -0.15758994221687317 0.2502794563770294 0.9552620649337769 0.5100862383842468 0.12736116349697113 -0.9541190266609192 0.270990788936615 9.37380313873291 0.0 0.0 0.0 1.0
0.9733759164810181 0.1874438226222992 0.13192464411258698 -0.5283355712890625 -0.17660799622535706 0.24642223119735718 0.9529352784156799 0.5110679268836975 0.14611266553401947 -0.950863242149353 0.27296555042266846 9.42932415008545 0.0 0.0 0.0 1.0
0.9633386135101318 0.21911770105361938 0.1548101007938385 -0.5270563364028931 -0.2070973962545395 0.2405049055814743 0.9482974410057068 0.5800641179084778 0.1705561727285385 -0.9455922842025757 0.27706634998321533 9.53238582611084 0.0 0.0 0.0 1.0
0.9523839950561523 0.24741095304489136 0.17819257080554962 -0.5162327885627747 -0.23705542087554932 0.23329618573188782 0.9430682063102722 0.6602500677108765 0.19175374507904053 -0.9404045343399048 0.28083765506744385 9.663986206054688 0.0 0.0 0.0 1.0
0.9412564635276794 0.27160781621932983 0.20066261291503906 -0.4227549731731415 -0.26491352915763855 0.22539213299751282 0.9375602602958679 0.7272433638572693 0.20942091941833496 -0.9356428980827332 0.2841043770313263 9.843158721923828 0.0 0.0 0.0 1.0
0.9302448630332947 0.29259470105171204 0.22143368422985077 -0.3695455491542816 -0.2904168963432312 0.21822918951511383 0.9316834807395935 0.8058909177780151 0.22428235411643982 -0.9310017824172974 0.2879810333251953 9.946351051330566 0.0 0.0 0.0 1.0
0.9197351932525635 0.3098236918449402 0.2410319447517395 -0.43258512020111084 -0.31383568048477173 0.21155373752117157 0.9256091117858887 0.8589088320732117 0.2357844114303589 -0.9269596934318542 0.2918071448802948 9.929117202758789 0.0 0.0 0.0 1.0
0.9103394150733948 0.3233795166015625 0.2582785189151764 -0.5294592380523682 -0.33365002274513245 0.20421142876148224 0.9203126430511475 0.7726796865463257 0.24486683309078217 -0.9239715337753296 0.2937973141670227 9.893933296203613 0.0 0.0 0.0 1.0
0.9017570614814758 0.33507734537124634 0.27305203676223755 -0.5404049754142761 -0.35074126720428467 0.19804777204990387 0.9152910113334656 0.6739324927330017 0.25261592864990234 -0.921140730381012 0.2961164116859436 9.812424659729004 0.0 0.0 0.0 1.0
0.8931349515914917 0.34741342067718506 0.2856813371181488 -0.6494107246398926 -0.3655013144016266 0.19040650129318237 0.9111279249191284 0.6033691167831421 0.26214250922203064 -0.9181771278381348 0.2970387637615204 9.794034957885742 0.0 0.0 0.0 1.0
0.8824872374534607 0.3630618453025818 0.29900234937667847 -0.6017488241195679 -0.3821687698364258 0.18295039236545563 0.9058014154434204 0.6378111243247986 0.27415931224823 -0.9136275053024292 0.30020228028297424 9.737903594970703 0.0 0.0 0.0 1.0
0.8680325746536255 0.3846304416656494 0.3139727711677551 -0.542326807975769 -0.4018999934196472 0.17299751937389374 0.8991931080818176 0.6280165910720825 0.2915405333042145 -0.9067145586013794 0.3047504425048828 9.731629371643066 0.0 0.0 0.0 1.0
0.8473960161209106 0.4150099456310272 0.3311898112297058 -0.5156322121620178 -0.42586591839790344 0.1587127298116684 0.8907572627067566 0.6215971112251282 0.317109078168869 -0.8958666324615479 0.3112311363220215 9.751984596252441 0.0 0.0 0.0 1.0
0.8236607313156128 0.4464435577392578 0.34967291355133057 -0.45651528239250183 -0.4516836106777191 0.14365580677986145 0.8805367350578308 0.6921985745429993 0.34287741780281067 -0.8832050561904907 0.3199748694896698 9.72995376586914 0.0 0.0 0.0 1.0
0.8001374006271362 0.4733622968196869 0.36838600039482117 -0.3721787631511688 -0.4764081537723541 0.12837810814380646 0.8698013424873352 0.7471520304679871 0.3644384443759918 -0.8714627027511597 0.3282337784767151 9.767385482788086 0.0 0.0 0.0 1.0
0.7782118916511536 0.49531275033950806 0.38607195019721985 -0.34553956985473633 -0.49922317266464233 0.11495210230350494 0.8588144183158875 0.7647116184234619 0.3810019791126251 -0.8610756397247314 0.33672869205474854 9.830855369567871 0.0 0.0 0.0 1.0
0.7592589855194092 0.5117118954658508 0.40209048986434937 -0.354409396648407 -0.5191848278045654 0.10374059528112411 0.8483424782752991 0.7813240885734558 0.3923938274383545 -0.8528709411621094 0.3444390296936035 9.894104957580566 0.0 0.0 0.0 1.0
0.7432528734207153 0.5245967507362366 0.41517874598503113 -0.3742348849773407 -0.535720944404602 0.09497983008623123 0.8390362858772278 0.8202186226844788 0.40072211623191833 -0.8460360765457153 0.3516315221786499 9.829412460327148 0.0 0.0 0.0 1.0
0.7301117181777954 0.5340616106987 0.4262804687023163 -0.3694208860397339 -0.5496543645858765 0.08837161213159561 0.8307048082351685 0.8133173584938049 0.40597647428512573 -0.8408142924308777 0.3580704629421234 9.72812271118164 0.0 0.0 0.0 1.0
0.7193842530250549 0.5423892140388489 0.4339357316493988 -0.29224976897239685 -0.560436487197876 0.08415529131889343 0.823910653591156 0.826427161693573 0.4103623032569885 -0.8359017968177795 0.36451470851898193 9.54163646697998 0.0 0.0 0.0 1.0
0.7089790105819702 0.5503523349761963 0.44097739458084106 -0.36120912432670593 -0.5705148577690125 0.0800158679485321 0.8173801302909851 0.7840272784233093 0.4145618677139282 -0.8310894966125488 0.3707137405872345 9.465751647949219 0.0 0.0 0.0 1.0
0.6951920390129089 0.5619255900382996 0.44827190041542053 -0.27330219745635986 -0.5818792581558228 0.0737682357430458 0.8099226951599121 0.7917431592941284 0.42204803228378296 -0.8238919377326965 0.3782559335231781 9.419428825378418 0.0 0.0 0.0 1.0
0.6749404072761536 0.5786527395248413 0.4578389525413513 -0.2925647497177124 -0.5966730117797852 0.06297957897186279 0.8000093102455139 0.7799825072288513 0.43409305810928345 -0.8131387233734131 0.38777393102645874 9.356429100036621 0.0 0.0 0.0 1.0
0.6446042060852051 0.6019173264503479 0.4713607728481293 -0.3643352687358856 -0.6167406439781189 0.04506045579910278 0.7858756184577942 0.7630482316017151 0.4517924189567566 -0.7972860932350159 0.40027305483818054 9.347228050231934 0.0 0.0 0.0 1.0
0.60773766040802 0.6273722648620605 0.4868870675563812 -0.3709469437599182 -0.638369083404541 0.021250605583190918 0.7694370150566101 0.826990008354187 0.4723767638206482 -0.7784295082092285 0.41340985894203186 9.387500762939453 0.0 0.0 0.0 1.0
0.5703118443489075 0.6500431895256042 0.5021834969520569 -0.24533593654632568 -0.6584838032722473 -0.003684508614242077 0.7525858879089355 0.9394932389259338 0.4910636246204376 -0.7598883509635925 0.4259416162967682 9.502280235290527 0.0 0.0 0.0 1.0
0.5350009799003601 0.6689116954803467 0.516072690486908 -0.09973540157079697 -0.6770240068435669 -0.025959312915802002 0.7355029582977295 1.0017898082733154 0.5053834319114685 -0.7428884506225586 0.4389810264110565 9.627552032470703 0.0 0.0 0.0 1.0
0.5029201507568359 0.6841078400611877 0.5282686352729797 0.0020631803199648857 -0.692996621131897 -0.046116262674331665 0.7194643616676331 1.078515648841858 0.5165530443191528 -0.7279214859008789 0.4508916139602661 9.745060920715332 0.0 0.0 0.0 1.0
0.47472500801086426 0.6967191696166992 0.5377904772758484 -0.02679145522415638 -0.7075310349464417 -0.061330851167440414 0.7040159106254578 1.1577309370040894 0.5234845280647278 -0.7147173881530762 0.46383512020111084 9.722550392150879 0.0 0.0 0.0 1.0
0.44995421171188354 0.7062195539474487 0.5466216206550598 -0.14102976024150848 -0.7204257845878601 -0.0746750608086586 0.6895000338554382 1.199751853942871 0.5277574062347412 -0.7040437459945679 0.47517842054367065 9.618788719177246 0.0 0.0 0.0 1.0
0.43416497111320496 0.7111823558807373 0.5529199242591858 -0.223817378282547 -0.728597104549408 -0.08372922986745834 0.6798056364059448 1.1826900243759155 0.5297613143920898 -0.6980036497116089 0.48181310296058655 9.57512378692627 0.0 0.0 0.0 1.0
0.41432294249534607 0.718388020992279 0.5587980151176453 -0.28136855363845825 -0.7396588921546936 -0.09197625517845154 0.6666671633720398 1.1099952459335327 0.5303218364715576 -0.68953537940979 0.4932541847229004 9.444741249084473 0.0 0.0 0.0 1.0
0.39312857389450073 0.7250711917877197 0.5654394030570984 -0.39584481716156006 -0.749384343624115 -0.10367903858423233 0.6539677381515503 1.0713533163070679 0.5327973365783691 -0.6808248162269592 0.5025978088378906 9.452598571777344 0.0 0.0 0.0 1.0
0.36727088689804077 0.7337837815284729 0.5715535283088684 -0.4184061288833618 -0.7600310444831848 -0.11746031790971756 0.639183759689331 1.0804418325424194 0.5361575484275818 -0.669152021408081 0.514558732509613 9.39697551727295 0.0 0.0 0.0 1.0
0.3336210548877716 0.7442900538444519 0.5785579085350037 -0.41328710317611694 -0.7708109021186829 -0.1379498690366745 0.6219488978385925 1.0590094327926636 0.5427223443984985 -0.6534540057182312 0.5276839137077332 9.3766508102417 0.0 0.0 0.0 1.0
0.2897099256515503 0.7573540806770325 0.5852203965187073 -0.443563312292099 -0.7806147336959839 -0.16682776808738708 0.6023364067077637 1.067317008972168 0.5538129806518555 -0.6313344836235046 0.5428701043128967 9.401522636413574 0.0 0.0 0.0 1.0
0.2438213974237442 0.7693727016448975 0.5904377698898315 -0.3005331754684448 -0.7878115773200989 -0.19793367385864258 0.5832453370094299 1.1333316564559937 0.565600574016571 -0.6073614358901978 0.557860255241394 9.486978530883789 0.0 0.0 0.0 1.0
0.20002807676792145 0.7786089777946472 0.594774603843689 -0.07435687631368637 -0.7928393483161926 -0.2280375212430954 0.5651589632034302 1.1888599395751953 0.5756688117980957 -0.5846083760261536 0.5716979503631592 9.631041526794434 0.0 0.0 0.0 1.0
0.15836238861083984 0.7867051362991333 0.5966710448265076 0.11761302500963211 -0.7963694334030151 -0.25547438859939575 0.5482048988342285 1.2215862274169922 0.5837097764015198 -0.5619856119155884 0.5860503911972046 9.743268966674805 0.0 0.0 0.0 1.0
0.1202051043510437 0.7934182286262512 0.5966894626617432 0.18333986401557922 -0.7990872859954834 -0.27931997179985046 0.5323907136917114 1.2920960187911987 0.5890757441520691 -0.5408030152320862 0.6004347205162048 9.754883766174316 0.0 0.0 0.0 1.0
0.08633571118116379 0.7982836365699768 0.5960615873336792 0.0817016214132309 -0.8021860718727112 -0.299095094203949 0.5167587399482727 1.3241747617721558 0.5907991528511047 -0.5227670669555664 0.614549458026886 9.634220123291016 0.0 0.0 0.0 1.0
0.05587823688983917 0.8016870617866516 0.5951263904571533 -0.12258586287498474 -0.806298017501831 -0.3153136074542999 0.5004606246948242 1.270878553390503 0.588864266872406 -0.5078141093254089 0.6287795305252075 9.469621658325195 0.0 0.0 0.0 1.0
0.027145057916641235 0.8049716353416443 0.5926920175552368 -0.2216794341802597 -0.810651421546936 -0.3291942775249481 0.48422661423683167 1.166499376296997 0.5848994851112366 -0.4936109781265259 0.6436154246330261 9.324307441711426 0.0 0.0 0.0 1.0
-0.0035410611890256405 0.8071132302284241 0.5903860330581665 -0.33197933435440063 -0.8149530291557312 -0.3444717228412628 0.4660373032093048 1.1245661973953247 0.5795161724090576 -0.4794866144657135 0.6589791774749756 9.267951011657715 0.0 0.0 0.0 1.0
-0.0391419380903244 0.8089084029197693 0.5866302847862244 -0.4246171712875366 -0.818386435508728 -0.3628027141094208 0.4456655979156494 1.1325197219848633 0.573333740234375 -0.4626460373401642 0.6762004494667053 9.139204978942871 0.0 0.0 0.0 1.0
-0.08225703984498978 0.8091521263122559 0.5818132162094116 -0.5018625259399414 -0.8195679187774658 -0.38708364963531494 0.4224626123905182 1.095702052116394 0.5670468807220459 -0.4420849084854126 0.6949955224990845 9.01594066619873 0.0 0.0 0.0 1.0
-0.13244153559207916 0.8072724342346191 0.5751265287399292 -0.5845530033111572 -0.8164677619934082 -0.41784194111824036 0.3984827995300293 1.0809962749481201 0.5619961619377136 -0.41679656505584717 0.7144514918327332 8.978067398071289 0.0 0.0 0.0 1.0
-0.18070769309997559 0.8025513887405396 0.5685560703277588 -0.5326665043830872 -0.8098592162132263 -0.44943782687187195 0.3770062029361725 1.1679177284240723 0.5580974817276001 -0.39232245087623596 0.7311705350875854 9.02901840209961 0.0 0.0 0.0 1.0
-0.22491346299648285 0.7962247133255005 0.5616405606269836 -0.40945905447006226 -0.8022589087486267 -0.47845280170440674 0.3570203483104706 1.2218579053878784 0.5529869198799133 -0.37028247117996216 0.746388852596283 9.087571144104004 0.0 0.0 0.0 1.0
-0.2641170918941498 0.7889230251312256 0.5548356771469116 -0.2950993478298187 -0.7935287952423096 -0.5047315955162048 0.339938223361969 1.2264447212219238 0.5482282042503357 -0.3504946231842041 0.7593414187431335 9.189112663269043 0.0 0.0 0.0 1.0
-0.2973365783691406 0.7812292575836182 0.5488823652267456 -0.285867303609848 -0.7849746346473694 -0.5272810459136963 0.32525309920310974 1.1923085451126099 0.5435124635696411 -0.3341490626335144 0.7700250744819641 9.273292541503906 0.0 0.0 0.0 1.0
-0.32636842131614685 0.77360999584198 0.5431494116783142 -0.3066297173500061 -0.7768925428390503 -0.5468556880950928 0.31206855177879333 1.1318539381027222 0.5384436845779419 -0.3201194107532501 0.7794882655143738 9.265380859375 0.0 0.0 0.0 1.0
-0.349440336227417 0.7661598920822144 0.5393426418304443 -0.3640249967575073 -0.7699930667877197 -0.562802255153656 0.30060648918151855 0.990938663482666 0.5338559150695801 -0.3102460503578186 0.7866036295890808 9.196035385131836 0.0 0.0 0.0 1.0
-0.368356317281723 0.7601420879364014 0.535254716873169 -0.33124250173568726 -0.765114426612854 -0.5749239325523376 0.2899351716041565 0.8071673512458801 0.5281226634979248 -0.30273163318634033 0.7933725714683533 9.140655517578125 0.0 0.0 0.0 1.0
-0.38711103796958923 0.7538216710090637 0.5309406518936157 -0.3446429371833801 -0.7596936225891113 -0.5870844721794128 0.27963802218437195 0.6877886056900024 0.5225042104721069 -0.29510125517845154 0.7999404072761536 9.068231582641602 0.0 0.0 0.0 1.0
-0.4099533259868622 0.7465799450874329 0.523981511592865 -0.41232025623321533 -0.7528338432312012 -0.6012968420982361 0.26773741841316223 0.7174789309501648 0.5149558186531067 -0.28471118211746216 0.8085542917251587 8.948884963989258 0.0 0.0 0.0 1.0
