-0.9032530188560486 0.24770361185073853 0.3503953218460083 0.45909181237220764 -0.23413194715976715 -0.9687978029251099 0.08132050186395645 2.9183549880981445 0.359605610370636 -0.008585747331380844 0.933064877986908 10.38098430633545 0.0 0.0 0.0 1.0
-0.9033243060112 0.24732466042041779 0.3504793345928192 0.45791590213775635 -0.2342853844165802 -0.9688814282417297 0.07986949384212494 2.915163516998291 0.3593266010284424 -0.009964126162230968 0.9331586956977844 10.388405799865723 0.0 0.0 0.0 1.0
-0.9031161069869995 0.2484014928340912 0.35025423765182495 0.4457690119743347 -0.23385243117809296 -0.9686381816864014 0.08398265391588211 2.9191529750823975 0.36013105511665344 -0.0060617211274802685 0.9328820109367371 10.361152648925781 0.0 0.0 0.0 1.0
-0.905174732208252 0.23606465756893158 0.35345742106437683 0.195623978972435 -0.21762260794639587 -0.9717184901237488 0.09167130291461945 2.7107839584350586 0.3651014566421509 0.0060582212172448635 0.93094801902771 10.181097984313965 0.0 0.0 0.0 1.0
-0.9089505672454834 0.23387016355991364 0.3451283574104309 0.15690232813358307 -0.22033914923667908 -0.9722566604614258 0.0785343199968338 2.696357011795044 0.35392019152641296 -0.004661474376916885 0.935263991355896 10.22304916381836 0.0 0.0 0.0 1.0
-0.9076228737831116 0.2422427535057068 0.34283992648124695 0.40584105253219604 -0.23480671644210815 -0.9699509739875793 0.0637255385518074 2.6091015338897705 0.347974956035614 -0.022662362083792686 0.9372298717498779 10.449505805969238 0.0 0.0 0.0 1.0
-0.9071250557899475 0.24023307859897614 0.3455606997013092 0.4445483982563019 -0.23363636434078217 -0.9703899025917053 0.06129846349358559 2.6420793533325195 0.350054532289505 -0.025130176916718483 0.9363921880722046 10.6934232711792 0.0 0.0 0.0 1.0
-0.923102855682373 0.2227403223514557 0.3134769797325134 0.25051695108413696 -0.2202516496181488 -0.9744583368301392 0.04381897673010826 2.4070491790771484 0.31523051857948303 -0.028594402596354485 0.948584258556366 10.860543251037598 0.0 0.0 0.0 1.0
-0.9520530104637146 0.1852550357580185 0.24346596002578735 0.021999580785632133 -0.18182620406150818 -0.982646107673645 0.03668666630983353 2.3459441661834717 0.24603725969791412 -0.009340842254459858 0.9692153334617615 10.738348007202148 0.0 0.0 0.0 1.0
-0.9725406169891357 0.14897474646568298 0.17880520224571228 -0.5733713507652283 -0.14200235903263092 -0.9885385632514954 0.05125255882740021 2.490861415863037 0.18439118564128876 0.024454431608319283 0.9825486540794373 10.365028381347656 0.0 0.0 0.0 1.0
-0.9843419790267944 0.11529859155416489 0.13333061337471008 -0.2966577410697937 -0.10725067555904388 -0.9920344352722168 0.06606753915548325 2.393221616744995 0.1398860514163971 0.050733257085084915 0.9888670444488525 10.269493103027344 0.0 0.0 0.0 1.0
-0.9890699982643127 0.08855720609426498 0.11789024621248245 -0.0037511768750846386 -0.08063439279794693 -0.9942567944526672 0.07036670297384262 2.0351669788360596 0.12344466149806976 0.06009158864617348 0.9905303716659546 10.088682174682617 0.0 0.0 0.0 1.0
-0.9899001121520996 0.08357145637273788 0.11451473832130432 0.14962218701839447 -0.0758945569396019 -0.9946669340133667 0.06984028220176697 1.9715601205825806 0.11974067986011505 0.06044385954737663 0.9909635186195374 10.467910766601562 0.0 0.0 0.0 1.0
-0.991492748260498 0.07715627551078796 0.10482858121395111 0.09572839736938477 -0.06996192038059235 -0.9950439929962158 0.07065967470407486 2.0450382232666016 0.10976088047027588 0.06272454559803009 0.9919769167900085 10.451666831970215 0.0 0.0 0.0 1.0
-0.9917212724685669 0.07732851058244705 0.10251469165086746 0.14433200657367706 -0.06993018835783005 -0.9948107004165649 0.07390138506889343 2.086702346801758 0.10769739747047424 0.0661206990480423 0.9919825196266174 10.413590431213379 0.0 0.0 0.0 1.0
-0.99232417345047 0.07568996399641037 0.09779436886310577 0.039927273988723755 -0.0683862566947937 -0.9947602152824402 0.0759965032339096 2.3757898807525635 0.1030341163277626 0.06872537732124329 0.9923007488250732 10.437431335449219 0.0 0.0 0.0 1.0
-0.9925059676170349 0.07645823806524277 0.09532051533460617 0.052057668566703796 -0.06928916275501251 -0.9946682453155518 0.07638098299503326 2.36639666557312 0.10065224021673203 0.06920390576124191 0.9925119280815125 10.32497501373291 0.0 0.0 0.0 1.0
-0.9940267205238342 0.06362790614366531 0.08867019414901733 0.24298398196697235 -0.05739688500761986 -0.9958139657974243 0.07113462686538696 2.4697322845458984 0.09282516688108444 0.06562032550573349 0.9935176968574524 10.325379371643066 0.0 0.0 0.0 1.0
-0.9978775382041931 0.025017257779836655 0.060121603310108185 0.2083972990512848 -0.021191028878092766 -0.9977595210075378 0.06345733255147934 2.303457498550415 0.06157442927360535 0.06204860657453537 0.9961719512939453 10.3654146194458 0.0 0.0 0.0 1.0
-0.9998530745506287 -0.017061399295926094 -0.0016638096421957016 -0.3323080837726593 0.016926299780607224 -0.9979518055915833 0.06169072538614273 2.22829532623291 -0.002712931949645281 0.0616534985601902 0.9980939030647278 10.551332473754883 0.0 0.0 0.0 1.0
-0.9984211921691895 -0.05099329352378845 -0.023554714396595955 -0.21169328689575195 0.04951942339539528 -0.9970048069953918 0.05940716713666916 2.5464794635772705 -0.026513531804084778 0.05814695730805397 0.9979559183120728 10.709216117858887 0.0 0.0 0.0 1.0
-0.9963438510894775 -0.07313543558120728 -0.04416012018918991 0.06225968152284622 0.07023434340953827 -0.9954743981361389 0.06401466578245163 2.3380184173583984 -0.04864200949668884 0.060679059475660324 0.9969714283943176 10.309796333312988 0.0 0.0 0.0 1.0
-0.9941219687461853 -0.08943916112184525 -0.06100977584719658 0.0741896778345108 0.08544401079416275 -0.9942059516906738 0.06522195041179657 2.252654790878296 -0.06648967415094376 0.05962565168738365 0.9960039854049683 10.21644115447998 0.0 0.0 0.0 1.0
-0.9864683151245117 -0.11222977936267853 -0.1195187047123909 0.07522211968898773 0.10451854765415192 -0.9921290874481201 0.06896153092384338 2.3298659324645996 -0.12631753087043762 0.05553644895553589 0.9904340505599976 10.410056114196777 0.0 0.0 0.0 1.0
-0.9666344523429871 -0.15734072029590607 -0.20214280486106873 -0.3469049632549286 0.14286065101623535 -0.9861357808113098 0.08442195504903793 2.13482403755188 -0.21262326836585999 0.05272692069411278 0.9757106304168701 10.295262336730957 0.0 0.0 0.0 1.0
-0.948836624622345 -0.19736360013484955 -0.24648860096931458 -0.6649041175842285 0.18008434772491455 -0.9794316291809082 0.09101244807243347 2.162048101425171 -0.2593812942504883 0.04196720942854881 0.9648627638816833 10.4154691696167 0.0 0.0 0.0 1.0
-0.9426847696304321 -0.20872420072555542 -0.2603451609611511 -0.3095446228981018 0.1896626055240631 -0.9770857095718384 0.09660012274980545 1.9540996551513672 -0.27454233169555664 0.041685719043016434 0.9606710076332092 10.50790786743164 0.0 0.0 0.0 1.0
-0.9375401735305786 -0.22097733616828918 -0.268677294254303 -0.23754894733428955 0.2000632882118225 -0.9743289947509766 0.10323631763458252 1.701721429824829 -0.28459295630455017 0.04303572699427605 0.9576819539070129 10.550488471984863 0.0 0.0 0.0 1.0
-0.9348766207695007 -0.21740256249904633 -0.28060978651046753 -0.047204140573740005 0.1986367404460907 -0.9755517244338989 0.0940331369638443 1.988059163093567 -0.2941924035549164 0.03216996788978577 0.9552046656608582 10.172778129577637 0.0 0.0 0.0 1.0
-0.9385824799537659 -0.197798952460289 -0.2827340364456177 -0.11841222643852234 0.1895342320203781 -0.9802424907684326 0.05658120661973953 1.4487104415893555 -0.28833964467048645 -0.0004816533182747662 0.9575280547142029 10.225884437561035 0.0 0.0 0.0 1.0
-0.9434876441955566 -0.1987064778804779 -0.2652297914028168 -0.39897260069847107 0.19115689396858215 -0.9800589084625244 0.0542544424533844 1.3120378255844116 -0.27072152495384216 0.00048789120046421885 0.9626575708389282 10.193951606750488 0.0 0.0 0.0 1.0
-0.9407305717468262 -0.2085108757019043 -0.2674867808818817 -0.35111725330352783 0.2005385160446167 -0.9780200719833374 0.057106029242277145 1.28090500831604 -0.27351465821266174 7.998507498996332e-05 0.9618678092956543 10.273661613464355 0.0 0.0 0.0 1.0
-0.934887707233429 -0.22570614516735077 -0.27393752336502075 -0.42967504262924194 0.21728861331939697 -0.9741925001144409 0.0611116886138916 1.6848504543304443 -0.2806611657142639 -0.002390936715528369 0.9598039388656616 10.323507308959961 0.0 0.0 0.0 1.0
-0.9265932440757751 -0.24106726050376892 -0.2886373996734619 -0.3256189227104187 0.2308180332183838 -0.9705060124397278 0.06957794725894928 1.8890928030014038 -0.296897292137146 -0.0021522615570575 0.9549070000648499 10.384673118591309 0.0 0.0 0.0 1.0
-0.9049835801124573 -0.2839779257774353 -0.31679847836494446 -0.03083244152367115 0.27506130933761597 -0.9586098194122314 0.07354220002889633 1.8998022079467773 -0.3245704770088196 -0.02058451808989048 0.9456375241279602 10.803950309753418 0.0 0.0 0.0 1.0
-0.8710324168205261 -0.3103830814361572 -0.38074246048927307 0.28556880354881287 0.2985776960849762 -0.9500003457069397 0.09138243645429611 1.9593995809555054 -0.39006900787353516 -0.03408413752913475 0.9201545715332031 11.022315979003906 0.0 0.0 0.0 1.0
-0.8336248397827148 -0.33578112721443176 -0.43854382634162903 0.3349505066871643 0.3200429677963257 -0.9407653212547302 0.11195111274719238 2.1296324729919434 -0.45015788078308105 -0.04702764004468918 0.8917097449302673 11.10911750793457 0.0 0.0 0.0 1.0
-0.7901443839073181 -0.3743182420730591 -0.4853428602218628 -0.06829090416431427 0.3583126664161682 -0.924546480178833 0.1297142058610916 2.080866575241089 -0.4972764551639557 -0.07141154259443283 0.8646482229232788 11.020772933959961 0.0 0.0 0.0 1.0
-0.741489827632904 -0.40615004301071167 -0.5340739488601685 0.19911114871501923 0.39342230558395386 -0.9079671502113342 0.1442726105451584 2.0906929969787598 -0.5435178875923157 -0.10313993692398071 0.8330368995666504 11.121137619018555 0.0 0.0 0.0 1.0
-0.7035677433013916 -0.4224873185157776 -0.5713990330696106 0.05512779578566551 0.4309144616127014 -0.8930225968360901 0.1297048181295395 2.0375115871429443 -0.5650709271430969 -0.15496797859668732 0.8103578090667725 11.411921501159668 0.0 0.0 0.0 1.0
-0.6947895288467407 -0.4207320511341095 -0.5833112597465515 -0.22030195593833923 0.42948344349861145 -0.8932667970657349 0.1327342391014099 2.3208250999450684 -0.5768981575965881 -0.15830017626285553 0.8013298511505127 11.317131042480469 0.0 0.0 0.0 1.0
-0.6866114735603333 -0.421571284532547 -0.5923194885253906 -0.4196403920650482 0.4293272793292999 -0.8926023840904236 0.13761919736862183 2.1236729621887207 -0.5867220759391785 -0.1598079949617386 0.79386305809021 11.262782096862793 0.0 0.0 0.0 1.0
-0.6856964230537415 -0.4246472716331482 -0.5911810994148254 -0.6168879866600037 0.43476346135139465 -0.8903295993804932 0.13525515794754028 1.8871557712554932 -0.5837817788124084 -0.164279967546463 0.7951169610023499 11.281320571899414 0.0 0.0 0.0 1.0
-0.7011768221855164 -0.42907094955444336 -0.5694288611412048 -0.49116724729537964 0.4445643126964569 -0.8874939680099487 0.12131395936012268 1.5266532897949219 -0.5574169158935547 -0.16808520257472992 0.8130397796630859 11.248861312866211 0.0 0.0 0.0 1.0
-0.7053312063217163 -0.44117823243141174 -0.5548600554466248 -0.4249919652938843 0.4592475891113281 -0.8806456327438354 0.1164257749915123 1.4176937341690063 -0.5399996042251587 -0.17269940674304962 0.8237568736076355 11.270867347717285 0.0 0.0 0.0 1.0
-0.7023165225982666 -0.44304683804512024 -0.5571902394294739 -0.36298245191574097 0.4583407938480377 -0.8803264498710632 0.12226618826389313 1.7787017822265625 -0.5446789860725403 -0.16951346397399902 0.8213343024253845 11.329063415527344 0.0 0.0 0.0 1.0
-0.6973969340324402 -0.44395434856414795 -0.5626206994056702 -0.387719064950943 0.4564928114414215 -0.8803514242172241 0.1288241595029831 2.17195200920105 -0.5524960160255432 -0.1669907420873642 0.8166163563728333 11.57654857635498 0.0 0.0 0.0 1.0
-0.663456380367279 -0.44981998205184937 -0.5979027152061462 -0.20973315834999084 0.46959519386291504 -0.8724542260169983 0.1352919638156891 2.300982713699341 -0.5824998021125793 -0.1910119205713272 0.7900686264038086 12.20493221282959 0.0 0.0 0.0 1.0
-0.5974059700965881 -0.48721379041671753 -0.6369684934616089 0.060345303267240524 0.5036467909812927 -0.8460465669631958 0.17477156221866608 2.398710012435913 -0.6240561008453369 -0.21639752388000488 0.7508169412612915 12.216131210327148 0.0 0.0 0.0 1.0
-0.5105088949203491 -0.5154330134391785 -0.6882655620574951 -0.562037467956543 0.5249285697937012 -0.8207817077636719 0.22531604766845703 2.669858932495117 -0.6810511350631714 -0.24626442790031433 0.6895818710327148 12.18459701538086 0.0 0.0 0.0 1.0
-0.43737903237342834 -0.5201489925384521 -0.733583390712738 -0.5723979473114014 0.5439357161521912 -0.8026259541511536 0.24479694664478302 2.716216802597046 -0.7161239385604858 -0.2919531762599945 0.6339793801307678 12.991394996643066 0.0 0.0 0.0 1.0
-0.3958601653575897 -0.5143247842788696 -0.7607659101486206 -0.23524928092956543 0.5545323491096497 -0.7942245602607727 0.24839717149734497 2.6759800910949707 -0.731975793838501 -0.32353878021240234 0.5996115803718567 13.468979835510254 0.0 0.0 0.0 1.0
-0.35558634996414185 -0.5222023129463196 -0.7751535773277283 -0.1973448097705841 0.5690791606903076 -0.7788689136505127 0.26365146040916443 2.5821471214294434 -0.7414224743843079 -0.3473728895187378 0.574129581451416 13.843745231628418 0.0 0.0 0.0 1.0
-0.3448678255081177 -0.5289531350135803 -0.7754190564155579 -0.10624535381793976 0.5761355757713318 -0.7714645266532898 0.2700191140174866 2.8176867961883545 -0.7410357594490051 -0.3536255955696106 0.5708020329475403 13.711772918701172 0.0 0.0 0.0 1.0
-0.3399995267391205 -0.5270731449127197 -0.7788416147232056 -0.03667401522397995 0.571052610874176 -0.7737234234809875 0.27431923151016235 3.2262558937072754 -0.7471942901611328 -0.3514910936355591 0.5640520453453064 13.679534912109375 0.0 0.0 0.0 1.0
-0.349945068359375 -0.5391233563423157 -0.766083836555481 -0.06854421645402908 0.575636625289917 -0.7689334750175476 0.27817943692207336 3.5745930671691895 -0.7390405535697937 -0.34363842010498047 0.5794236063957214 13.400592803955078 0.0 0.0 0.0 1.0
-0.3597969710826874 -0.5468408465385437 -0.7559835910797119 -0.06826810538768768 0.5835195779800415 -0.7641172409057617 0.27500858902931213 4.009603977203369 -0.7280460596084595 -0.3421839773654938 0.5940194129943848 13.328076362609863 0.0 0.0 0.0 1.0
-0.3624833822250366 -0.5467656850814819 -0.7547536492347717 -0.1671130508184433 0.584241509437561 -0.764263391494751 0.2730627954006195 3.550138473510742 -0.7261319756507874 -0.34197768568992615 0.5964759588241577 12.889413833618164 0.0 0.0 0.0 1.0
-0.35704079270362854 -0.5598720908164978 -0.7477065324783325 -0.4103294014930725 0.5896570682525635 -0.7559078335762024 0.2844432294368744 3.470586061477661 -0.7244490385055542 -0.33933261036872864 0.6000224351882935 12.925288200378418 0.0 0.0 0.0 1.0
-0.3618775010108948 -0.5543444156646729 -0.7494977712631226 -0.25720342993736267 0.5905444025993347 -0.7584115266799927 0.2758066654205322 3.7751851081848145 -0.7213196158409119 -0.3428034782409668 0.6018170714378357 13.465738296508789 0.0 0.0 0.0 1.0
-0.3458741307258606 -0.5580741167068481 -0.7542707324028015 -0.048668619245290756 0.5933085680007935 -0.7528501749038696 0.2849588394165039 3.8892362117767334 -0.7268810272216797 -0.3489554226398468 0.5915015935897827 13.758121490478516 0.0 0.0 0.0 1.0
-0.3156013786792755 -0.5611855387687683 -0.7651578783988953 0.4028227627277374 0.6074226498603821 -0.7389832139015198 0.29144737124443054 4.238601207733154 -0.7289948463439941 -0.3727930188179016 0.574100911617279 13.802033424377441 0.0 0.0 0.0 1.0
-0.26086071133613586 -0.5614058971405029 -0.7853503227233887 0.5345432162284851 0.6013699173927307 -0.7308913469314575 0.32272595167160034 4.0740580558776855 -0.7551860213279724 -0.3880995213985443 0.5282734632492065 13.700322151184082 0.0 0.0 0.0 1.0
-0.17309369146823883 -0.5679218173027039 -0.8046759366989136 -0.26273488998413086 0.6061325073242188 -0.7053896188735962 0.36746278405189514 3.8784022331237793 -0.7763001918792725 -0.4241347312927246 0.46633437275886536 13.567488670349121 0.0 0.0 0.0 1.0
-0.10950888693332672 -0.5650874376296997 -0.8177310228347778 -0.5677810311317444 0.6066024899482727 -0.6897124648094177 0.39538607001304626 3.8383941650390625 -0.7874269485473633 -0.4527393877506256 0.41831308603286743 13.754324913024902 0.0 0.0 0.0 1.0
-0.06308791786432266 -0.5734912157058716 -0.816778838634491 -0.4057009816169739 0.6081000566482544 -0.6710296869277954 0.4241856634616852 3.6100142002105713 -0.7913495898246765 -0.4699223041534424 0.39107394218444824 13.729405403137207 0.0 0.0 0.0 1.0
-0.038513362407684326 -0.5804543495178223 -0.8133814930915833 0.12217361479997635 0.6131561398506165 -0.6564571261405945 0.43943551182746887 3.5113887786865234 -0.7890223264694214 -0.4818057119846344 0.38119152188301086 13.815804481506348 0.0 0.0 0.0 1.0
-0.013773174956440926 -0.5880529284477234 -0.8087051510810852 0.47691288590431213 0.6155927181243896 -0.6423222422599792 0.4565827250480652 3.276583433151245 -0.7879441380500793 -0.4915443956851959 0.3708479106426239 13.659734725952148 0.0 0.0 0.0 1.0
0.006562520749866962 -0.5968143343925476 -0.8023524880409241 0.4191594123840332 0.6169376373291016 -0.6290499567985535 0.47295260429382324 3.5177032947540283 -0.7869846820831299 -0.4981051981449127 0.3640690743923187 13.409339904785156 0.0 0.0 0.0 1.0
0.01676826737821102 -0.5969629883766174 -0.802093505859375 0.04307693988084793 0.6116694211959839 -0.6284582614898682 0.4805212616920471 3.6234371662139893 -0.790935754776001 -0.49867358803749084 0.35460585355758667 13.379199981689453 0.0 0.0 0.0 1.0
-8.645550337860186e-07 -0.5978643894195557 -0.8015972375869751 0.3533531725406647 0.6208750009536743 -0.6283801198005676 0.46867120265960693 3.4507880210876465 -0.7839096188545227 -0.49769127368927 0.3711995780467987 13.109658241271973 0.0 0.0 0.0 1.0
-0.017716478556394577 -0.5939340591430664 -0.8043186068534851 0.6404120922088623 0.6327006220817566 -0.6295536756515503 0.4509458541870117 3.307556390762329 -0.7741938233375549 -0.5009037256240845 0.38693591952323914 13.189484596252441 0.0 0.0 0.0 1.0
-0.011041679419577122 -0.597176194190979 -0.8020340800285339 0.45921561121940613 0.6384572982788086 -0.6215134263038635 0.45397499203681946 3.1965506076812744 -0.7695780396461487 -0.5070518851280212 0.38813409209251404 13.024591445922852 0.0 0.0 0.0 1.0
0.011935644783079624 -0.595789909362793 -0.8030516505241394 0.573979914188385 0.6368545293807983 -0.614624559879303 0.465459942817688 3.3495593070983887 -0.7708916068077087 -0.5169826149940491 0.3720955550670624 12.963277816772461 0.0 0.0 0.0 1.0
0.08232381194829941 -0.5850522518157959 -0.8068064451217651 0.6448411345481873 0.6372156143188477 -0.5915548801422119 0.49398282170295715 3.0396618843078613 -0.7662760615348816 -0.5547762513160706 0.3241053819656372 12.943875312805176 0.0 0.0 0.0 1.0
0.18410715460777283 -0.5808817148208618 -0.7928940653800964 1.0995203256607056 0.6235033273696899 -0.5545858144760132 0.5510700345039368 2.9406661987304688 -0.7598342895507812 -0.5958279967308044 0.26007845997810364 12.673419952392578 0.0 0.0 0.0 1.0
0.263495534658432 -0.5746563076972961 -0.7748162746429443 1.1441212892532349 0.6041423678398132 -0.5278734564781189 0.5969603657722473 3.28352689743042 -0.7520519495010376 -0.6253957152366638 0.2080819010734558 12.668956756591797 0.0 0.0 0.0 1.0
0.3180159330368042 -0.5636410117149353 -0.7623481154441833 0.8830292820930481 0.5943348407745361 -0.507962703704834 0.6234902143478394 3.3954057693481445 -0.7386690378189087 -0.6513698697090149 0.1734512597322464 12.97506332397461 0.0 0.0 0.0 1.0
0.37860533595085144 -0.5529902577400208 -0.7421992421150208 0.643379271030426 0.5738265514373779 -0.4889388084411621 0.6570098400115967 3.518324136734009 -0.7262100577354431 -0.6746410727500916 0.13220568001270294 13.312994003295898 0.0 0.0 0.0 1.0
0.4089294970035553 -0.5426524877548218 -0.7336926460266113 0.6369569301605225 0.5709320902824402 -0.47507116198539734 0.6695848703384399 3.6689367294311523 -0.7119081616401672 -0.6927016973495483 0.11554712057113647 13.178510665893555 0.0 0.0 0.0 1.0
0.4278116524219513 -0.5350775122642517 -0.728470504283905 0.48020079731941223 0.5630000233650208 -0.47275856137275696 0.6778866648674011 3.52531099319458 -0.7071125507354736 -0.7001367211341858 0.09899701923131943 13.083090782165527 0.0 0.0 0.0 1.0
0.43572112917900085 -0.534321129322052 -0.7243258953094482 0.33236929774284363 0.5524287819862366 -0.4765813946723938 0.6838805079460144 3.473508596420288 -0.7106120586395264 -0.6981196999549866 0.08751779794692993 13.243368148803711 0.0 0.0 0.0 1.0
0.4316517114639282 -0.5356684923171997 -0.7257658243179321 0.4348740875720978 0.556803822517395 -0.4747786521911621 0.681582510471344 3.4768803119659424 -0.7096803784370422 -0.6983155012130737 0.09332326799631119 13.199043273925781 0.0 0.0 0.0 1.0
0.4231914281845093 -0.5314621329307556 -0.7337962985038757 0.4459771513938904 0.5722991228103638 -0.47107717394828796 0.6712377071380615 2.996040105819702 -0.7024120688438416 -0.7040129899978638 0.10479947924613953 13.008319854736328 0.0 0.0 0.0 1.0
0.4355030655860901 -0.5266421437263489 -0.7300583124160767 0.2087041288614273 0.5751615762710571 -0.46108442544937134 0.6757146716117859 2.9418187141418457 -0.692478358745575 -0.7141773104667664 0.10210062563419342 12.811902046203613 0.0 0.0 0.0 1.0
0.47434473037719727 -0.5102154016494751 -0.717410147190094 0.11528411507606506 0.5628107190132141 -0.4508788287639618 0.692785918712616 3.0178329944610596 -0.6769351363182068 -0.7323854565620422 0.07328272610902786 12.577913284301758 0.0 0.0 0.0 1.0
0.5726051330566406 -0.4726840853691101 -0.6698456406593323 -0.48713183403015137 0.5228851437568665 -0.4187348186969757 0.7424636483192444 2.9478845596313477 -0.6314384341239929 -0.7753908038139343 0.007389796897768974 12.121603965759277 0.0 0.0 0.0 1.0
0.6467017531394958 -0.4401165843009949 -0.6229560375213623 -0.2974076569080353 0.48560044169425964 -0.39225298166275024 0.7812360525131226 2.649523973464966 -0.5881913304328918 -0.807734489440918 -0.03994987905025482 11.79038143157959 0.0 0.0 0.0 1.0
0.6969189643859863 -0.4196808338165283 -0.5815255045890808 -0.33577263355255127 0.45129066705703735 -0.37355148792266846 0.8104295134544373 2.650702953338623 -0.5573514699935913 -0.8272407650947571 -0.07093708962202072 11.812296867370605 0.0 0.0 0.0 1.0
0.7533268928527832 -0.3904913067817688 -0.5291646122932434 -0.6700385212898254 0.41028374433517456 -0.34978818893432617 0.8422086834907532 2.6275057792663574 -0.513970673084259 -0.8515660762786865 -0.10329259932041168 11.799290657043457 0.0 0.0 0.0 1.0
0.7843263745307922 -0.3598368167877197 -0.5053213238716125 -0.40183332562446594 0.400364488363266 -0.3285987377166748 0.8554128408432007 2.6253998279571533 -0.47385698556900024 -0.8732355833053589 -0.11366277188062668 12.011199951171875 0.0 0.0 0.0 1.0
0.7930675148963928 -0.35942885279655457 -0.491787314414978 -0.343331515789032 0.3871488571166992 -0.32588738203048706 0.8625040054321289 2.7701454162597656 -0.4702761173248291 -0.8744188547134399 -0.11929824203252792 11.886775970458984 0.0 0.0 0.0 1.0
0.796587347984314 -0.3623191714286804 -0.48391470313072205 -0.3887709379196167 0.376493901014328 -0.3289492726325989 0.866051197052002 2.5000622272491455 -0.4729703366756439 -0.8720763921737671 -0.1256258636713028 11.987042427062988 0.0 0.0 0.0 1.0
0.779256284236908 -0.3678758442401886 -0.5073726177215576 -0.04153141379356384 0.4015313982963562 -0.32852068543434143 0.8548957109451294 2.196235418319702 -0.4811778664588928 -0.8699089288711548 -0.10828811675310135 11.842358589172363 0.0 0.0 0.0 1.0
0.7660995125770569 -0.37130072712898254 -0.5246210694313049 -0.14114437997341156 0.4218877851963043 -0.325272798538208 0.8462908864021301 2.0597386360168457 -0.4848734140396118 -0.8696742653846741 -0.09254410117864609 11.7987060546875 0.0 0.0 0.0 1.0
0.7668892741203308 -0.36855554580688477 -0.5254023671150208 -0.18475644290447235 0.4221004545688629 -0.3270273804664612 0.8455082774162292 2.3155839443206787 -0.48343774676322937 -0.8701838254928589 -0.09522633999586105 12.127474784851074 0.0 0.0 0.0 1.0
0.7752752304077148 -0.36830320954322815 -0.5131286978721619 0.2429361492395401 0.4084300398826599 -0.32737284898757935 0.8520633578300476 2.3882627487182617 -0.4818020761013031 -0.8701607584953308 -0.10337797552347183 11.831836700439453 0.0 0.0 0.0 1.0
0.8130698204040527 -0.32970505952835083 -0.479804128408432 0.04363430291414261 0.3859913647174835 -0.3116636276245117 0.8682605624198914 2.0884525775909424 -0.43580740690231323 -0.8911567330360413 -0.1261409968137741 11.682064056396484 0.0 0.0 0.0 1.0
0.8547585010528564 -0.2960014343261719 -0.42634615302085876 0.4913868308067322 0.3421894311904907 -0.2962415814399719 0.8917103409767151 2.034205675125122 -0.39024901390075684 -0.9080881476402283 -0.1519264578819275 11.679485321044922 0.0 0.0 0.0 1.0
0.8908694982528687 -0.2748027443885803 -0.3617112636566162 0.75076824426651 0.2840501666069031 -0.2843968868255615 0.9156603813171387 2.0120294094085693 -0.3544955551624298 -0.9184780120849609 -0.17530274391174316 11.689764022827148 0.0 0.0 0.0 1.0
0.9222598671913147 -0.2389599233865738 -0.30386659502983093 0.4014802873134613 0.23458324372768402 -0.27882859110832214 0.9312493205070496 2.036088466644287 -0.3072579503059387 -0.9301359057426453 -0.20109641551971436 11.714982032775879 0.0 0.0 0.0 1.0
0.9585843086242676 -0.1801096349954605 -0.2206277996301651 -0.0003729370655491948 0.16767145693302155 -0.2693048119544983 0.9483465552330017 1.766544222831726 -0.23022247850894928 -0.9460631012916565 -0.22795212268829346 11.538668632507324 0.0 0.0 0.0 1.0
0.9793524146080017 -0.12565332651138306 -0.15836679935455322 0.08747844398021698 0.1205022856593132 -0.26615235209465027 0.9563692212104797 1.434487223625183 -0.16232065856456757 -0.9557061195373535 -0.24551543593406677 11.544133186340332 0.0 0.0 0.0 1.0
0.9864699840545654 -0.09816440939903259 -0.1313040405511856 0.20532263815402985 0.10162423551082611 -0.26233163475990295 0.959611713886261 1.7669813632965088 -0.1286449283361435 -0.9599717855453491 -0.2488064020872116 11.470219612121582 0.0 0.0 0.0 1.0
0.9900100231170654 -0.08638729900121689 -0.1114332377910614 -0.1317271888256073 0.08519191294908524 -0.263253778219223 0.9609577655792236 1.6508485078811646 -0.11234977096319199 -0.9608510136604309 -0.2532643973827362 11.275172233581543 0.0 0.0 0.0 1.0
0.9906334280967712 -0.0888194814324379 -0.10371360927820206 -0.07842178642749786 0.07725577056407928 -0.2617146372795105 0.962048351764679 1.6721829175949097 -0.11259200423955917 -0.9610497355461121 -0.2524014413356781 11.296070098876953 0.0 0.0 0.0 1.0
0.9860482811927795 -0.08984043449163437 -0.14013400673866272 0.17025230824947357 0.1131199523806572 -0.2559427320957184 0.960050642490387 1.5615936517715454 -0.12211763858795166 -0.9625082015991211 -0.24220912158489227 11.423151016235352 0.0 0.0 0.0 1.0
0.9857721924781799 -0.0862429067492485 -0.14427530765533447 0.08158175647258759 0.11796591430902481 -0.25647708773612976 0.9593245387077332 1.6265350580215454 -0.11973824352025986 -0.9626950025558472 -0.24265426397323608 11.393365859985352 0.0 0.0 0.0 1.0
0.9886536002159119 -0.07821185141801834 -0.12824556231498718 0.3025241494178772 0.10472568869590759 -0.2531712055206299 0.9617363810539246 1.8381041288375854 -0.10768726468086243 -0.9642547369003296 -0.24210785329341888 11.249567985534668 0.0 0.0 0.0 1.0
0.9976006746292114 -0.04582562297582626 -0.05189365893602371 -0.21235232055187225 0.03867459297180176 -0.2528241276741028 0.9667389988899231 1.7487903833389282 -0.05742138251662254 -0.9664263725280762 -0.2504452168941498 11.409416198730469 0.0 0.0 0.0 1.0
0.9988234043121338 0.01875258795917034 0.044723622500896454 -0.16244345903396606 -0.038450758904218674 -0.255767822265625 0.9659732580184937 1.6249984502792358 0.029553363099694252 -0.9665563702583313 -0.25474581122398376 11.545120239257812 0.0 0.0 0.0 1.0
0.9894353747367859 0.07404832541942596 0.12463746219873428 -0.1154688224196434 -0.10209117084741592 -0.2545192837715149 0.9616638422012329 1.558302640914917 0.10293223708868027 -0.9642285704612732 -0.2442706823348999 11.466909408569336 0.0 0.0 0.0 1.0
0.9767680764198303 0.11942516267299652 0.17793744802474976 -0.21055780351161957 -0.14245691895484924 -0.25844907760620117 0.9554632902145386 1.5595781803131104 0.16009412705898285 -0.9586144685745239 -0.23543186485767365 11.906656265258789 0.0 0.0 0.0 1.0
0.9574576616287231 0.1670556664466858 0.23530243337154388 -0.16242659091949463 -0.1857551634311676 -0.26721933484077454 0.9455627202987671 2.269056797027588 0.22083896398544312 -0.9490448832511902 -0.22481974959373474 12.391108512878418 0.0 0.0 0.0 1.0
0.937802791595459 0.20112068951129913 0.282977819442749 0.09811513125896454 -0.2240206003189087 -0.2721240818500519 0.9358222484588623 2.5667624473571777 0.2652182877063751 -0.941009521484375 -0.21014352142810822 12.462240219116211 0.0 0.0 0.0 1.0
0.9248591065406799 0.22859349846839905 0.303941935300827 0.10436698794364929 -0.23489926755428314 -0.2851714491844177 0.9292467832565308 2.2675771713256836 0.2990953326225281 -0.9308180809020996 -0.21004696190357208 12.348422050476074 0.0 0.0 0.0 1.0
0.9123376607894897 0.25239482522010803 0.32239240407943726 -0.3048669695854187 -0.24546174705028534 -0.2930464446544647 0.9240521192550659 2.167100429534912 0.3277018964290619 -0.922182559967041 -0.20540402829647064 12.164058685302734 0.0 0.0 0.0 1.0
0.9077407121658325 0.2514778673648834 0.3358060419559479 -0.5605021715164185 -0.2582942843437195 -0.2957392930984497 0.9196860194206238 2.210397243499756 0.33059170842170715 -0.9215732216835022 -0.20349930226802826 12.313657760620117 0.0 0.0 0.0 1.0
0.9168052077293396 0.2461174726486206 0.31447479128837585 -0.07113567739725113 -0.23796869814395905 -0.2956813871860504 0.9251720905303955 2.061572551727295 0.32068535685539246 -0.9230377674102783 -0.2125139832496643 12.297354698181152 0.0 0.0 0.0 1.0
0.9260094165802002 0.23178552091121674 0.29796314239501953 0.26768890023231506 -0.22683869302272797 -0.2892610728740692 0.9299851059913635 1.8483213186264038 0.3017462193965912 -0.9287645220756531 -0.21528054773807526 12.021499633789062 0.0 0.0 0.0 1.0
0.9173212051391602 0.2423407882452011 0.31589993834495544 0.13413096964359283 -0.24133434891700745 -0.2926171123981476 0.9252745509147644 2.0562357902526855 0.3166694939136505 -0.9250114560127258 -0.20993873476982117 12.06591796875 0.0 0.0 0.0 1.0
0.8996618390083313 0.27371498942375183 0.34013035893440247 0.5370383858680725 -0.25440889596939087 -0.3044491112232208 0.9179252982139587 2.2358651161193848 0.35480228066444397 -0.912354588508606 -0.20426572859287262 12.768815994262695 0.0 0.0 0.0 1.0
0.8712571859359741 0.3017895519733429 0.3870839774608612 0.3503618836402893 -0.2917807996273041 -0.3157009482383728 0.9028825163841248 2.156005382537842 0.394683301448822 -0.89958655834198 -0.1870003342628479 13.166618347167969 0.0 0.0 0.0 1.0
0.8338223695755005 0.32919153571128845 0.44314008951187134 0.09196247905492783 -0.33880066871643066 -0.3286096751689911 0.8816063404083252 2.3666558265686035 0.4358374774456024 -0.88523930311203 -0.16247180104255676 13.389630317687988 0.0 0.0 0.0 1.0
0.7981818318367004 0.3533407747745514 0.48790988326072693 0.17750094830989838 -0.3759845793247223 -0.3406154215335846 0.8617521524429321 2.3113110065460205 0.4706818163394928 -0.8712815046310425 -0.1390223652124405 13.388652801513672 0.0 0.0 0.0 1.0
0.7469483017921448 0.3879745304584503 0.5399481654167175 -0.18920955061912537 -0.4120658338069916 -0.36719852685928345 0.8338866829872131 2.307100296020508 0.5217949748039246 -0.8453644514083862 -0.11440727859735489 13.475170135498047 0.0 0.0 0.0 1.0
0.6866154670715332 0.399109810590744 0.6076763868331909 -0.5559975504875183 -0.45691752433776855 -0.41325005888938904 0.7876870036125183 2.3668386936187744 0.5654959082603455 -0.81849604845047 -0.10138360410928726 14.187185287475586 0.0 0.0 0.0 1.0
0.6534527540206909 0.4064565598964691 0.6385863423347473 0.11786597967147827 -0.46986085176467896 -0.4436294138431549 0.7631669044494629 2.1972134113311768 0.5934898853302002 -0.7987402677536011 -0.09891284257173538 14.643749237060547 0.0 0.0 0.0 1.0
0.6357465982437134 0.41279369592666626 0.6522480845451355 0.002550984499976039 -0.48576822876930237 -0.4427282214164734 0.7536716461181641 2.0418927669525146 0.5998795628547668 -0.7959856390953064 -0.08094090223312378 14.595173835754395 0.0 0.0 0.0 1.0
0.6258586049079895 0.4139828383922577 0.6609986424446106 -0.47365251183509827 -0.4966442584991455 -0.44193029403686523 0.7470221519470215 1.932133674621582 0.6013696789741516 -0.7958114147186279 -0.07098368555307388 14.607819557189941 0.0 0.0 0.0 1.0
0.6411787867546082 0.4108053147792816 0.6481733918190002 -0.378961443901062 -0.4846826493740082 -0.438060462474823 0.7570903301239014 2.065444231033325 0.5949558615684509 -0.799588680267334 -0.08176487684249878 14.509125709533691 0.0 0.0 0.0 1.0
0.6566840410232544 0.41165703535079956 0.6319054961204529 -0.20119807124137878 -0.46650269627571106 -0.4366300106048584 0.7692395448684692 1.944128394126892 0.5925717949867249 -0.7999329566955566 -0.09468884021043777 14.182560920715332 0.0 0.0 0.0 1.0
0.6589106917381287 0.41223976016044617 0.6292018890380859 -0.2618434429168701 -0.46621060371398926 -0.43262943625450134 0.7716731429100037 2.009613275527954 0.590325653553009 -0.8018043041229248 -0.09287364035844803 14.187809944152832 0.0 0.0 0.0 1.0
0.646937906742096 0.4153716564178467 0.6394823789596558 -0.2539058327674866 -0.47368085384368896 -0.43828877806663513 0.7638909816741943 2.2513887882232666 0.5975766181945801 -0.7971006035804749 -0.08679203689098358 14.062131881713867 0.0 0.0 0.0 1.0
0.5980300903320312 0.4298189878463745 0.6764729619026184 -0.7388944625854492 -0.5046824812889099 -0.4537324607372284 0.7344538569450378 2.3090603351593018 0.6226199269294739 -0.780629575252533 -0.05442357063293457 13.853658676147461 0.0 0.0 0.0 1.0
0.521651566028595 0.459476500749588 0.7188608646392822 -0.6446707248687744 -0.535480260848999 -0.479623943567276 0.6951415538787842 2.5732874870300293 0.6641840934753418 -0.7475574612617493 -0.004155992064625025 14.144691467285156 0.0 0.0 0.0 1.0
0.44030705094337463 0.4807264804840088 0.758308470249176 -0.9986806511878967 -0.5724252462387085 -0.5003709197044373 0.6495831608772278 2.5357015132904053 0.6917073726654053 -0.7200909852981567 0.0548630990087986 14.636431694030762 0.0 0.0 0.0 1.0
0.3504661023616791 0.502041220664978 0.7906504273414612 -1.8959141969680786 -0.5962380766868591 -0.5314293503761292 0.6017332673072815 2.6159145832061768 0.7222697734832764 -0.6823030114173889 0.11308812350034714 14.923966407775879 0.0 0.0 0.0 1.0
0.2725082337856293 0.5160369277000427 0.8120622634887695 -1.98294997215271 -0.6086165904998779 -0.5612419247627258 0.5608862638473511 2.9648923873901367 0.7452014088630676 -0.6470807194709778 0.16112560033798218 15.252144813537598 0.0 0.0 0.0 1.0
0.22237493097782135 0.5280258655548096 0.8195962905883789 -1.398650884628296 -0.607297956943512 -0.5826230645179749 0.5401291847229004 3.0652060508728027 0.7627179026603699 -0.6178503632545471 0.19110827147960663 15.51196575164795 0.0 0.0 0.0 1.0
0.20751385390758514 0.5334182977676392 0.8200017809867859 -0.9714890122413635 -0.6038703322410583 -0.5896170735359192 0.5363695621490479 3.2158844470977783 0.7695963978767395 -0.6064788699150085 0.1997617781162262 15.46054744720459 0.0 0.0 0.0 1.0
0.21207790076732635 0.5285519957542419 0.8219828009605408 -0.6852561235427856 -0.6146388053894043 -0.5817828178405762 0.5326799154281616 2.961336851119995 0.7597644925117493 -0.618192195892334 0.2014852911233902 14.999366760253906 0.0 0.0 0.0 1.0
0.2230118215084076 0.5255810022354126 0.8209934830665588 -0.19260826706886292 -0.6165176630020142 -0.5763307213783264 0.5364222526550293 2.638010263442993 0.7550971508026123 -0.6257855296134949 0.1955014020204544 14.713536262512207 0.0 0.0 0.0 1.0
0.25012972950935364 0.5244061946868896 0.8139000535011292 0.26076823472976685 -0.6004311442375183 -0.5754427313804626 0.5552910566329956 2.4933695793151855 0.7595508694648743 -0.6275857090950012 0.17093448340892792 14.550366401672363 0.0 0.0 0.0 1.0
0.24605007469654083 0.5322323441505432 0.810054361820221 0.2248857021331787 -0.5961782932281494 -0.5758482217788696 0.5594374537467957 2.42399525642395 0.7642190456390381 -0.6205865144729614 0.17561788856983185 14.426889419555664 0.0 0.0 0.0 1.0
0.23008911311626434 0.5379874110221863 0.8109430074691772 -0.13952331244945526 -0.5951157808303833 -0.5815452337265015 0.5546550750732422 2.5239057540893555 0.7699975371360779 -0.6102250814437866 0.18635757267475128 14.291668891906738 0.0 0.0 0.0 1.0
0.21379195153713226 0.5361791253089905 0.8165812492370605 0.26128968596458435 -0.6053766012191772 -0.5833314657211304 0.5415197014808655 3.1956851482391357 0.766689121723175 -0.6101117134094238 0.1998787373304367 14.205737113952637 0.0 0.0 0.0 1.0
0.13219189643859863 0.5354382991790771 0.8341649174690247 -0.07079571485519409 -0.6203608512878418 -0.6116689443588257 0.49093130230903625 3.4446041584014893 0.7730962038040161 -0.5823803544044495 0.25130730867385864 14.401809692382812 0.0 0.0 0.0 1.0
0.001604644232429564 0.5385555028915405 0.842588484287262 -1.2554467916488647 -0.6360573172569275 -0.649627149105072 0.41643208265304565 3.627413034439087 0.7716401219367981 -0.536602795124054 0.34150972962379456 14.459405899047852 0.0 0.0 0.0 1.0
-0.0827128142118454 0.5326142907142639 0.8423067331314087 -1.4453818798065186 -0.633467972278595 -0.6805792450904846 0.3681442141532898 3.500119209289551 0.7693353295326233 -0.5031241178512573 0.3936867415904999 14.52995777130127 0.0 0.0 0.0 1.0
-0.13982583582401276 0.5320471525192261 0.8350895643234253 -1.0402426719665527 -0.6261034607887268 -0.7008789777755737 0.34170615673065186 3.4506008625030518 0.7671005129814148 -0.4750731289386749 0.43111756443977356 14.620796203613281 0.0 0.0 0.0 1.0
-0.17843970656394958 0.526780903339386 0.8310602307319641 -1.0424869060516357 -0.6138339638710022 -0.7197040915489197 0.3243976831436157 3.4071781635284424 0.7690039873123169 -0.45224758982658386 0.4517798125743866 14.794655799865723 0.0 0.0 0.0 1.0
-0.22027462720870972 0.5188725590705872 0.8259844779968262 -0.8993647694587708 -0.6015253663063049 -0.7388617992401123 0.3037276566028595 3.071883201599121 0.7678843140602112 -0.4299471378326416 0.4748675227165222 15.066078186035156 0.0 0.0 0.0 1.0
-0.23861397802829742 0.5231236219406128 0.8181717991828918 -0.6844983100891113 -0.6040380001068115 -0.7396459579467773 0.29675230383872986 3.122825860977173 0.7603955864906311 -0.42339760065078735 0.4924764037132263 15.116120338439941 0.0 0.0 0.0 1.0
-0.23895348608493805 0.522024929523468 0.8187742233276367 -1.0258936882019043 -0.6145723462104797 -0.7341334819793701 0.28870201110839844 2.6602632999420166 0.7517992258071899 -0.4342096447944641 0.4962458312511444 15.11116886138916 0.0 0.0 0.0 1.0
-0.22278961539268494 0.5216895341873169 0.8235319256782532 -0.8659395575523376 -0.6063330769538879 -0.735640823841095 0.30198150873184204 2.696183204650879 0.7633642554283142 -0.4320562779903412 0.4802107512950897 14.952167510986328 0.0 0.0 0.0 1.0
-0.2000466287136078 0.521020770072937 0.8297702670097351 -0.35134074091911316 -0.5983054041862488 -0.735612690448761 0.3176548182964325 2.529395818710327 0.775894284248352 -0.4329102635383606 0.45888638496398926 14.724774360656738 0.0 0.0 0.0 1.0
-0.2098737508058548 0.520010232925415 0.8279748558998108 -0.5419747829437256 -0.5874397158622742 -0.7440113425254822 0.31837359070777893 2.7099437713623047 0.7815802097320557 -0.4195670485496521 0.46162310242652893 14.848429679870605 0.0 0.0 0.0 1.0
