-0.9821407794952393 -0.18707533180713654 -0.02005895972251892 1.3479621410369873 0.18067337572574615 -0.9675005078315735 0.1769179254770279 1.0985223054885864 -0.0525040328502655 0.17013418674468994 0.9840211868286133 14.066046714782715 0.0 0.0 0.0 1.0
-0.9788836240768433 -0.2026718556880951 -0.026663027703762054 1.3224438428878784 0.1948796659708023 -0.9646133184432983 0.17760351300239563 1.1034497022628784 -0.06171474605798721 0.1686570942401886 0.9837408661842346 14.025500297546387 0.0 0.0 0.0 1.0
-0.9759360551834106 -0.2157599776983261 -0.03156710043549538 1.3121638298034668 0.20688000321388245 -0.9619117379188538 0.17867979407310486 1.1112698316574097 -0.06891670823097229 0.16784943640232086 0.9834007620811462 13.917529106140137 0.0 0.0 0.0 1.0
-0.9728232622146606 -0.22871626913547516 -0.03610723838210106 1.295498251914978 0.21887929737567902 -0.9592190384864807 0.1788594275712967 1.1358333826065063 -0.07554280757904053 0.16609548032283783 0.983211874961853 13.891892433166504 0.0 0.0 0.0 1.0
-0.9685900807380676 -0.2453072965145111 -0.04071294888854027 1.2535840272903442 0.23423348367214203 -0.9550346732139587 0.18177856504917145 1.1624118089675903 -0.08347388356924057 0.16653257608413696 0.9824963212013245 13.810133934020996 0.0 0.0 0.0 1.0
-0.9644914865493774 -0.2602621614933014 -0.0449417345225811 1.2220367193222046 0.2480102777481079 -0.9509842991828918 0.18471525609493256 1.1736668348312378 -0.09081327170133591 0.16701029241085052 0.9817639589309692 13.803823471069336 0.0 0.0 0.0 1.0
-0.955711841583252 -0.2892973721027374 -0.054054390639066696 1.1634833812713623 0.274753212928772 -0.9428712725639343 0.18842625617980957 1.223799467086792 -0.10547755658626556 0.16522958874702454 0.9805986285209656 13.73093318939209 0.0 0.0 0.0 1.0
-0.9505818486213684 -0.3055449426174164 -0.055103763937950134 1.1381809711456299 0.2896648645401001 -0.9366729259490967 0.1968199759721756 1.1794509887695312 -0.11175154894590378 0.17113186419010162 0.9788899421691895 13.22630500793457 0.0 0.0 0.0 1.0
-0.9475369453430176 -0.3146957457065582 -0.05603889748454094 1.1058273315429688 0.298078328371048 -0.9332244992256165 0.20060256123542786 1.1301345825195312 -0.11542563885450363 0.17337435483932495 0.9780686497688293 13.063315391540527 0.0 0.0 0.0 1.0
-0.9381932616233826 -0.34058088064193726 -0.06162869930267334 1.0253210067749023 0.3220060169696808 -0.9241905212402344 0.20538732409477234 1.0345134735107422 -0.12690766155719757 0.172848179936409 0.976738452911377 13.064159393310547 0.0 0.0 0.0 1.0
-0.9285549521446228 -0.36541318893432617 -0.06526071578264236 0.9759403467178345 0.34485089778900146 -0.914269208908081 0.21257857978343964 0.934059202671051 -0.13734488189220428 0.17488567531108856 0.9749622344970703 12.921363830566406 0.0 0.0 0.0 1.0
-0.9210651516914368 -0.3837290108203888 -0.06626465916633606 0.9642295837402344 0.3617059290409088 -0.906097948551178 0.21944309771060944 0.7893470525741577 -0.14424896240234375 0.17815306782722473 0.9733723402023315 12.641013145446777 0.0 0.0 0.0 1.0
-0.9181467890739441 -0.39050012826919556 -0.06720225512981415 0.9671284556388855 0.3680318295955658 -0.9032755494117737 0.2205580472946167 0.7045575976371765 -0.14683009684085846 0.17777208983898163 0.9730560183525085 12.69616413116455 0.0 0.0 0.0 1.0
-0.908667266368866 -0.4116488993167877 -0.06977833062410355 1.00566565990448 0.3879372477531433 -0.8941977620124817 0.22341671586036682 0.6391807198524475 -0.15436486899852753 0.1759418398141861 0.9722221493721008 13.063173294067383 0.0 0.0 0.0 1.0
-0.9014403820037842 -0.42730262875556946 -0.06940986216068268 1.0962527990341187 0.402427077293396 -0.8862327933311462 0.22944264113903046 0.5213112235069275 -0.15955473482608795 0.1788964569568634 0.9708441495895386 13.035369873046875 0.0 0.0 0.0 1.0
-0.8988416790962219 -0.43257030844688416 -0.07047411054372787 1.1473352909088135 0.4073359966278076 -0.8838646411895752 0.2299146056175232 0.45531997084617615 -0.16174380481243134 0.1779501736164093 0.9706557989120483 13.071161270141602 0.0 0.0 0.0 1.0
-0.8926771879196167 -0.4448590874671936 -0.07230385392904282 1.2130602598190308 0.4189145863056183 -0.8781569004058838 0.230978325009346 0.3411458432674408 -0.1662469357252121 0.175899937748909 0.9702686071395874 13.146120071411133 0.0 0.0 0.0 1.0
-0.8795996904373169 -0.46915438771247864 -0.07873115688562393 1.174096703529358 0.4408746659755707 -0.8661085367202759 0.23555369675159454 0.35531744360923767 -0.1787007749080658 0.17248238623142242 0.9686670303344727 13.376212120056152 0.0 0.0 0.0 1.0
-0.8713177442550659 -0.4838094413280487 -0.08205963671207428 1.1396478414535522 0.4538630247116089 -0.8581113219261169 0.2401110827922821 0.37869641184806824 -0.18658430874347687 0.1719692200422287 0.9672708511352539 13.445392608642578 0.0 0.0 0.0 1.0
-0.8426827192306519 -0.5303453207015991 -0.09284215420484543 1.049335241317749 0.49547266960144043 -0.8313429951667786 0.25174522399902344 0.44502753019332886 -0.2106955647468567 0.1661406010389328 0.9633299708366394 13.507265090942383 0.0 0.0 0.0 1.0
-0.8039903044700623 -0.5858285427093506 -0.10200280696153641 1.0046993494033813 0.5458868741989136 -0.7951547503471375 0.2640765905380249 0.413062185049057 -0.23581162095069885 0.15663301944732666 0.9590927958488464 13.330853462219238 0.0 0.0 0.0 1.0
-0.7815830111503601 -0.6142027378082275 -0.10900910943746567 0.9826502203941345 0.5715435147285461 -0.7751038074493408 0.26935499906539917 0.3357650935649872 -0.2499319463968277 0.14821983873844147 0.9568515419960022 13.294087409973145 0.0 0.0 0.0 1.0
-0.7390722632408142 -0.6607497334480286 -0.13107997179031372 0.9443393349647522 0.6124626994132996 -0.7401395440101624 0.27763813734054565 0.24419823288917542 -0.28046679496765137 0.1249130591750145 0.9517011642456055 14.189481735229492 0.0 0.0 0.0 1.0
-0.6877158880233765 -0.7090141177177429 -0.15603166818618774 0.8133658766746521 0.6547850370407104 -0.6985992193222046 0.2884713411331177 0.2209562063217163 -0.31353387236595154 0.09621912240982056 0.9446895718574524 14.698850631713867 0.0 0.0 0.0 1.0
-0.6354773640632629 -0.7514816522598267 -0.1773240715265274 0.7315270304679871 0.6934583187103271 -0.65647292137146 0.2969156503677368 0.30129459500312805 -0.339535117149353 0.06571631878614426 0.9382948875427246 14.959482192993164 0.0 0.0 0.0 1.0
-0.6136489510536194 -0.7683696746826172 -0.18177738785743713 0.7612465023994446 0.7086502909660339 -0.6374871134757996 0.30236557126045227 0.3263169229030609 -0.3482092618942261 0.05672971159219742 0.9356986880302429 14.806217193603516 0.0 0.0 0.0 1.0
-0.5739940404891968 -0.7957091927528381 -0.19333328306674957 0.9065887928009033 0.733311653137207 -0.604561448097229 0.3110618591308594 0.344535768032074 -0.3643966317176819 0.03677411004900932 0.9305174946784973 15.136277198791504 0.0 0.0 0.0 1.0
-0.5357202887535095 -0.8215771317481995 -0.19497373700141907 1.074116587638855 0.7565695643424988 -0.569567084312439 0.3212410509586334 0.4343450963497162 -0.37497493624687195 0.02458416484296322 0.9267089366912842 15.058940887451172 0.0 0.0 0.0 1.0
-0.5138158798217773 -0.8348181247711182 -0.19766627252101898 1.1031166315078735 0.7688037753105164 -0.550310492515564 0.3257286548614502 0.4632189869880676 -0.3807019889354706 0.015397978015244007 0.9245695471763611 14.991874694824219 0.0 0.0 0.0 1.0
-0.4741053581237793 -0.8574399352073669 -0.2000521868467331 1.1165672540664673 0.7891688346862793 -0.5145829319953918 0.335286408662796 0.4767400622367859 -0.39043140411376953 0.0010861362097784877 0.9206313490867615 14.741025924682617 0.0 0.0 0.0 1.0
-0.4410068094730377 -0.8740231394767761 -0.20395219326019287 1.0857490301132202 0.8043764233589172 -0.4857059419155121 0.34215250611305237 0.41078251600265503 -0.398110032081604 -0.013162742368876934 0.917243242263794 14.629239082336426 0.0 0.0 0.0 1.0
-0.4296236038208008 -0.8786314129829407 -0.20839959383010864 1.0923540592193604 0.8090548515319824 -0.4770338535308838 0.34332045912742615 0.3818490207195282 -0.40106579661369324 -0.02110813744366169 0.9158060550689697 14.692420959472656 0.0 0.0 0.0 1.0
-0.4080212116241455 -0.88810133934021 -0.21164754033088684 1.1082737445831299 0.8179075121879578 -0.4585784077644348 0.3474667966365814 0.3255806863307953 -0.40564271807670593 -0.031334288418293 0.9134944677352905 14.506413459777832 0.0 0.0 0.0 1.0
-0.3935263752937317 -0.8930521607398987 -0.21816228330135345 1.189606785774231 0.8232972025871277 -0.44794827699661255 0.3486030101776123 0.3332329988479614 -0.40904611349105835 -0.042427919805049896 0.9115267992019653 15.12709903717041 0.0 0.0 0.0 1.0
-0.38706788420677185 -0.8952129483222961 -0.22084438800811768 1.2499874830245972 0.8253941535949707 -0.4431634545326233 0.34975796937942505 0.36199647188186646 -0.4109780192375183 -0.046903595328330994 0.9104378819465637 15.182010650634766 0.0 0.0 0.0 1.0
-0.35085737705230713 -0.9103388786315918 -0.2195044755935669 1.4084317684173584 0.8423664569854736 -0.40921276807785034 0.35066166520118713 0.5134525299072266 -0.4090449810028076 -0.06187097728252411 0.9104142785072327 15.003232955932617 0.0 0.0 0.0 1.0
-0.32000404596328735 -0.9211337566375732 -0.2216077297925949 1.5013093948364258 0.8551589846611023 -0.3815115690231323 0.35093024373054504 0.7375985980033875 -0.407799631357193 -0.07721073925495148 0.9098010659217834 15.09142017364502 0.0 0.0 0.0 1.0
-0.29574912786483765 -0.9298672080039978 -0.2188136726617813 1.476459264755249 0.8632505536079407 -0.35824307799339294 0.35561272501945496 0.9035936594009399 -0.40906110405921936 -0.08371886610984802 0.9086584448814392 14.961673736572266 0.0 0.0 0.0 1.0
-0.26600387692451477 -0.9415743947029114 -0.20659053325653076 1.4249812364578247 0.8726806044578552 -0.3262525498867035 0.36330127716064453 1.0829423666000366 -0.4094758629798889 -0.08364799618721008 0.9084781408309937 14.311081886291504 0.0 0.0 0.0 1.0
-0.23477637767791748 -0.9506080150604248 -0.20303793251514435 1.3911343812942505 0.8809151649475098 -0.29637470841407776 0.3689858317375183 1.131191611289978 -0.4109362065792084 -0.09223002940416336 0.9069867730140686 13.91694164276123 0.0 0.0 0.0 1.0
-0.16344702243804932 -0.9652581214904785 -0.20386730134487152 1.2537016868591309 0.8948980569839478 -0.23204417526721954 0.3811993896961212 1.1835492849349976 -0.41526201367378235 -0.12013454735279083 0.9017345309257507 13.739761352539062 0.0 0.0 0.0 1.0
-0.12425657361745834 -0.9707349538803101 -0.2055090069770813 1.1915804147720337 0.9001543521881104 -0.19741903245449066 0.3882625699043274 1.1865748167037964 -0.41747143864631653 -0.1367456614971161 0.898341953754425 13.63846206665039 0.0 0.0 0.0 1.0
-0.04706498607993126 -0.9766987562179565 -0.20939065515995026 1.1528326272964478 0.9064517617225647 -0.1298324167728424 0.40185660123825073 1.0730122327804565 -0.41967853903770447 -0.17088915407657623 0.8914408683776855 13.575056076049805 0.0 0.0 0.0 1.0
0.032612353563308716 -0.9745690226554871 -0.22170178592205048 1.163290023803711 0.9067679047584534 -0.06444486230611801 0.41667595505714417 0.8618420362472534 -0.4203670024871826 -0.21462085843086243 0.8816061615943909 14.105113983154297 0.0 0.0 0.0 1.0
0.07321172207593918 -0.9700924158096313 -0.23143206536769867 1.1679224967956543 0.9048410058021545 -0.032977405935525894 0.42447054386138916 0.7919601798057556 -0.4194076955318451 -0.24048544466495514 0.8753650188446045 14.462258338928223 0.0 0.0 0.0 1.0
0.1495235413312912 -0.957453727722168 -0.24683012068271637 1.1871263980865479 0.8966777920722961 0.02610773965716362 0.4419131875038147 0.705966055393219 -0.41666725277900696 -0.28740352392196655 0.8624312281608582 14.9091157913208 0.0 0.0 0.0 1.0
0.20608264207839966 -0.9456527233123779 -0.25153711438179016 1.2549077272415161 0.8878710269927979 0.07264415919780731 0.4543212652206421 0.6784502267837524 -0.41135743260383606 -0.31696024537086487 0.8545883297920227 14.759620666503906 0.0 0.0 0.0 1.0
0.2296508252620697 -0.9399847984313965 -0.2523669898509979 1.3038506507873535 0.8832190632820129 0.0923406109213829 0.45977964997291565 0.6614251136779785 -0.40888214111328125 -0.32848411798477173 0.8514185547828674 14.842174530029297 0.0 0.0 0.0 1.0
0.2760809361934662 -0.926957905292511 -0.25402432680130005 1.3518472909927368 0.8726914525032043 0.13101914525032043 0.47036537528038025 0.6343216300010681 -0.4027268588542938 -0.35154375433921814 0.8451201319694519 15.154838562011719 0.0 0.0 0.0 1.0
0.3224559426307678 -0.9114556312561035 -0.2554815709590912 1.320828914642334 0.8602429032325745 0.16955001652240753 0.4808689057826996 0.585798978805542 -0.3949737548828125 -0.3748352527618408 0.838745653629303 15.167739868164062 0.0 0.0 0.0 1.0
0.34508004784584045 -0.9026262164115906 -0.25726568698883057 1.279174566268921 0.8535802364349365 0.1878325194120407 0.48592156171798706 0.5483178496360779 -0.39028269052505493 -0.3872787356376648 0.8352811336517334 15.154681205749512 0.0 0.0 0.0 1.0
0.3798462450504303 -0.8870840072631836 -0.2622952461242676 1.2418491840362549 0.8418049812316895 0.21392302215099335 0.49558183550834656 0.48491913080215454 -0.3835117220878601 -0.40904635190963745 0.8280095458030701 15.131365776062012 0.0 0.0 0.0 1.0
0.41012144088745117 -0.872854471206665 -0.264434278011322 1.2848832607269287 0.8307222723960876 0.23784239590168 0.5033205151557922 0.44499796628952026 -0.3764318823814392 -0.4260939657688141 0.8226438760757446 14.876605033874512 0.0 0.0 0.0 1.0
0.438348650932312 -0.856744647026062 -0.27173343300819397 1.375402569770813 0.8198636770248413 0.2572406232357025 0.5115181803703308 0.44584986567497253 -0.3683395981788635 -0.4470076560974121 0.8151748776435852 15.101760864257812 0.0 0.0 0.0 1.0
0.44891807436943054 -0.8498058319091797 -0.2762293219566345 1.4387153387069702 0.815593421459198 0.2633764445781708 0.515208899974823 0.5089423060417175 -0.3650752007961273 -0.4565773904323578 0.8113304972648621 15.325210571289062 0.0 0.0 0.0 1.0
0.4644017517566681 -0.842773973941803 -0.2721453309059143 1.5804994106292725 0.8098195791244507 0.27971264719963074 0.5157064199447632 0.6081770062446594 -0.3585014343261719 -0.45988354086875916 0.8123939037322998 14.96946907043457 0.0 0.0 0.0 1.0
0.4788367748260498 -0.8321724534034729 -0.27965036034584045 1.634940266609192 0.8026193380355835 0.2859082818031311 0.5235061049461365 0.822688639163971 -0.3556930124759674 -0.4751267731189728 0.8048211336135864 15.527112007141113 0.0 0.0 0.0 1.0
0.4873619079589844 -0.830348789691925 -0.2701837420463562 1.6490504741668701 0.7980133891105652 0.29793214797973633 0.5238425731658936 0.9120856523513794 -0.35447561740875244 -0.4709111750125885 0.8078302145004272 15.274171829223633 0.0 0.0 0.0 1.0
0.5074179768562317 -0.8198705315589905 -0.26521554589271545 1.6071722507476807 0.7874016761779785 0.31613314151763916 0.5292055010795593 1.0020285844802856 -0.3500365614891052 -0.4773595333099365 0.8059790730476379 14.595252990722656 0.0 0.0 0.0 1.0
0.5609232783317566 -0.7865029573440552 -0.25841474533081055 1.4876751899719238 0.75697922706604 0.3608860671520233 0.5447418689727783 1.1767483949661255 -0.3351828157901764 -0.5011729598045349 0.7977957725524902 14.672294616699219 0.0 0.0 0.0 1.0
0.5920863151550293 -0.7649809122085571 -0.25345227122306824 1.440754771232605 0.7376672625541687 0.3878415524959564 0.5526535511016846 1.2363643646240234 -0.3244701027870178 -0.5141820311546326 0.7939370274543762 14.99755573272705 0.0 0.0 0.0 1.0
0.6599566340446472 -0.7098382115364075 -0.24614408612251282 1.3274636268615723 0.690436065196991 0.4438367486000061 0.5712328553199768 1.3075460195541382 -0.2962351143360138 -0.5469356775283813 0.7830109000205994 15.367475509643555 0.0 0.0 0.0 1.0
0.7217609286308289 -0.648592472076416 -0.2416382133960724 1.245246171951294 0.637626051902771 0.4872666597366333 0.5966609120368958 1.3972234725952148 -0.26924750208854675 -0.5847213268280029 0.765249490737915 16.070384979248047 0.0 0.0 0.0 1.0
0.7488163113594055 -0.6200694441795349 -0.23406843841075897 1.1896740198135376 0.610942542552948 0.5088571906089783 0.606476366519928 1.4163120985031128 -0.2569500207901001 -0.5971417427062988 0.7598673701286316 16.030208587646484 0.0 0.0 0.0 1.0
0.7918041348457336 -0.5684360861778259 -0.2234427034854889 1.1001598834991455 0.5636370778083801 0.5391141176223755 0.6258348226547241 1.3616280555725098 -0.23528598248958588 -0.6214791536331177 0.7472644448280334 15.715690612792969 0.0 0.0 0.0 1.0
0.8214108347892761 -0.5278546214103699 -0.21599476039409637 1.1436983346939087 0.5255993604660034 0.5535632967948914 0.6459977030754089 1.3633230924606323 -0.2214260846376419 -0.6441562175750732 0.7321429252624512 16.368484497070312 0.0 0.0 0.0 1.0
0.8320879340171814 -0.5116223096847534 -0.21417810022830963 1.1806176900863647 0.5112181305885315 0.5576660633087158 0.6539607048034668 1.4300650358200073 -0.21514102816581726 -0.6536445617675781 0.7255777716636658 16.93903350830078 0.0 0.0 0.0 1.0
0.8615955114364624 -0.46571260690689087 -0.20190317928791046 1.071315884590149 0.4686804711818695 0.5771594047546387 0.6687493324279785 1.5920814275741577 -0.19491466879844666 -0.6708195209503174 0.7155483365058899 17.38051986694336 0.0 0.0 0.0 1.0
0.8868622183799744 -0.4221687614917755 -0.18774692714214325 0.9266276359558105 0.4286474883556366 0.6001268029212952 0.6753585338592529 1.6473979949951172 -0.17244330048561096 -0.6794272065162659 0.7131913900375366 16.654499053955078 0.0 0.0 0.0 1.0
0.9001404643058777 -0.3960053324699402 -0.1814577877521515 0.8738492131233215 0.40645888447761536 0.6137729287147522 0.6768115758895874 1.5387470722198486 -0.15664713084697723 -0.6829806566238403 0.7134417295455933 15.793495178222656 0.0 0.0 0.0 1.0
0.9056338667869568 -0.3843889534473419 -0.17908771336078644 0.8743151426315308 0.39646223187446594 0.6176213622093201 0.6792359948158264 1.462210774421692 -0.1504824310541153 -0.6861406564712524 0.7117345333099365 15.554519653320312 0.0 0.0 0.0 1.0
0.9142494797706604 -0.3629244267940521 -0.18009360134601593 0.856296181678772 0.3812877833843231 0.6204211115837097 0.6853446364402771 1.2589715719223022 -0.13699443638324738 -0.6952434778213501 0.7055983543395996 15.641316413879395 0.0 0.0 0.0 1.0
0.9217799305915833 -0.3415818512439728 -0.1834218055009842 0.793945848941803 0.36697545647621155 0.6160155534744263 0.6970321536064148 1.130144715309143 -0.12510284781455994 -0.7098215818405151 0.6931829452514648 15.894044876098633 0.0 0.0 0.0 1.0
0.9257758855819702 -0.33069103956222534 -0.1832551509141922 0.7782187461853027 0.3588554859161377 0.616025984287262 0.7012379765510559 1.057435393333435 -0.11900319904088974 -0.7149513363838196 0.6889722943305969 15.790977478027344 0.0 0.0 0.0 1.0
0.93476802110672 -0.305437833070755 -0.18142881989479065 0.6879406571388245 0.3385840058326721 0.6113326549530029 0.7152854204177856 1.0477663278579712 -0.10756188631057739 -0.7300548553466797 0.6748706102371216 16.22426986694336 0.0 0.0 0.0 1.0
0.9449851512908936 -0.27852320671081543 -0.17154552042484283 0.5442363023757935 0.3131325840950012 0.6185497641563416 0.7206553816795349 1.1605032682418823 -0.09460978955030441 -0.7347251176834106 0.6717350482940674 16.005176544189453 0.0 0.0 0.0 1.0
0.9504955410957336 -0.26263299584388733 -0.16607853770256042 0.5159783363342285 0.2984601855278015 0.6228547692298889 0.7231690287590027 1.2270712852478027 -0.08648523688316345 -0.7369368076324463 0.6704061627388 15.696305274963379 0.0 0.0 0.0 1.0
0.9626443982124329 -0.22475144267082214 -0.15100529789924622 0.5529412627220154 0.26237156987190247 0.63644939661026 0.7253229022026062 1.324771761894226 -0.06691014021635056 -0.7378475069999695 0.6716428399085999 15.454580307006836 0.0 0.0 0.0 1.0
0.9747000932693481 -0.1810028851032257 -0.13113979995250702 0.5669581294059753 0.21872085332870483 0.6514876484870911 0.7264468669891357 1.4624732732772827 -0.04605301097035408 -0.7367508411407471 0.6745942234992981 15.78879165649414 0.0 0.0 0.0 1.0
0.9801012873649597 -0.15788152813911438 -0.12031139433383942 0.52369225025177 0.19529810547828674 0.6585978269577026 0.7267100811004639 1.4656490087509155 -0.0354972742497921 -0.7357460856437683 0.67632657289505 15.68932819366455 0.0 0.0 0.0 1.0
0.9916206002235413 -0.09163440018892288 -0.0910586565732956 0.2700921893119812 0.12896409630775452 0.6610655188560486 0.7391620874404907 1.4076707363128662 -0.0075369346886873245 -0.744711697101593 0.6673437356948853 15.75999641418457 0.0 0.0 0.0 1.0
0.9969656467437744 -0.04022844880819321 -0.06664169579744339 0.15268680453300476 0.07649076730012894 0.6651252508163452 0.7428038716316223 1.2782663106918335 0.014443227089941502 -0.7456474304199219 0.66618412733078 15.337862968444824 0.0 0.0 0.0 1.0
0.9988648891448975 0.0017252841498702765 -0.04760217294096947 0.12158211320638657 0.0347881019115448 0.6562241911888123 0.7537636160850525 1.1201465129852295 0.03253815323114395 -0.7545639872550964 0.6554192900657654 15.670536994934082 0.0 0.0 0.0 1.0
0.9990542531013489 0.021089088171720505 -0.03802374377846718 0.10284287482500076 0.015294468961656094 0.6481654047966003 0.7613459229469299 1.102913737297058 0.040701769292354584 -0.7612074613571167 0.6472299098968506 16.13283348083496 0.0 0.0 0.0 1.0
0.9980413317680359 0.05978957191109657 -0.01840266026556492 -0.036424875259399414 -0.024386726319789886 0.6427487134933472 0.7656887769699097 1.2136667966842651 0.05760849267244339 -0.7637403011322021 0.6429479122161865 16.186960220336914 0.0 0.0 0.0 1.0
0.9955015182495117 0.09474165737628937 -0.0008504983270540833 -0.23613649606704712 -0.06073767691850662 0.6450414657592773 0.761729896068573 1.29689621925354 0.07271616160869598 -0.7582516074180603 0.6478941440582275 15.530851364135742 0.0 0.0 0.0 1.0
0.9940497875213623 0.10867900401353836 0.007338393945246935 -0.3150502145290375 -0.07596970349550247 0.6434348225593567 0.7617218494415283 1.326969027519226 0.07806139439344406 -0.7577469944953918 0.6478626132011414 15.364656448364258 0.0 0.0 0.0 1.0
0.991321861743927 0.12949874997138977 0.022605756297707558 -0.41227370500564575 -0.10100243985652924 0.6402511596679688 0.7614965438842773 1.4760512113571167 0.08413948863744736 -0.7571713924407959 0.6477746367454529 15.128213882446289 0.0 0.0 0.0 1.0
0.9888761639595032 0.1446714550256729 0.0345551036298275 -0.3832079768180847 -0.1208074688911438 0.6456618905067444 0.7540068030357361 1.620038628578186 0.08677234500646591 -0.7497938871383667 0.655957043170929 14.630928993225098 0.0 0.0 0.0 1.0
0.9880146384239197 0.14978358149528503 0.0373082309961319 -0.30251002311706543 -0.1270926296710968 0.6521953344345093 0.7473210096359253 1.6149818897247314 0.08760415762662888 -0.7431057095527649 0.6634149551391602 14.166508674621582 0.0 0.0 0.0 1.0
0.9869982600212097 0.15534473955631256 0.04126030206680298 -0.09773840755224228 -0.1326359212398529 0.6421878933906555 0.7549850344657898 1.5054746866226196 0.09078608453273773 -0.7506415247917175 0.6544426679611206 14.141745567321777 0.0 0.0 0.0 1.0
0.9855873584747314 0.16393257677555084 0.04175708442926407 0.07724198698997498 -0.13897152245044708 0.6438615918159485 0.7524155378341675 1.4409488439559937 0.09645963460206985 -0.7473742961883545 0.6573638319969177 13.809895515441895 0.0 0.0 0.0 1.0
0.9849385619163513 0.16796725988388062 0.04102484881877899 0.12151594460010529 -0.1413007378578186 0.6451790928840637 0.7508515119552612 1.3140497207641602 0.09965009987354279 -0.7453394532203674 0.6591956615447998 13.64722728729248 0.0 0.0 0.0 1.0
0.9828924536705017 0.17711693048477173 0.05051787570118904 0.1892215609550476 -0.15308192372322083 0.6330872774124146 0.7587927579879761 1.1302924156188965 0.10241282731294632 -0.7535450458526611 0.6493700742721558 14.1132173538208 0.0 0.0 0.0 1.0
0.980402410030365 0.18763844668865204 0.06002458184957504 0.3786430060863495 -0.1663326621055603 0.6251320242881775 0.7625899314880371 1.0235823392868042 0.10556790977716446 -0.7576290369033813 0.6440913081169128 14.058799743652344 0.0 0.0 0.0 1.0
0.9790226817131042 0.19321183860301971 0.0646824985742569 0.5330051779747009 -0.17303919792175293 0.6208352446556091 0.7646051645278931 0.9826287627220154 0.10757359117269516 -0.7597583532333374 0.6412450075149536 14.00991439819336 0.0 0.0 0.0 1.0
0.9759615659713745 0.20544923841953278 0.07273003458976746 0.8872660994529724 -0.18639540672302246 0.6139070987701416 0.7670559287071228 0.957686185836792 0.11294157058000565 -0.7621736526489258 0.6374445557594299 14.064769744873047 0.0 0.0 0.0 1.0
0.9696669578552246 0.22885443270206451 0.08585816621780396 1.1275795698165894 -0.2102653682231903 0.6018715500831604 0.7704148888587952 1.035429835319519 0.12463728338479996 -0.7650988698005676 0.63173508644104 14.553420066833496 0.0 0.0 0.0 1.0
0.9495574235916138 0.29231196641921997 0.11355367302894592 1.1322439908981323 -0.2721712589263916 0.5883399844169617 0.7614321112632751 1.1340388059616089 0.155767560005188 -0.7539295554161072 0.6382215023040771 14.401040077209473 0.0 0.0 0.0 1.0
0.9413114786148071 0.3138315677642822 0.12426739931106567 1.208707332611084 -0.2932558059692383 0.5780817866325378 0.7614607214927673 1.1879464387893677 0.16713370382785797 -0.7532138824462891 0.6361879706382751 14.523826599121094 0.0 0.0 0.0 1.0
0.9261568784713745 0.3504082262516022 0.13945451378822327 1.4188693761825562 -0.32883304357528687 0.569235622882843 0.7535513639450073 1.29755699634552 0.18466810882091522 -0.7437639832496643 0.6424272656440735 14.612616539001465 0.0 0.0 0.0 1.0
0.9093691110610962 0.3853476047515869 0.15670058131217957 1.5192867517471313 -0.3638306260108948 0.5541311502456665 0.748709499835968 1.310396671295166 0.2016807496547699 -0.7378657460212708 0.6441110372543335 14.588423728942871 0.0 0.0 0.0 1.0
0.8999203443527222 0.4023321866989136 0.1681433469057083 1.5028812885284424 -0.3825732171535492 0.5434578061103821 0.7471889853477478 1.337063193321228 0.20923934876918793 -0.7367376685142517 0.642990231513977 14.678173065185547 0.0 0.0 0.0 1.0
0.8808275461196899 0.4325610101222992 0.1924416422843933 1.426292061805725 -0.41970133781433105 0.5253438949584961 0.7401787638664246 1.4635236263275146 0.21907444298267365 -0.7327378392219543 0.6442838311195374 14.909077644348145 0.0 0.0 0.0 1.0
0.8538168668746948 0.47095656394958496 0.2218031883239746 1.176175832748413 -0.4674813449382782 0.5061984062194824 0.7247236371040344 1.699294090270996 0.22903694212436676 -0.7224701642990112 0.6523641347885132 15.06283187866211 0.0 0.0 0.0 1.0
0.8410481810569763 0.4894697666168213 0.2303415983915329 1.095703125 -0.48769745230674744 0.5018250942230225 0.7143687605857849 1.7984915971755981 0.23407073318958282 -0.7131555676460266 0.6607722640037537 14.9190673828125 0.0 0.0 0.0 1.0
0.8179996609687805 0.5217223763465881 0.24224433302879333 1.0560685396194458 -0.5197063088417053 0.48982465267181396 0.6999836564064026 1.876960039138794 0.246539905667305 -0.6984823346138 0.6718188524246216 14.717124938964844 0.0 0.0 0.0 1.0
0.7960895299911499 0.5509777665138245 0.25032973289489746 1.0970618724822998 -0.5463042259216309 0.4763127267360687 0.6889687180519104 1.8546582460403442 0.26037120819091797 -0.685236930847168 0.6801890730857849 14.477783203125 0.0 0.0 0.0 1.0
0.7874454259872437 0.5624057054519653 0.2522490322589874 1.135618805885315 -0.5560961365699768 0.4716908633708954 0.6842988133430481 1.8160649538040161 0.26587000489234924 -0.6791226267814636 0.6841824054718018 14.248017311096191 0.0 0.0 0.0 1.0
0.7657049298286438 0.5893083810806274 0.2577044665813446 1.1200288534164429 -0.5787745118141174 0.456522673368454 0.6757270693778992 1.6725258827209473 0.28056368231773376 -0.6665603518486023 0.6906383633613586 13.862430572509766 0.0 0.0 0.0 1.0
0.7462230324745178 0.613012433052063 0.25955143570899963 1.0584602355957031 -0.5974193215370178 0.4446873962879181 0.6673404574394226 1.4289896488189697 0.2936687171459198 -0.6530458927154541 0.698061466217041 13.645873069763184 0.0 0.0 0.0 1.0
0.7307433485984802 0.6235345602035522 0.27788272500038147 1.080395221710205 -0.6125385761260986 0.4192146062850952 0.6701160669326782 1.2277361154556274 0.3013480603694916 -0.659896731376648 0.6882773041725159 14.112342834472656 0.0 0.0 0.0 1.0
0.7235780954360962 0.6306385397911072 0.2805882394313812 1.1197474002838135 -0.6188226938247681 0.41261544823646545 0.6684362292289734 1.17266845703125 0.30576658248901367 -0.6573001742362976 0.6888129115104675 14.170653343200684 0.0 0.0 0.0 1.0
0.7083790302276611 0.6461082100868225 0.28415369987487793 1.1411752700805664 -0.6313784718513489 0.4000723958015442 0.664306640625 1.0014619827270508 0.3155319392681122 -0.6499894261360168 0.6913416981697083 14.106287956237793 0.0 0.0 0.0 1.0
0.6947846412658691 0.6560022234916687 0.29484814405441284 1.1599551439285278 -0.6442123651504517 0.3853471875190735 0.6606799364089966 0.9312918186187744 0.3197885751724243 -0.6489750742912292 0.6903380155563354 14.38025951385498 0.0 0.0 0.0 1.0
0.6881508231163025 0.6622408032417297 0.2964550852775574 1.183454155921936 -0.6501659154891968 0.38144972920417786 0.6570999622344971 0.895551323890686 0.3220756947994232 -0.6449288725852966 0.693061351776123 14.289543151855469 0.0 0.0 0.0 1.0
0.6511852145195007 0.6931790113449097 0.30896705389022827 1.1217318773269653 -0.680763304233551 0.3535829186439514 0.6415141820907593 0.8148338794708252 0.33543869853019714 -0.6280779838562012 0.7021388411521912 14.201211929321289 0.0 0.0 0.0 1.0
0.612949788570404 0.7223401665687561 0.3201832175254822 1.185066819190979 -0.709976851940155 0.3256953954696655 0.6243839859962463 0.6733798980712891 0.346735417842865 -0.610038697719574 0.7124797105789185 14.285613059997559 0.0 0.0 0.0 1.0
0.5919702053070068 0.7364664673805237 0.32739654183387756 1.2334243059158325 -0.7249310612678528 0.30902794003486633 0.6156108379364014 0.5806419253349304 0.35220205783843994 -0.6017631888389587 0.7168227434158325 14.437047958374023 0.0 0.0 0.0 1.0
0.545948326587677 0.7637516856193542 0.3444180190563202 1.3042985200881958 -0.7540792226791382 0.26879391074180603 0.5992615222930908 0.3226344883441925 0.36510956287384033 -0.5868843197822571 0.7226768732070923 14.760066032409668 0.0 0.0 0.0 1.0
0.5012852549552917 0.7816317677497864 0.371166855096817 1.3544813394546509 -0.7793554067611694 0.2214963287115097 0.5861266851425171 0.1875598132610321 0.37592315673828125 -0.5830875635147095 0.7202017903327942 15.798205375671387 0.0 0.0 0.0 1.0
0.48291417956352234 0.790042519569397 0.37765952944755554 1.4007458686828613 -0.7887716889381409 0.20515018701553345 0.5794416666030884 0.16219742596149445 0.3803066313266754 -0.5777077078819275 0.7222331166267395 16.06640625 0.0 0.0 0.0 1.0
0.45707395672798157 0.8016151189804077 0.38535258173942566 1.5192234516143799 -0.8015403747558594 0.18345196545124054 0.5691031217575073 0.1500743180513382 0.3855079710483551 -0.568997859954834 0.7263780236244202 16.395631790161133 0.0 0.0 0.0 1.0
0.41502946615219116 0.8169400691986084 0.40044906735420227 1.4552942514419556 -0.8208699226379395 0.14643435180187225 0.5520231127738953 0.2644440829753876 0.3923302888870239 -0.5578224658966064 0.7313761115074158 17.22998046875 0.0 0.0 0.0 1.0
0.3608977496623993 0.8369022011756897 0.41151854395866394 1.2890491485595703 -0.8407431244850159 0.10099466145038605 0.531931459903717 0.4543492794036865 0.403613418340683 -0.5379542708396912 0.7400685548782349 17.5721435546875 0.0 0.0 0.0 1.0
0.33524373173713684 0.8450058102607727 0.4166254699230194 1.2161204814910889 -0.8484463095664978 0.07853835076093674 0.5234220027923584 0.5756982564926147 0.4095735549926758 -0.528958261013031 0.7432715892791748 17.643388748168945 0.0 0.0 0.0 1.0
0.28806835412979126 0.861206591129303 0.41873595118522644 1.0887975692749023 -0.8603887557983398 0.04079347476363182 0.5080030560493469 0.7861203551292419 0.42041391134262085 -0.5066152811050415 0.752723753452301 17.55218505859375 0.0 0.0 0.0 1.0
0.2594234049320221 0.8711516261100769 0.41688650846481323 0.9846993684768677 -0.8650424480438232 0.017666934058070183 0.5013874769210815 0.916899561882019 0.4294194281101227 -0.4906961917877197 0.7581663727760315 17.274015426635742 0.0 0.0 0.0 1.0
0.24989721179008484 0.8740297555923462 0.41668134927749634 0.9307159781455994 -0.8662221431732178 0.00950256921350956 0.4995687007904053 0.9641368985176086 0.43267837166786194 -0.48577943444252014 0.7594786286354065 17.137392044067383 0.0 0.0 0.0 1.0
0.2337973266839981 0.8809198141098022 0.411484032869339 0.8397319316864014 -0.8692083954811096 -0.00027012801729142666 0.4944458305835724 0.9992173910140991 0.43567827343940735 -0.47326549887657166 0.7656397223472595 16.74479103088379 0.0 0.0 0.0 1.0
0.2135864794254303 0.8870865702629089 0.40921661257743835 0.8237428069114685 -0.8738832473754883 -0.013759143650531769 0.4859411418437958 1.0210845470428467 0.43670234084129333 -0.4613979756832123 0.7722712755203247 16.649574279785156 0.0 0.0 0.0 1.0
0.20368269085884094 0.8930262923240662 0.40126970410346985 0.8115503191947937 -0.8744387626647949 -0.01838959939777851 0.484787255525589 1.007554292678833 0.44030696153640747 -0.4496285617351532 0.7771511673927307 16.309968948364258 0.0 0.0 0.0 1.0
0.19406446814537048 0.8920227289199829 0.4082088768482208 0.831280529499054 -0.8765335083007812 -0.02917233295738697 0.4804559648036957 0.9010624885559082 0.44048604369163513 -0.45104819536209106 0.7762265205383301 16.40666961669922 0.0 0.0 0.0 1.0
0.16971251368522644 0.897498369216919 0.40705567598342896 0.8267349600791931 -0.8787088394165039 -0.04919116199016571 0.47481676936149597 0.8987004160881042 0.446170836687088 -0.4382658004760742 0.7802914381027222 16.275066375732422 0.0 0.0 0.0 1.0
0.1502058357000351 0.9021376967430115 0.4044574201107025 0.7795302271842957 -0.8794337511062622 -0.06499159336090088 0.4715637266635895 0.8728551268577576 0.4517017602920532 -0.4265251159667969 0.7836081981658936 16.05731964111328 0.0 0.0 0.0 1.0
0.13257309794425964 0.9018336534500122 0.4112425148487091 0.7727164626121521 -0.8801149725914001 -0.08372106403112411 0.4673204720020294 0.8258382081985474 0.4558749794960022 -0.42389482259750366 0.7826181650161743 16.133766174316406 0.0 0.0 0.0 1.0
0.1098962277173996 0.9056350588798523 0.40957048535346985 0.6861097812652588 -0.8797444105148315 -0.1031440943479538 0.46412399411201477 0.8160464763641357 0.46257174015045166 -0.41132283210754395 0.7853922247886658 15.833257675170898 0.0 0.0 0.0 1.0
0.10277021676301956 0.9045524597167969 0.41379114985466003 0.6507754325866699 -0.8799879550933838 -0.11126413196325302 0.4617807865142822 0.8169829249382019 0.4637450575828552 -0.41158854961395264 0.7845606207847595 15.811002731323242 0.0 0.0 0.0 1.0
0.0907243862748146 0.9042218327522278 0.41731515526771545 0.5687599182128906 -0.8797249794006348 -0.12363007664680481 0.45912909507751465 0.9345877170562744 0.4667472541332245 -0.40877678990364075 0.7842503190040588 15.904678344726562 0.0 0.0 0.0 1.0
0.053016722202301025 0.911826491355896 0.4071383774280548 0.29348257184028625 -0.8805251717567444 -0.14962656795978546 0.44976362586021423 1.104058861732483 0.47102510929107666 -0.38234058022499084 0.794953465461731 15.613863945007324 0.0 0.0 0.0 1.0
0.006831916980445385 0.9156522154808044 0.4019133746623993 0.10856375098228455 -0.8818541765213013 -0.1839832216501236 0.43414679169654846 1.1971145868301392 0.47147276997566223 -0.3573950231075287 0.8062147498130798 15.484807968139648 0.0 0.0 0.0 1.0
-0.02493671141564846 0.9170013666152954 0.39810383319854736 0.002082755556330085 -0.8812695741653442 -0.20816877484321594 0.42429906129837036 1.2525594234466553 0.47195562720298767 -0.3402561843395233 0.8133164644241333 15.46205997467041 0.0 0.0 0.0 1.0
-0.09491098672151566 0.915299654006958 0.3914312422275543 -0.21763941645622253 -0.8772476315498352 -0.2627679109573364 0.40173327922821045 1.3131377696990967 0.4705618917942047 -0.3052532374858856 0.8278840184211731 15.583355903625488 0.0 0.0 0.0 1.0
-0.17393364012241364 0.9031036496162415 0.3926205337047577 -0.35288137197494507 -0.8678903579711914 -0.32897090911865234 0.3722156584262848 1.3914051055908203 0.4653100371360779 -0.27601075172424316 0.84101402759552 16.135353088378906 0.0 0.0 0.0 1.0
-0.21177347004413605 0.8940057158470154 0.3948490619659424 -0.3719840347766876 -0.8612140417098999 -0.3617004454135895 0.35704779624938965 1.4563134908676147 0.46201983094215393 -0.2644363343715668 0.8465288281440735 16.365478515625 0.0 0.0 0.0 1.0
-0.2851393520832062 0.8750016093254089 0.3912386894226074 -0.3589124083518982 -0.8438669443130493 -0.4227369427680969 0.33042702078819275 1.6436843872070312 0.4545152187347412 -0.23593565821647644 0.8589239120483398 16.592926025390625 0.0 0.0 0.0 1.0
-0.35475414991378784 0.8550281524658203 0.37825438380241394 -0.3849124014377594 -0.8208972811698914 -0.4784950017929077 0.3117212951183319 1.7205047607421875 0.4475233256816864 -0.199923574924469 0.8716383576393127 16.243558883666992 0.0 0.0 0.0 1.0
-0.38650622963905334 0.8400432467460632 0.3807102143764496 -0.39926761388778687 -0.808595597743988 -0.507189154624939 0.29821527004241943 1.7421956062316895 0.44360581040382385 -0.19257852435112 0.8752870559692383 16.4245548248291 0.0 0.0 0.0 1.0
-0.44535666704177856 0.8105090260505676 0.3804374039173126 -0.37380120158195496 -0.7824001908302307 -0.5588836669921875 0.2747707664966583 1.8488171100616455 0.43532443046569824 -0.1752833127975464 0.883044958114624 16.461885452270508 0.0 0.0 0.0 1.0
-0.4916822016239166 0.787534773349762 0.3715340793132782 -0.2345792055130005 -0.7580567598342896 -0.597071647644043 0.26240304112434387 1.9541130065917969 0.4284839928150177 -0.15262500941753387 0.8905655741691589 16.18967628479004 0.0 0.0 0.0 1.0
-0.513293445110321 0.7750080227851868 0.3686358332633972 -0.17095136642456055 -0.7448572516441345 -0.6156606078147888 0.25719574093818665 1.994991660118103 0.4262833297252655 -0.14256420731544495 0.8932849168777466 16.209619522094727 0.0 0.0 0.0 1.0
-0.558251142501831 0.7445863485336304 0.36598753929138184 -0.2233830839395523 -0.7110081315040588 -0.6566812992095947 0.25146982073783875 1.969351053237915 0.4275781810283661 -0.11983680725097656 0.8960000276565552 15.889440536499023 0.0 0.0 0.0 1.0
-0.5975090265274048 0.7141717076301575 0.36461183428764343 -0.3845055103302002 -0.6805176138877869 -0.6921377778053284 0.24050173163414001 1.9013044834136963 0.4241211414337158 -0.10442283749580383 0.8995649814605713 15.965438842773438 0.0 0.0 0.0 1.0
-0.624683141708374 0.6926124691963196 0.36063674092292786 -0.5311446189880371 -0.6594521999359131 -0.7152524590492249 0.23138000071048737 1.8298550844192505 0.4182030260562897 -0.09328349679708481 0.9035509824752808 15.773674964904785 0.0 0.0 0.0 1.0
-0.6383981704711914 0.6817293763160706 0.35734131932258606 -0.621414303779602 -0.648552656173706 -0.7264522314071655 0.22725892066955566 1.7754802703857422 0.4145204722881317 -0.08667298406362534 0.905903160572052 15.55320930480957 0.0 0.0 0.0 1.0
-0.6638362407684326 0.6607632040977478 0.3503047823905945 -0.7735720872879028 -0.6283936500549316 -0.7467829585075378 0.21779948472976685 1.659715175628662 0.40551552176475525 -0.07554612308740616 0.9109609723091125 15.131113052368164 0.0 0.0 0.0 1.0
-0.6817134022712708 0.6466926336288452 0.34213364124298096 -0.8067816495895386 -0.6121106147766113 -0.7602917551994324 0.21743273735046387 1.5258539915084839 0.4007335603237152 -0.06119682639837265 0.9141485691070557 14.823695182800293 0.0 0.0 0.0 1.0
-0.6873484253883362 0.6400277018547058 0.3433900475502014 -0.7521073818206787 -0.6068336963653564 -0.7658330798149109 0.21272653341293335 1.4500876665115356 0.39913031458854675 -0.06216342747211456 0.9147844910621643 14.866408348083496 0.0 0.0 0.0 1.0
-0.6962501406669617 0.6285878419876099 0.34657323360443115 -0.5399666428565979 -0.5971153974533081 -0.7751604318618774 0.20634810626506805 1.410659909248352 0.3983577489852905 -0.0632743164896965 0.9150450825691223 15.218327522277832 0.0 0.0 0.0 1.0
-0.7032018899917603 0.6185081601142883 0.3506491482257843 -0.3849349021911621 -0.5886069536209106 -0.7830722332000732 0.2008475959300995 1.4697118997573853 0.3988094627857208 -0.06515812873840332 0.9147160053253174 15.607909202575684 0.0 0.0 0.0 1.0
