-0.9996121525764465 0.001109943725168705 0.027826696634292603 0.13629543781280518 -0.0009525956702418625 -0.9999834895133972 0.005667193327099085 1.0321264266967773 0.027832528576254845 0.005638487637042999 0.9995967149734497 9.072704315185547 0.0 0.0 0.0 1.0
-0.9996134042739868 0.000988660380244255 0.027787011116743088 0.13421232998371124 -0.0008231811225414276 -0.9999818801879883 0.0059660812839865685 1.0541505813598633 0.02779240719974041 0.00594090111553669 0.9995960593223572 9.074328422546387 0.0 0.0 0.0 1.0
-0.9996059536933899 0.000412793830037117 0.028068169951438904 0.12845148146152496 -0.0003279425436630845 -0.9999953508377075 0.003027578815817833 1.0587414503097534 0.02806928940117359 0.0030171810649335384 0.999601423740387 9.086674690246582 0.0 0.0 0.0 1.0
-0.9996013045310974 -0.002129437867552042 0.028155168518424034 -0.0883486196398735 0.002096777316182852 -0.999997079372406 -0.0011894968338310719 1.039793848991394 0.028157619759440422 -0.0011299874167889357 0.9996028542518616 9.01258659362793 0.0 0.0 0.0 1.0
-0.9995004534721375 0.003756580874323845 0.031380943953990936 -0.34723904728889465 -0.003826877335086465 -0.9999902844429016 -0.002180342562496662 1.0461602210998535 0.03137245029211044 -0.002299344399943948 0.9995051026344299 9.04907512664795 0.0 0.0 0.0 1.0
-0.9565662741661072 0.2133067101240158 0.19869884848594666 -0.19173367321491241 -0.2173045128583908 -0.976102352142334 0.0017262704204767942 1.0339983701705933 0.19431863725185394 -0.04152686521410942 0.9800590872764587 8.94650936126709 0.0 0.0 0.0 1.0
-0.9551900029182434 0.21209806203842163 0.2064618319272995 -0.12039536982774734 -0.21638432145118713 -0.9763064980506897 0.0018627248937264085 1.0158709287643433 0.2019650936126709 -0.0428958460688591 0.9784528613090515 8.882912635803223 0.0 0.0 0.0 1.0
-0.9553758502006531 0.20930328965187073 0.20844461023807526 -0.15331707894802094 -0.21371476352214813 -0.9768950939178467 0.0013885602820664644 1.009057641029358 0.2039191573858261 -0.04322109371423721 0.978033185005188 8.869892120361328 0.0 0.0 0.0 1.0
-0.9567793607711792 0.20153427124023438 0.20965959131717682 -0.3087313771247864 -0.2061035931110382 -0.9785301685333252 5.580041397479363e-05 1.0153303146362305 0.20516948401927948 -0.04315820708870888 0.977774441242218 8.824762344360352 0.0 0.0 0.0 1.0
-0.9531517624855042 0.2089882493019104 0.21869082748889923 -0.45291367173194885 -0.2141752392053604 -0.9767952561378479 -1.2616490494110622e-05 0.8854098320007324 0.21361352503299713 -0.04685018211603165 0.9757941961288452 8.649253845214844 0.0 0.0 0.0 1.0
-0.8185265064239502 0.39510735869407654 0.4170185625553131 0.00825300719588995 -0.40625110268592834 -0.9113682508468628 0.06609057635068893 0.8663542866706848 0.4061703681945801 -0.11531736701726913 0.9064918756484985 8.659228324890137 0.0 0.0 0.0 1.0
-0.7836905121803284 0.4350014925003052 0.44339922070503235 0.03642440214753151 -0.449639230966568 -0.8897797465324402 0.0782083049416542 0.8612955212593079 0.4285483658313751 -0.13807858526706696 0.8929057121276855 8.619894981384277 0.0 0.0 0.0 1.0
-0.7586523294448853 0.4621267318725586 0.4592227339744568 -0.09135005623102188 -0.47911128401756287 -0.8733914494514465 0.08740556240081787 0.883725106716156 0.44147366285324097 -0.15370836853981018 0.8840106129646301 8.591057777404785 0.0 0.0 0.0 1.0
-0.7444843053817749 0.47527876496315 0.4688851237297058 -0.2460317611694336 -0.4917040169239044 -0.8654003143310547 0.09648521989583969 0.9194230437278748 0.45163071155548096 -0.1587209701538086 0.8779734373092651 8.60684585571289 0.0 0.0 0.0 1.0
-0.7388483881950378 0.4752851128578186 0.4777103066444397 -0.15349707007408142 -0.4900352358818054 -0.8655650019645691 0.10326015204191208 0.8452862501144409 0.46256735920906067 -0.1578013002872467 0.872427761554718 8.548327445983887 0.0 0.0 0.0 1.0
-0.6298276782035828 0.5681202411651611 0.5296759009361267 -0.6090595722198486 -0.5912110805511475 -0.7929195165634155 0.1474723517894745 0.6727660894393921 0.5037723779678345 -0.22026807069778442 0.8352816104888916 8.345958709716797 0.0 0.0 0.0 1.0
-0.5862740874290466 0.5872970819473267 0.5580007433891296 -0.4937199652194977 -0.6078572869300842 -0.774242103099823 0.17623482644557953 0.7125504016876221 0.5355298519134521 -0.23586291074752808 0.8109108805656433 8.351725578308105 0.0 0.0 0.0 1.0
-0.5389358401298523 0.6046454906463623 0.5864741802215576 -0.24111437797546387 -0.6224463582038879 -0.7549660205841064 0.20636571943759918 0.7080158591270447 0.5675461888313293 -0.2538308799266815 0.783237636089325 8.321974754333496 0.0 0.0 0.0 1.0
-0.483003169298172 0.6273786425590515 0.610822319984436 0.026512570679187775 -0.6452262997627258 -0.7265992760658264 0.236085906624794 0.6992100477218628 0.591938316822052 -0.2800883948802948 0.7557509541511536 8.27929401397705 0.0 0.0 0.0 1.0
-0.416585236787796 0.6505552530288696 0.6350075602531433 0.1684725135564804 -0.6726696491241455 -0.6904526948928833 0.26606515049934387 0.6979692578315735 0.6115327477455139 -0.31631147861480713 0.7252411842346191 8.317537307739258 0.0 0.0 0.0 1.0
-0.26556676626205444 0.688107967376709 0.6752641797065735 0.27864697575569153 -0.707157552242279 -0.6150977611541748 0.34868746995925903 0.8271803855895996 0.6552881598472595 -0.38491833209991455 0.6499502658843994 8.80186939239502 0.0 0.0 0.0 1.0
-0.26152583956718445 0.6900557279586792 0.6748535633087158 0.21139761805534363 -0.7075921297073364 -0.6125995516777039 0.35218629240989685 0.8179348111152649 0.656443178653717 -0.385415256023407 0.6484885811805725 8.861740112304688 0.0 0.0 0.0 1.0
-0.24030174314975739 0.6963836550712585 0.6762431859970093 0.09880837053060532 -0.7153280377388 -0.5979654788970947 0.3615841269493103 0.7157334685325623 0.6561713218688965 -0.3968464434146881 0.6418349146842957 8.745777130126953 0.0 0.0 0.0 1.0
-0.20309272408485413 0.7056798934936523 0.6787998676300049 -0.12386467307806015 -0.7344497442245483 -0.568264365196228 0.3710244596004486 0.5783929228782654 0.6475622653961182 -0.42319199442863464 0.6336967945098877 8.831281661987305 0.0 0.0 0.0 1.0
-0.16178590059280396 0.7111220955848694 0.6842007637023926 -0.31482994556427 -0.7432388663291931 -0.5439082980155945 0.38956353068351746 0.5345285534858704 0.6491696834564209 -0.4454987049102783 0.6165302991867065 8.797146797180176 0.0 0.0 0.0 1.0
0.14363907277584076 0.7329753637313843 0.6649172306060791 0.16918165981769562 -0.7343390583992004 -0.3714633584022522 0.5681207180023193 0.6571125984191895 0.6634109020233154 -0.5698790550231934 0.4848957359790802 8.879345893859863 0.0 0.0 0.0 1.0
0.16993699967861176 0.7358553409576416 0.6554679870605469 0.22561132907867432 -0.7264410853385925 -0.3559044897556305 0.5878905653953552 0.7462059259414673 0.665886402130127 -0.5760632753372192 0.47407424449920654 8.8330078125 0.0 0.0 0.0 1.0
0.17381460964679718 0.7387130260467529 0.6512230634689331 0.30350470542907715 -0.7212026715278625 -0.3548036813735962 0.5949630737304688 0.6995601058006287 0.6705633401870728 -0.5730771422386169 0.47109177708625793 8.708948135375977 0.0 0.0 0.0 1.0
0.1692066341638565 0.7426865696907043 0.6479087471961975 0.3320000171661377 -0.7201264500617981 -0.35566064715385437 0.5957545042037964 0.7463524341583252 0.6728945374488831 -0.5673818588256836 0.474648118019104 8.832047462463379 0.0 0.0 0.0 1.0
0.18004797399044037 0.7455173134803772 0.641706109046936 0.24278581142425537 -0.7196397185325623 -0.3449113667011261 0.6026233434677124 0.7983381748199463 0.6705978512763977 -0.5702982544898987 0.4744032621383667 8.79491138458252 0.0 0.0 0.0 1.0
0.4731971323490143 0.6562635898590088 0.5877096056938171 0.15252764523029327 -0.6858596801757812 -0.14424604177474976 0.7132948637008667 0.6479257941246033 0.5528842210769653 -0.7406154274940491 0.38184791803359985 8.78395938873291 0.0 0.0 0.0 1.0
0.4910007417201996 0.6482703685760498 0.5819482803344727 0.05841948837041855 -0.6802303791046143 -0.1320372223854065 0.7210081815719604 0.7271119356155396 0.5442470908164978 -0.749874472618103 0.37614282965660095 8.933773040771484 0.0 0.0 0.0 1.0
0.48892003297805786 0.6522682309150696 0.5792264938354492 -0.0008527617901563644 -0.677998960018158 -0.1336607187986374 0.7228085994720459 0.8009476661682129 0.548884928226471 -0.7461105585098267 0.3768877685070038 9.005311965942383 0.0 0.0 0.0 1.0
0.4904392659664154 0.6553468704223633 0.5744473934173584 0.10966577380895615 -0.6720767021179199 -0.13520221412181854 0.7280338406562805 0.8511661291122437 0.5547812581062317 -0.7431290745735168 0.3741348683834076 9.023726463317871 0.0 0.0 0.0 1.0
0.49246516823768616 0.6543250679969788 0.5738787651062012 0.22775495052337646 -0.6698569655418396 -0.13602763414382935 0.7299233675003052 0.8936384320259094 0.5556704998016357 -0.7438784837722778 0.3713153302669525 9.04053783416748 0.0 0.0 0.0 1.0
0.6892902255058289 0.5397645831108093 0.48325276374816895 0.19241802394390106 -0.5546528697013855 -0.035966116935014725 0.8313041925430298 0.9028584361076355 0.46608924865722656 -0.8410473465919495 0.2745908796787262 8.953377723693848 0.0 0.0 0.0 1.0
0.7392638325691223 0.5018324255943298 0.4490581154823303 0.339415043592453 -0.5126188397407532 -0.013078665360808372 0.8585166335105896 1.0588399171829224 0.4367045760154724 -0.8648659586906433 0.24758018553256989 9.051521301269531 0.0 0.0 0.0 1.0
0.7762628197669983 0.4694466292858124 0.42075634002685547 0.4120624363422394 -0.47763144969940186 0.0023625334724783897 0.8785571455955505 1.2933937311172485 0.4114416241645813 -0.8829576969146729 0.22605642676353455 9.070215225219727 0.0 0.0 0.0 1.0
0.7887240648269653 0.4626489579677582 0.40480899810791016 0.4485905170440674 -0.4588629901409149 0.004854641854763031 0.8884937763214111 1.4438583850860596 0.40909552574157715 -0.8865282535552979 0.21612145006656647 9.083898544311523 0.0 0.0 0.0 1.0
0.7921233773231506 0.46444353461265564 0.39602115750312805 0.5345876216888428 -0.446833074092865 -0.0007327966741286218 0.8946170210838318 1.319554090499878 0.41578930616378784 -0.8856024146080017 0.20694826543331146 9.067256927490234 0.0 0.0 0.0 1.0
0.8682936429977417 0.36092373728752136 0.3402942419052124 -0.2014792263507843 -0.37217265367507935 0.020456327125430107 0.9279380440711975 1.0071972608566284 0.3279536962509155 -0.9323709607124329 0.15208804607391357 9.081814765930176 0.0 0.0 0.0 1.0
0.9006556272506714 0.3201413154602051 0.29381799697875977 0.18894393742084503 -0.3190445005893707 0.028140723705291748 0.9473218321800232 0.9358460307121277 0.2950085997581482 -0.9469517469406128 0.12748442590236664 9.069578170776367 0.0 0.0 0.0 1.0
0.9203091263771057 0.2871338129043579 0.2656788229942322 0.3196457326412201 -0.28667205572128296 0.0329085998237133 0.9574633836746216 0.9080571532249451 0.2661769986152649 -0.9573250412940979 0.11259932816028595 9.16366958618164 0.0 0.0 0.0 1.0
0.9376735687255859 0.2543674111366272 0.2367815226316452 0.33954301476478577 -0.2558082938194275 0.044026728719472885 0.9657244682312012 1.00678551197052 0.23522412776947021 -0.9661049842834473 0.10635199397802353 9.150632858276367 0.0 0.0 0.0 1.0
0.9470363259315491 0.23337729275226593 0.22058391571044922 0.27243706583976746 -0.23770910501480103 0.047629810869693756 0.9701679348945618 0.9584189057350159 0.21590878069400787 -0.9712190628051758 0.10058306902647018 9.288277626037598 0.0 0.0 0.0 1.0
0.9822269678115845 0.09678157418966293 0.1608213186264038 -0.4896162152290344 -0.16680629551410675 0.05725295469164848 0.9843260645866394 0.9358606934547424 0.08605712652206421 -0.9936575889587402 0.07237917184829712 9.343199729919434 0.0 0.0 0.0 1.0
0.9926738739013672 0.0515371635556221 0.10928185284137726 -0.16615323722362518 -0.11225809901952744 0.0588996559381485 0.9919319152832031 1.1339716911315918 0.04468469321727753 -0.9969326853752136 0.06425361335277557 9.470080375671387 0.0 0.0 0.0 1.0
0.9992043375968933 0.011510522104799747 0.03818611428141594 0.3346947133541107 -0.03878811001777649 0.05763368681073189 0.9975839853286743 1.2146416902542114 0.009281906299293041 -0.9982714653015137 0.058034300804138184 9.47363567352295 0.0 0.0 0.0 1.0
0.9997624754905701 -0.020430458709597588 -0.00758792320266366 0.5892477035522461 0.008728455752134323 0.0563274510204792 0.9983742237091064 1.1906042098999023 -0.01996983401477337 -0.9982032775878906 0.0564923956990242 9.378608703613281 0.0 0.0 0.0 1.0
0.9977114200592041 -0.05511932447552681 -0.03916343301534653 0.6156332492828369 0.04201066121459007 0.051481734961271286 0.9977899193763733 1.0564576387405396 -0.05298130586743355 -0.9971516728401184 0.053679514676332474 9.268220901489258 0.0 0.0 0.0 1.0
0.9862931370735168 -0.116034135222435 -0.11731135100126266 0.4543551504611969 0.12360537797212601 0.04859844222664833 0.9911407232284546 0.7621805667877197 -0.1093050092458725 -0.9920555949211121 0.0622747540473938 8.864383697509766 0.0 0.0 0.0 1.0
0.984257698059082 -0.12820124626159668 -0.12166038900613785 0.017593136057257652 0.12856729328632355 0.0470225065946579 0.9905853271484375 0.7415713667869568 -0.12127350270748138 -0.9906327724456787 0.06276474893093109 8.801507949829102 0.0 0.0 0.0 1.0
0.9717133045196533 -0.18343129754066467 -0.14874884486198425 -0.32181626558303833 0.15788449347019196 0.036165207624435425 0.9867951273918152 0.6744582056999207 -0.17562957108020782 -0.9823670387268066 0.06410317122936249 8.760250091552734 0.0 0.0 0.0 1.0
0.9552052021026611 -0.2288217544555664 -0.18767966330051422 -0.43910303711891174 0.1993023008108139 0.028574032709002495 0.9795213937759399 0.6868118643760681 -0.2187730371952057 -0.9730488657951355 0.07289876788854599 8.764555931091309 0.0 0.0 0.0 1.0
0.9262564182281494 -0.2891228199005127 -0.24177899956703186 -0.33946749567985535 0.2556929886341095 0.010756514966487885 0.966698169708252 0.7156714797019958 -0.27689382433891296 -0.9572315812110901 0.08388997614383698 8.760074615478516 0.0 0.0 0.0 1.0
0.8261407613754272 -0.3909810483455658 -0.4057404398918152 0.26662492752075195 0.42800426483154297 -0.03290168568491936 0.9031776189804077 0.861538827419281 -0.36647486686706543 -0.9198104739189148 0.14016012847423553 8.634086608886719 0.0 0.0 0.0 1.0
0.7877749800682068 -0.4283660054206848 -0.44262078404426575 0.16140373051166534 0.4660438001155853 -0.055348027497529984 0.8830287456512451 0.922442615032196 -0.4027576744556427 -0.9019086360931396 0.15603552758693695 8.735754013061523 0.0 0.0 0.0 1.0
0.7389774918556213 -0.46503061056137085 -0.4875026345252991 0.13414011895656586 0.5114758610725403 -0.08375001698732376 0.8552066087722778 0.9944679737091064 -0.43852561712265015 -0.881324291229248 0.17596255242824554 8.875187873840332 0.0 0.0 0.0 1.0
0.6987348794937134 -0.48867926001548767 -0.5224578380584717 0.10593132674694061 0.5455489754676819 -0.10842858254909515 0.8310352563858032 1.02787446975708 -0.4627590477466583 -0.8656996488571167 0.1908356249332428 9.042798042297363 0.0 0.0 0.0 1.0
0.6630415916442871 -0.5009258389472961 -0.556281566619873 0.06973971426486969 0.5796400904655457 -0.1266881376504898 0.8049643039703369 1.157387137413025 -0.47370168566703796 -0.8561678528785706 0.2063571810722351 9.130552291870117 0.0 0.0 0.0 1.0
0.4507094919681549 -0.5698309540748596 -0.6871343851089478 0.4674418270587921 0.7063323259353638 -0.2430390864610672 0.6648508310317993 0.6385650634765625 -0.5458530783653259 -0.7849998474121094 0.29294997453689575 8.81066608428955 0.0 0.0 0.0 1.0
0.3920425772666931 -0.5881876349449158 -0.7073456645011902 0.5475891828536987 0.7265284657478333 -0.2737047076225281 0.6302714943885803 0.6720393300056458 -0.564321756362915 -0.7610000371932983 0.32003116607666016 8.817436218261719 0.0 0.0 0.0 1.0
0.35749781131744385 -0.5956963300704956 -0.7192643284797668 0.599579393863678 0.743060290813446 -0.2851095497608185 0.6054535508155823 0.7028845548629761 -0.5657355785369873 -0.7509050369262695 0.3407122492790222 8.928821563720703 0.0 0.0 0.0 1.0
0.3305325210094452 -0.5984212160110474 -0.7298220992088318 0.69761723279953 0.7580215930938721 -0.29236623644828796 0.5830310583114624 0.6928472518920898 -0.5622735023498535 -0.7459316253662109 0.3569796681404114 8.977018356323242 0.0 0.0 0.0 1.0
0.30200356245040894 -0.6039530038833618 -0.737587034702301 0.8599262833595276 0.7681803107261658 -0.30400311946868896 0.5634545683860779 0.6205908060073853 -0.5645288825035095 -0.7367651462554932 0.37213483452796936 9.052299499511719 0.0 0.0 0.0 1.0
0.028193937614560127 -0.6485244035720825 -0.7606715559959412 1.103469729423523 0.8339856863021851 -0.4042520821094513 0.37556377053260803 0.9449083805084229 -0.5510653257369995 -0.6449778079986572 0.5294625759124756 8.488608360290527 0.0 0.0 0.0 1.0
-0.018775811418890953 -0.652251124382019 -0.7577703595161438 1.1550612449645996 0.8260635137557983 -0.4370954632759094 0.3557620942592621 0.866157591342926 -0.5632641911506653 -0.6192867159843445 0.54700767993927 8.453385353088379 0.0 0.0 0.0 1.0
-0.07403377443552017 -0.6571323871612549 -0.7501306533813477 1.2657376527786255 0.8223310708999634 -0.46576231718063354 0.32685935497283936 0.8125932216644287 -0.5641725063323975 -0.5926571488380432 0.574862539768219 8.277981758117676 0.0 0.0 0.0 1.0
-0.09430931508541107 -0.6600705981254578 -0.7452600598335266 1.2089017629623413 0.8227207660675049 -0.4731925129890442 0.3149910569190979 0.8975655436515808 -0.5605678558349609 -0.5834343433380127 0.5876802802085876 8.229588508605957 0.0 0.0 0.0 1.0
-0.11026819795370102 -0.6649637222290039 -0.7386908531188965 1.0948889255523682 0.8275058269500732 -0.4730946719646454 0.3023500442504883 0.9894108176231384 -0.55052250623703 -0.5779314041137695 0.6024286150932312 8.177157402038574 0.0 0.0 0.0 1.0
-0.23974446952342987 -0.6934682130813599 -0.6794295310974121 0.01650535874068737 0.8145617842674255 -0.524454653263092 0.24786370992660522 1.0810140371322632 -0.5282155871391296 -0.49401336908340454 0.6906077861785889 8.182674407958984 0.0 0.0 0.0 1.0
-0.3294369578361511 -0.695171058177948 -0.6389119625091553 -0.022071054205298424 0.793614387512207 -0.5704755783081055 0.21150363981723785 1.0636731386184692 -0.5115149021148682 -0.437372624874115 0.7396335005760193 8.068435668945312 0.0 0.0 0.0 1.0
-0.4323555827140808 -0.678795337677002 -0.5935533046722412 0.243591770529747 0.7639689445495605 -0.6254200339317322 0.15874895453453064 0.7754545211791992 -0.4789781868457794 -0.38482028245925903 0.7889823913574219 7.968931198120117 0.0 0.0 0.0 1.0
-0.5047844648361206 -0.6598265767097473 -0.5566161274909973 0.5090985894203186 0.7391521334648132 -0.6634487509727478 0.1161457821726799 0.5743077993392944 -0.4459223449230194 -0.35279539227485657 0.8226109147071838 8.026440620422363 0.0 0.0 0.0 1.0
-0.5559941530227661 -0.6460453867912292 -0.5229682922363281 0.5627185106277466 0.718234121799469 -0.690096914768219 0.08891548216342926 0.41970083117485046 -0.4183422327041626 -0.326177179813385 0.8477017283439636 8.251355171203613 0.0 0.0 0.0 1.0
-0.6775645613670349 -0.5820850729942322 -0.44953665137290955 0.257408082485199 0.634864091873169 -0.7714784741401672 0.04205372557044029 0.18537908792495728 -0.37128669023513794 -0.2569005787372589 0.8922713994979858 8.39234733581543 0.0 0.0 0.0 1.0
-0.7055554986000061 -0.5608641505241394 -0.43315455317497253 0.27683502435684204 0.6113032102584839 -0.7908890843391418 0.028334002941846848 0.1682116538286209 -0.3584687411785126 -0.24479755759239197 0.9008741974830627 8.60080337524414 0.0 0.0 0.0 1.0
-0.7140382528305054 -0.5506863594055176 -0.4323123097419739 -0.13336603343486786 0.5999455451965332 -0.7995650768280029 0.027585424482822418 0.07254599779844284 -0.36085274815559387 -0.23966680467128754 0.901301920413971 8.411516189575195 0.0 0.0 0.0 1.0
-0.721759557723999 -0.5458031892776489 -0.4256313443183899 -0.21202775835990906 0.5940090417861938 -0.804104745388031 0.02384987473487854 0.12516656517982483 -0.35526952147483826 -0.23561497032642365 0.9045823216438293 8.319245338439941 0.0 0.0 0.0 1.0
-0.7350276112556458 -0.5345792770385742 -0.4170844554901123 -0.12590155005455017 0.5812965631484985 -0.8134874701499939 0.018232647329568863 0.13127173483371735 -0.349039763212204 -0.2290482521057129 0.9086848497390747 8.342312812805176 0.0 0.0 0.0 1.0
-0.8354724049568176 -0.4409541189670563 -0.32794108986854553 0.05194876343011856 0.480087012052536 -0.8760596513748169 -0.04512199014425278 -0.12265187501907349 -0.26739922165870667 -0.19513842463493347 0.943619966506958 8.18669319152832 0.0 0.0 0.0 1.0
-0.8524088859558105 -0.4328124225139618 -0.2933811545372009 0.2502565383911133 0.4686777889728546 -0.8812106847763062 -0.06171557307243347 0.035119034349918365 -0.23181934654712677 -0.19010813534259796 0.9540014266967773 8.332130432128906 0.0 0.0 0.0 1.0
-0.8669314384460449 -0.4203832447528839 -0.2677832245826721 0.32674890756607056 0.4527290165424347 -0.8888749480247498 -0.07026895880699158 0.06678374111652374 -0.2084859013557434 -0.18215160071849823 0.9609133005142212 8.362305641174316 0.0 0.0 0.0 1.0
-0.8864180445671082 -0.39102160930633545 -0.24771995842456818 0.243907630443573 0.4204835891723633 -0.903964638710022 -0.07772699743509293 -0.222657710313797 -0.1935371458530426 -0.17306078970432281 0.9657087326049805 8.333465576171875 0.0 0.0 0.0 1.0
-0.9024247527122498 -0.364366352558136 -0.22992779314517975 0.24726897478103638 0.39109742641448975 -0.9166566729545593 -0.08236125856637955 -0.3614100515842438 -0.18075516819953918 -0.1642490029335022 0.9697163701057434 8.287186622619629 0.0 0.0 0.0 1.0
-0.9747787714004517 -0.2001252919435501 -0.09877371788024902 0.12350720912218094 0.20949947834014893 -0.9730916619300842 -0.09593024104833603 -0.0932297557592392 -0.07691781967878342 -0.1142038032412529 0.9904752373695374 8.634932518005371 0.0 0.0 0.0 1.0
-0.9882775545120239 -0.14177383482456207 -0.05663612112402916 0.2692197859287262 0.14704544842243195 -0.9837074875831604 -0.10342743992805481 -0.14225709438323975 -0.04105006903409958 -0.11054310202598572 0.9930232167243958 8.671796798706055 0.0 0.0 0.0 1.0
-0.9977357387542725 -0.06292299181222916 -0.023751892149448395 0.3642582297325134 0.0651165097951889 -0.9921232461929321 -0.10701073706150055 -0.10502028465270996 -0.01683136820793152 -0.10831507295370102 0.9939740896224976 8.573278427124023 0.0 0.0 0.0 1.0
-0.999945878982544 -0.00903378427028656 -0.005161179695278406 0.2684168219566345 0.009534771554172039 -0.9942004084587097 -0.10711976885795593 0.15458637475967407 -0.004163550212979317 -0.10716318339109421 0.994232714176178 8.775317192077637 0.0 0.0 0.0 1.0
-0.9999433755874634 0.01035931147634983 0.0024302909150719643 0.25311219692230225 -0.010559076443314552 -0.9942696690559387 -0.1063779890537262 0.2786914110183716 0.001314361928962171 -0.10639762878417969 0.9943227767944336 8.746196746826172 0.0 0.0 0.0 1.0
-0.9911561012268066 0.056814081966876984 0.1199236586689949 -0.2745077610015869 -0.06915140897035599 -0.9924439191818237 -0.10135658830404282 0.5987805724143982 0.11325902491807938 -0.10875309258699417 0.9875956177711487 8.289833068847656 0.0 0.0 0.0 1.0
-0.9906805157661438 0.056321799755096436 0.12401595711708069 -0.4173864722251892 -0.06876201927661896 -0.9927655458450317 -0.09842967242002487 0.566861629486084 0.1175750344991684 -0.10603994876146317 0.9873862862586975 8.213210105895996 0.0 0.0 0.0 1.0
-0.9894625544548035 0.056618984788656235 0.1332598179578781 -0.42844903469085693 -0.07017567753791809 -0.9925763010978699 -0.09933634847402573 0.4341220259666443 0.12664620578289032 -0.10764119029045105 0.9860903024673462 8.077486038208008 0.0 0.0 0.0 1.0
-0.9866624474525452 0.0775093138217926 0.1431417465209961 -0.5738630890846252 -0.09239466488361359 -0.9906429648399353 -0.1004478931427002 0.42198145389556885 0.1340167075395584 -0.11233369261026382 0.9845916032791138 7.995683670043945 0.0 0.0 0.0 1.0
-0.9802220463752747 0.10462036728858948 0.1679859757423401 -0.6789162755012512 -0.12367048859596252 -0.9865112900733948 -0.10724326968193054 0.562296450138092 0.15450023114681244 -0.1258971244096756 0.9799385666847229 8.19965934753418 0.0 0.0 0.0 1.0
-0.947858452796936 0.1769317090511322 0.26506507396698 0.02253265678882599 -0.23117142915725708 -0.9542401432991028 -0.18969856202602386 0.14794917404651642 0.21937204897403717 -0.24108286201953888 0.9453861713409424 8.210325241088867 0.0 0.0 0.0 1.0
-0.938116192817688 0.19055886566638947 0.2891804575920105 0.19918780028820038 -0.2505262792110443 -0.9499257802963257 -0.18675528466701508 0.5080249905586243 0.23911210894584656 -0.24764546751976013 0.9388808012008667 8.250432968139648 0.0 0.0 0.0 1.0
-0.9335293769836426 0.192561537027359 0.30239543318748474 0.2715924382209778 -0.256507009267807 -0.9480506181716919 -0.18816007673740387 0.7996138334274292 0.25045377016067505 -0.25321951508522034 0.9344264268875122 8.309633255004883 0.0 0.0 0.0 1.0
-0.9302436113357544 0.19457580149173737 0.31110626459121704 0.3129052221775055 -0.2595806121826172 -0.9481963515281677 -0.18314360082149506 1.0617698431015015 0.25935453176498413 -0.251125305891037 0.9325616955757141 8.313894271850586 0.0 0.0 0.0 1.0
-0.9298336505889893 0.19432270526885986 0.3124868869781494 0.2695220708847046 -0.25973230600357056 -0.9481338262557983 -0.18325218558311462 1.1813678741455078 0.2606693208217621 -0.25155699253082275 0.9320786595344543 8.406343460083008 0.0 0.0 0.0 1.0
-0.9302000999450684 0.19207239151000977 0.31278741359710693 0.32096320390701294 -0.26470014452934265 -0.9413831830024719 -0.20912086963653564 1.093350887298584 0.2542864680290222 -0.2773191034793854 0.9265163540840149 8.64153003692627 0.0 0.0 0.0 1.0
-0.9302204251289368 0.19256043434143066 0.31242674589157104 0.3350139558315277 -0.26605847477912903 -0.9402018189430237 -0.2126813679933548 1.0793083906173706 0.2527901828289032 -0.28096434473991394 0.9258272647857666 8.62621021270752 0.0 0.0 0.0 1.0