-0.12245240807533264 -0.31166738271713257 -0.9422679543495178 0.18494033813476562 0.4026590883731842 -0.8833653330802917 0.2398570030927658 0.7426047325134277 -0.9071224331855774 -0.3500416874885559 0.23366591334342957 8.833622932434082 0.0 0.0 0.0 1.0
-0.1267854869365692 -0.30619746446609497 -0.9434874653816223 0.1773199737071991 0.396392285823822 -0.8875541687011719 0.23477795720100403 0.7009427547454834 -0.9092846512794495 -0.3442247211933136 0.23390331864356995 8.844483375549316 0.0 0.0 0.0 1.0
-0.14454308152198792 -0.28362634778022766 -0.9479785561561584 0.15301252901554108 0.3757365345954895 -0.9020144939422607 0.21258388459682465 0.5297316908836365 -0.915384829044342 -0.3254626393318176 0.23694874346256256 8.87026596069336 0.0 0.0 0.0 1.0
-0.16954399645328522 -0.28665152192115784 -0.9429134130477905 0.2257305532693863 0.35799166560173035 -0.9093230366706848 0.21206983923912048 0.5486426949501038 -0.9182030558586121 -0.30159997940063477 0.25678911805152893 8.861343383789062 0.0 0.0 0.0 1.0
-0.20325356721878052 -0.28166449069976807 -0.937738299369812 0.3639187514781952 0.364148885011673 -0.9107754826545715 0.1946370005607605 0.5160629153251648 -0.9088913798332214 -0.30191570520401 0.28768619894981384 8.926432609558105 0.0 0.0 0.0 1.0
-0.41363731026649475 -0.28237658739089966 -0.8655446767807007 1.2466726303100586 0.3054717481136322 -0.9386222958564758 0.16023489832878113 0.7842577695846558 -0.8576661348342896 -0.19812031090259552 0.47450727224349976 8.946128845214844 0.0 0.0 0.0 1.0
-0.42970070242881775 -0.285693883895874 -0.8565840721130371 1.297011137008667 0.31734028458595276 -0.9358953833580017 0.1529543250799179 0.8132829070091248 -0.8453711867332458 -0.20610405504703522 0.49281707406044006 8.983118057250977 0.0 0.0 0.0 1.0
-0.44241848587989807 -0.2907783091068268 -0.8483595252037048 1.3252053260803223 0.32202476263046265 -0.9343955516815186 0.15233194828033447 0.8660350441932678 -0.8369981646537781 -0.20579829812049866 0.5070316791534424 9.022796630859375 0.0 0.0 0.0 1.0
-0.45490866899490356 -0.28720733523368835 -0.8429531455039978 1.290178894996643 0.3164094090461731 -0.9369315505027771 0.14847354590892792 0.8864208459854126 -0.8324320912361145 -0.19917641580104828 0.5170933604240417 8.989327430725098 0.0 0.0 0.0 1.0
-0.4720502495765686 -0.27792954444885254 -0.8366144299507141 1.3002172708511353 0.3105023503303528 -0.9406076073646545 0.13727937638759613 0.860639750957489 -0.8250799179077148 -0.19496800005435944 0.5303118228912354 9.095132827758789 0.0 0.0 0.0 1.0
-0.543483316898346 -0.2646016478538513 -0.7966253161430359 0.9942439198493958 0.2808377146720886 -0.9516464471817017 0.12449593096971512 0.8556110262870789 -0.7910474538803101 -0.15606097877025604 0.5915140509605408 9.028949737548828 0.0 0.0 0.0 1.0
-0.5652390718460083 -0.2640495300292969 -0.7815258502960205 1.0454435348510742 0.28889793157577515 -0.9507529735565186 0.11227970570325851 0.8477267622947693 -0.7726854681968689 -0.16231633722782135 0.6136860847473145 9.02296257019043 0.0 0.0 0.0 1.0
-0.5858278870582581 -0.26338061690330505 -0.7664439678192139 1.1439464092254639 0.291425496339798 -0.9509206414222717 0.10402441769838333 0.810613214969635 -0.7562254071235657 -0.16242089867591858 0.6338316798210144 8.935806274414062 0.0 0.0 0.0 1.0
-0.6008976697921753 -0.25865352153778076 -0.7563202977180481 1.2188720703125 0.29506438970565796 -0.9511480927467346 0.09085345268249512 0.7327761054039001 -0.7428721785545349 -0.16856954991817474 0.6478620767593384 8.890356063842773 0.0 0.0 0.0 1.0
-0.6106406450271606 -0.25718754529953003 -0.7489809989929199 1.2844618558883667 0.30373674631118774 -0.9495235681533813 0.07841537892818451 0.6806089282035828 -0.7313425540924072 -0.17960944771766663 0.6579350233078003 8.883747100830078 0.0 0.0 0.0 1.0
-0.6946375370025635 -0.25481119751930237 -0.6727182865142822 1.4877618551254272 0.28677764534950256 -0.9557287096977234 0.06588767468929291 0.6556056141853333 -0.6597251296043396 -0.14715252816677094 0.7369592189788818 8.438251495361328 0.0 0.0 0.0 1.0
-0.7028484344482422 -0.2565973997116089 -0.6634469032287598 1.4494078159332275 0.28563642501831055 -0.9559832811355591 0.06713980436325073 0.6615982055664062 -0.6514720916748047 -0.14231550693511963 0.7452049255371094 8.374455451965332 0.0 0.0 0.0 1.0
-0.7129387259483337 -0.2531002461910248 -0.6539561152458191 1.417984962463379 0.2765428423881531 -0.958486795425415 0.06947733461856842 0.6751356720924377 -0.6443930268287659 -0.13131380081176758 0.7533354163169861 8.32180404663086 0.0 0.0 0.0 1.0
-0.7370630502700806 -0.24308380484580994 -0.6305936574935913 1.5084019899368286 0.26667508482933044 -0.9619712829589844 0.05912410095334053 0.6598748564720154 -0.6209850907325745 -0.12458543479442596 0.773857831954956 8.29200553894043 0.0 0.0 0.0 1.0
-0.76165771484375 -0.22570130228996277 -0.607401430606842 1.557340383529663 0.24221085011959076 -0.968595027923584 0.05619247630238533 0.6545420289039612 -0.6010087132453918 -0.10431978851556778 0.7924051284790039 8.24722957611084 0.0 0.0 0.0 1.0
-0.8604410290718079 -0.20612801611423492 -0.46599623560905457 1.750636100769043 0.20907676219940186 -0.9768152236938477 0.046032048761844635 0.7615681290626526 -0.4646807014942169 -0.0578211210668087 0.883588433265686 8.01564884185791 0.0 0.0 0.0 1.0
-0.8791481852531433 -0.19174210727214813 -0.4362722337245941 1.798225998878479 0.19449956715106964 -0.9801338911056519 0.03882669284939766 0.7334600687026978 -0.4350498914718628 -0.05072034150362015 0.8989766836166382 7.974043846130371 0.0 0.0 0.0 1.0
-0.888333261013031 -0.19082653522491455 -0.417671263217926 1.7127434015274048 0.19208796322345734 -0.980583906173706 0.03946477919816971 0.7199702858924866 -0.41709262132644653 -0.04517174884676933 0.9077407121658325 7.971627235412598 0.0 0.0 0.0 1.0
-0.8919682502746582 -0.19864767789840698 -0.40611788630485535 1.6035791635513306 0.19918297231197357 -0.9790858626365662 0.04143688455224037 0.7491627931594849 -0.40585562586784363 -0.04393137991428375 0.9128807187080383 7.951150894165039 0.0 0.0 0.0 1.0
-0.9026188254356384 -0.18717648088932037 -0.3876135051250458 1.5765191316604614 0.1880846619606018 -0.9814937710762024 0.035973452031612396 0.6933044791221619 -0.3871736526489258 -0.040433838963508606 0.9211198091506958 7.960398197174072 0.0 0.0 0.0 1.0
-0.9484706521034241 -0.10106035321950912 -0.30031678080558777 1.3041412830352783 0.10217974334955215 -0.9946933388710022 0.012019208632409573 0.4940733313560486 -0.29993778467178345 -0.019286423921585083 0.9537637829780579 7.967962741851807 0.0 0.0 0.0 1.0
-0.9529048204421997 -0.0864119753241539 -0.2906981408596039 1.2569327354431152 0.0864696353673935 -0.9961738586425781 0.012673010118305683 0.4684879183769226 -0.29068100452423096 -0.013060390017926693 0.9567309021949768 7.9061079025268555 0.0 0.0 0.0 1.0
-0.9593765139579773 -0.05878189206123352 -0.27593737840652466 1.2636357545852661 0.056266531348228455 -0.9982705116271973 0.01703082025051117 0.42748531699180603 -0.27646127343177795 0.000812929414678365 0.9610247015953064 7.834630012512207 0.0 0.0 0.0 1.0
-0.9631209969520569 -0.051104217767715454 -0.2641710937023163 1.2452930212020874 0.04925190284848213 -0.9986933469772339 0.013634730130434036 0.38304296135902405 -0.2645227015018463 0.00012096665886929259 0.9643794298171997 7.7753071784973145 0.0 0.0 0.0 1.0
-0.9671337604522705 -0.06517757475376129 -0.24577268958091736 1.2397561073303223 0.06482154130935669 -0.9978511929512024 0.00954713299870491 0.37974366545677185 -0.2458668351173401 -0.0066980100236833096 0.969280481338501 7.738226413726807 0.0 0.0 0.0 1.0
-0.9960011839866638 0.014996270649135113 -0.0880725085735321 1.365922451019287 -0.015883037820458412 -0.999829888343811 0.009376408532261848 0.2353949397802353 -0.08791691064834595 0.010737773030996323 0.9960699081420898 7.5868330001831055 0.0 0.0 0.0 1.0
-0.9979048371315002 0.00018195167649537325 -0.06469851732254028 1.347486972808838 -0.0002349775895709172 -0.9999996423721313 0.000811976264230907 0.20970244705677032 -0.06469834595918655 0.0008254777640104294 0.9979045391082764 7.57213830947876 0.0 0.0 0.0 1.0
-0.9985904097557068 -0.0016128093702718616 -0.053052570670843124 1.321448802947998 0.0015585222281515598 -0.9999982118606567 0.0010646276641637087 0.19390220940113068 -0.053054191172122955 0.0009804433211684227 0.9985911250114441 7.530323028564453 0.0 0.0 0.0 1.0
-0.9995363354682922 -0.006737829186022282 -0.029692985117435455 1.3016728162765503 0.00671729538589716 -0.9999771118164062 0.0007912290166132152 0.20689573884010315 -0.029697636142373085 0.0005914056673645973 0.9995587468147278 7.419076919555664 0.0 0.0 0.0 1.0
-0.9997779726982117 -0.0001527334243291989 -0.021072285249829292 1.2559845447540283 0.0001513324968982488 -1.0 6.807594036217779e-05 0.19079016149044037 -0.021072296425700188 6.487190694315359e-05 0.9997779726982117 7.378360748291016 0.0 0.0 0.0 1.0
-0.9970641732215881 0.043925829231739044 0.06271785497665405 1.0061030387878418 -0.042538002133369446 -0.9988232254981995 0.023295147344470024 0.16105537116527557 0.06366730481386185 0.02055886574089527 0.9977594017982483 7.033187389373779 0.0 0.0 0.0 1.0
-0.9952087998390198 0.04767817258834839 0.08535964787006378 0.9794496297836304 -0.045245517045259476 -0.9985189437866211 0.030211256816983223 0.17985062301158905 0.08667363971471786 0.026204366236925125 0.9958920478820801 6.966877460479736 0.0 0.0 0.0 1.0
-0.992395281791687 0.056633755564689636 0.1092897355556488 0.9605834484100342 -0.05362541228532791 -0.998102068901062 0.030274244025349617 0.18254651129245758 0.11079685389995575 0.024183308705687523 0.9935488104820251 6.966104030609131 0.0 0.0 0.0 1.0
-0.9874464273452759 0.07839255034923553 0.13712838292121887 0.9685007333755493 -0.07411158084869385 -0.9965978264808655 0.036058392375707626 0.17822766304016113 0.1394885629415512 0.025442928075790405 0.9898967742919922 6.968815326690674 0.0 0.0 0.0 1.0
-0.9810009002685547 0.09353405237197876 0.16996663808822632 0.9683117270469666 -0.08844976127147675 -0.9953835010528564 0.0372600220143795 0.14617860317230225 0.17266707122325897 0.021518606692552567 0.9847451448440552 6.98259973526001 0.0 0.0 0.0 1.0
-0.9698702692985535 0.1047610342502594 0.2199471890926361 0.2712276875972748 -0.09420932084321976 -0.9938639998435974 0.05795663967728615 0.20083291828632355 0.2246691882610321 0.03548934683203697 0.9737886190414429 6.884187698364258 0.0 0.0 0.0 1.0
-0.9628804326057434 0.1265609860420227 0.23841889202594757 0.22507436573505402 -0.1162337139248848 -0.9915879964828491 0.05694674700498581 0.1809508055448532 0.24362054467201233 0.027120597660541534 0.9694913625717163 6.884546279907227 0.0 0.0 0.0 1.0
-0.956603467464447 0.14289303123950958 0.25395163893699646 0.15730656683444977 -0.13028298318386078 -0.9892850518226624 0.0658896416425705 0.16716639697551727 0.2606457471847534 0.029944680631160736 0.9649699926376343 6.8224873542785645 0.0 0.0 0.0 1.0
-0.9528806805610657 0.14455707371234894 0.26668640971183777 0.07568401843309402 -0.12952540814876556 -0.988869309425354 0.07321629673242569 0.19594261050224304 0.2743019163608551 0.03522372990846634 0.9609982967376709 6.798705577850342 0.0 0.0 0.0 1.0
-0.9521006941795349 0.13701795041561127 0.27336859703063965 -0.011973208747804165 -0.11750062555074692 -0.989288330078125 0.08661504089832306 0.2538415789604187 0.2823081910610199 0.05034525692462921 0.9580017924308777 6.742755889892578 0.0 0.0 0.0 1.0
-0.8669392466545105 0.23919685184955597 0.4372655749320984 -0.0070642391219735146 -0.20270094275474548 -0.9706915020942688 0.12911364436149597 0.33282265067100525 0.45533353090286255 0.02329954504966736 0.8900160193443298 6.843948841094971 0.0 0.0 0.0 1.0
-0.85798180103302 0.22997349500656128 0.4593249261379242 -0.029540330171585083 -0.19270014762878418 -0.9729783535003662 0.12719973921775818 0.30087143182754517 0.476165771484375 0.020623087882995605 0.8791136741638184 6.884254455566406 0.0 0.0 0.0 1.0
-0.8538934588432312 0.22417888045310974 0.4696911871433258 -0.18030929565429688 -0.18887647986412048 -0.9744292497634888 0.12170989066362381 0.2354445606470108 0.48496562242507935 0.015213657170534134 0.8744008541107178 6.860788822174072 0.0 0.0 0.0 1.0
-0.8453348278999329 0.21966873109340668 0.48698532581329346 -0.2022014707326889 -0.1865636259317398 -0.975546658039093 0.11620137095451355 0.17477202415466309 0.5006027221679688 0.007375312503427267 0.865645706653595 6.854054927825928 0.0 0.0 0.0 1.0
-0.8276482224464417 0.23284761607646942 0.5106666088104248 -0.20273324847221375 -0.20664699375629425 -0.9723855257034302 0.10845945030450821 0.10637027025222778 0.5218193531036377 -0.01576145552098751 0.8529103994369507 6.879611968994141 0.0 0.0 0.0 1.0
-0.7038826942443848 0.2864589989185333 0.6499925851821899 -0.13061469793319702 -0.2523459494113922 -0.9562281370162964 0.14815279841423035 0.05849709361791611 0.6639809012413025 -0.05974080413579941 0.7453592419624329 7.09994649887085 0.0 0.0 0.0 1.0
-0.6714025735855103 0.30304983258247375 0.6762983202934265 -0.11051198840141296 -0.2717078626155853 -0.9496827125549316 0.15581265091896057 0.04813016951084137 0.6894878149032593 -0.07914255559444427 0.7199604511260986 7.210177421569824 0.0 0.0 0.0 1.0
-0.6424514055252075 0.32689395546913147 0.6931064128875732 -0.12617507576942444 -0.2987845540046692 -0.9397261738777161 0.1662605255842209 0.0749514102935791 0.7056797742843628 -0.10027517378330231 0.7013992667198181 7.287307262420654 0.0 0.0 0.0 1.0
-0.6195196509361267 0.3358505964279175 0.7095066905021667 -0.1143522784113884 -0.30089181661605835 -0.9364150166511536 0.18052984774112701 0.1254783421754837 0.7250238060951233 -0.10164298117160797 0.6811822056770325 7.321510314941406 0.0 0.0 0.0 1.0
-0.602186918258667 0.3379155397415161 0.7233145833015442 -0.11263768374919891 -0.295060396194458 -0.9360594749450684 0.1916559487581253 0.15657758712768555 0.741828978061676 -0.09800878167152405 0.6633882522583008 7.331375598907471 0.0 0.0 0.0 1.0
-0.46831396222114563 0.432578444480896 0.7704271078109741 -0.12498096376657486 -0.31770002841949463 -0.896079957485199 0.3100118637084961 0.4932624399662018 0.824468731880188 -0.09958181530237198 0.5570769906044006 6.8775129318237305 0.0 0.0 0.0 1.0
-0.4609149396419525 0.43444114923477173 0.7738335132598877 -0.14447101950645447 -0.30332499742507935 -0.8965859413146973 0.3226880133152008 0.4982462525367737 0.8339971899986267 -0.08599133044481277 0.5450267195701599 6.781337261199951 0.0 0.0 0.0 1.0
-0.4456528127193451 0.43848681449890137 0.7804632782936096 -0.12665905058383942 -0.29794567823410034 -0.8947733640670776 0.3325793743133545 0.5356864929199219 0.8441693782806396 -0.08432073146104813 0.5294035077095032 6.791831016540527 0.0 0.0 0.0 1.0
-0.4338691830635071 0.43187129497528076 0.7907241582870483 -0.1624516397714615 -0.24731282889842987 -0.9010063409805298 0.3564041554927826 0.5474309921264648 0.8663682341575623 -0.04092345014214516 0.4977262020111084 6.719176292419434 0.0 0.0 0.0 1.0
-0.4519397020339966 0.40098837018013 0.7968430519104004 -0.4035707116127014 -0.22632469236850739 -0.9155875444412231 0.3323802053928375 0.3806934952735901 0.8628601431846619 -0.030129456892609596 0.5045439004898071 6.780350685119629 0.0 0.0 0.0 1.0
-0.136973574757576 0.4425453841686249 0.886223316192627 0.18590348958969116 -0.3139553368091583 -0.8679264187812805 0.3848840892314911 0.06086962670087814 0.9395053386688232 -0.22551560401916504 0.2578224837779999 6.928979873657227 0.0 0.0 0.0 1.0
-0.14136987924575806 0.43671077489852905 0.8884245753288269 0.059600211679935455 -0.3077687621116638 -0.8723540902137756 0.3798377513885498 0.052122507244348526 0.9409000873565674 -0.21973173320293427 0.25773051381111145 6.97157096862793 0.0 0.0 0.0 1.0
-0.13901439309120178 0.439063161611557 0.8876364827156067 -0.014793438836932182 -0.29864567518234253 -0.8731959462165833 0.3851487934589386 0.07133403420448303 0.9441852569580078 -0.2115475833415985 0.2525111436843872 6.870177745819092 0.0 0.0 0.0 1.0
-0.11363275349140167 0.44584140181541443 0.8878699541091919 0.02204270102083683 -0.30626624822616577 -0.8658573031425476 0.39559078216552734 0.1038379892706871 0.945139467716217 -0.2269725352525711 0.23493592441082 6.865337371826172 0.0 0.0 0.0 1.0
-0.08571120351552963 0.45444634556770325 0.8866409063339233 -0.0141455652192235 -0.33856767416000366 -0.850243091583252 0.40306150913238525 0.12943170964717865 0.9370301365852356 -0.26564106345176697 0.22673620283603668 6.853118419647217 0.0 0.0 0.0 1.0
0.025603147223591805 0.4705292880535126 0.8820128440856934 0.05889183282852173 -0.37653008103370667 -0.8127852082252502 0.444528192281723 0.29283806681632996 0.9260505437850952 -0.34348568320274353 0.15635856986045837 7.112149715423584 0.0 0.0 0.0 1.0
0.04783674329519272 0.46661704778671265 0.8831648826599121 0.11697815358638763 -0.3800514042377472 -0.8091720938682556 0.4481087625026703 0.29804471135139465 0.9237275719642639 -0.35708409547805786 0.13863030076026917 7.189608097076416 0.0 0.0 0.0 1.0
0.06693199276924133 0.4586310088634491 0.886102557182312 0.17273136973381042 -0.38135823607444763 -0.8089047074317932 0.44748079776763916 0.26896247267723083 0.9220010638237 -0.36787328124046326 0.12076111137866974 7.342060089111328 0.0 0.0 0.0 1.0
0.08687273412942886 0.44972148537635803 0.8889340162277222 0.24056893587112427 -0.37692633271217346 -0.8111352920532227 0.4471980631351471 0.2540030777454376 0.9221603274345398 -0.37391197681427 0.09904634207487106 7.396491527557373 0.0 0.0 0.0 1.0
0.10028574615716934 0.43850234150886536 0.8931172490119934 0.27801793813705444 -0.3696715831756592 -0.816963255405426 0.44262170791625977 0.2367430031299591 0.9237346649169922 -0.3745487332344055 0.0801720842719078 7.5455451011657715 0.0 0.0 0.0 1.0
0.153290793299675 0.42618048191070557 0.8915560245513916 0.31271350383758545 -0.35750287771224976 -0.8171889781951904 0.45209935307502747 0.3056548833847046 0.9212456941604614 -0.3880365192890167 0.027093207463622093 7.931178092956543 0.0 0.0 0.0 1.0
0.17487064003944397 0.4258308708667755 0.8877434134483337 0.3244045078754425 -0.36060258746147156 -0.8112894892692566 0.4601903259754181 0.3210952579975128 0.9161801338195801 -0.4005963206291199 0.011684998869895935 7.902427673339844 0.0 0.0 0.0 1.0
0.19727985560894012 0.4249584376811981 0.8834540247917175 0.3370276391506195 -0.37307488918304443 -0.8008160591125488 0.46851757168769836 0.3470611274242401 0.9065846800804138 -0.42202359437942505 0.0005564524908550084 7.912678241729736 0.0 0.0 0.0 1.0
0.2179674357175827 0.4261188805103302 0.878016471862793 0.36641475558280945 -0.35969236493110657 -0.8012434840202332 0.4781529903411865 0.3748539686203003 0.9072549939155579 -0.4200375974178314 -0.021373290568590164 7.900519371032715 0.0 0.0 0.0 1.0
0.23383650183677673 0.43365728855133057 0.8702079057693481 0.3555636703968048 -0.3600556254386902 -0.7927651405334473 0.4918164014816284 0.4383833110332489 0.9031502604484558 -0.42832788825035095 -0.029236679896712303 7.892344951629639 0.0 0.0 0.0 1.0
0.3834608197212219 0.41401320695877075 0.8255609273910522 0.582525372505188 -0.35105419158935547 -0.7614574432373047 0.5449252128601074 0.5911378860473633 0.8542357683181763 -0.49877411127090454 -0.14664803445339203 8.162020683288574 0.0 0.0 0.0 1.0
0.40664395689964294 0.41208067536354065 0.8153712153434753 0.631323516368866 -0.3360867500305176 -0.7624323964118958 0.5529399514198303 0.6009746789932251 0.849521279335022 -0.4988851249217987 -0.1715436577796936 8.207084655761719 0.0 0.0 0.0 1.0
0.4216580390930176 0.4089125692844391 0.8093175888061523 0.6315171122550964 -0.3216126263141632 -0.7670707106590271 0.5551286935806274 0.5965055823326111 0.8478029370307922 -0.4943612515926361 -0.19193007051944733 8.258882522583008 0.0 0.0 0.0 1.0
0.4374191462993622 0.4073992669582367 0.8016796708106995 0.6331208944320679 -0.31216496229171753 -0.7672615051269531 0.5602346062660217 0.585853099822998 0.8433371186256409 -0.4953136444091797 -0.20843909680843353 8.253278732299805 0.0 0.0 0.0 1.0
0.4442790746688843 0.4078592360019684 0.7976634502410889 0.5977861285209656 -0.3016541004180908 -0.7702676653862 0.5618652701377869 0.5669620037078857 0.8435762524604797 -0.49024340510368347 -0.2191813886165619 8.239900588989258 0.0 0.0 0.0 1.0
0.5324956774711609 0.37913191318511963 0.7567743062973022 0.41607412695884705 -0.31450673937797546 -0.7414405345916748 0.5927490592002869 0.48319077491760254 0.7858332395553589 -0.5536469221115112 -0.27557432651519775 7.927097320556641 0.0 0.0 0.0 1.0
0.5399065613746643 0.37782469391822815 0.7521631717681885 0.3982853293418884 -0.2997984290122986 -0.74867844581604 0.5912711024284363 0.42353370785713196 0.7865251302719116 -0.5447284579277039 -0.2909451425075531 7.884347915649414 0.0 0.0 0.0 1.0
0.5548635721206665 0.3661097288131714 0.7470542788505554 0.38466617465019226 -0.2915036678314209 -0.7554805874824524 0.586749255657196 0.3263794779777527 0.7791996002197266 -0.5433348417282104 -0.3124663531780243 7.891875267028809 0.0 0.0 0.0 1.0
0.5757408142089844 0.3550325334072113 0.7365285754203796 0.4149594306945801 -0.2881755232810974 -0.7548898458480835 0.5891487002372742 0.2979685068130493 0.7651649117469788 -0.5514464974403381 -0.33230921626091003 7.894381523132324 0.0 0.0 0.0 1.0
0.6019527316093445 0.3410104215145111 0.722055971622467 0.45850181579589844 -0.28730034828186035 -0.7511904835700989 0.5942822098731995 0.29327961802482605 0.745058000087738 -0.5651767253875732 -0.354208767414093 7.935080528259277 0.0 0.0 0.0 1.0
0.7471296787261963 0.3000783622264862 0.5930853486061096 1.0435669422149658 -0.20294594764709473 -0.7466912865638733 0.6334549188613892 0.3166302442550659 0.6329377889633179 -0.593637228012085 -0.49697551131248474 8.217848777770996 0.0 0.0 0.0 1.0
0.752827525138855 0.306974321603775 0.582252025604248 1.0194767713546753 -0.18626274168491364 -0.7490780353546143 0.6357580423355103 0.3231108486652374 0.6313136219978333 -0.5870680212974548 -0.5067486763000488 8.171836853027344 0.0 0.0 0.0 1.0
0.7611188888549805 0.30276671051979065 0.5736116170883179 0.9551647901535034 -0.19155120849609375 -0.7399978637695312 0.6447567343711853 0.3730182349681854 0.6196823120117188 -0.6006125807762146 -0.5052310228347778 8.085365295410156 0.0 0.0 0.0 1.0
0.7727175354957581 0.2863940894603729 0.5664680600166321 0.8898390531539917 -0.20210595428943634 -0.7349720597267151 0.6472783088684082 0.3683513402938843 0.6017149090766907 -0.6146498918533325 -0.5100438594818115 8.038735389709473 0.0 0.0 0.0 1.0
0.7772002220153809 0.27285879850387573 0.5670166611671448 0.732584536075592 -0.21792258322238922 -0.7286179065704346 0.6493270993232727 0.41468605399131775 0.5903131365776062 -0.6282228827476501 -0.5068199038505554 8.099386215209961 0.0 0.0 0.0 1.0
0.8449327945709229 0.23878255486488342 0.4786141514778137 0.5477558374404907 -0.17670224606990814 -0.7199646234512329 0.6711387634277344 0.3538322150707245 0.5048415064811707 -0.6516393423080444 -0.5661283135414124 8.101930618286133 0.0 0.0 0.0 1.0
0.8574756979942322 0.22728724777698517 0.46160146594047546 0.5342456102371216 -0.16928313672542572 -0.7225720882415771 0.67024827003479 0.3149728775024414 0.48587924242019653 -0.6528629660606384 -0.5811121463775635 8.191191673278809 0.0 0.0 0.0 1.0
0.8706865310668945 0.2173614799976349 0.44120171666145325 0.5622028708457947 -0.15741856396198273 -0.7267026305198669 0.6686723232269287 0.28749439120292664 0.46596604585647583 -0.6516573429107666 -0.5985134840011597 8.290611267089844 0.0 0.0 0.0 1.0
0.8805484771728516 0.21287667751312256 0.4234594404697418 0.5598347783088684 -0.14619551599025726 -0.7278961539268494 0.6699209809303284 0.2888229191303253 0.45084503293037415 -0.6518057584762573 -0.6098262071609497 8.342389106750488 0.0 0.0 0.0 1.0
0.8856258392333984 0.2250077873468399 0.40624919533729553 0.505649983882904 -0.12493972480297089 -0.7270886301994324 0.6750794053077698 0.3372662663459778 0.4472772777080536 -0.6486244201660156 -0.615816056728363 8.354961395263672 0.0 0.0 0.0 1.0
0.9309228658676147 0.17933179438114166 0.3181552290916443 0.19724304974079132 -0.09721638262271881 -0.718035101890564 0.6891839504241943 0.2534203827381134 0.35203924775123596 -0.6725069880485535 -0.6510013341903687 8.150835037231445 0.0 0.0 0.0 1.0
0.9339463710784912 0.1740209460258484 0.3121872842311859 0.06895693391561508 -0.09547851979732513 -0.7202448844909668 0.6871179938316345 0.21259120106697083 0.34442421793937683 -0.6715385317802429 -0.6560548543930054 8.149296760559082 0.0 0.0 0.0 1.0
0.9367624521255493 0.17631512880325317 0.302306205034256 -0.0052745104767382145 -0.08505184203386307 -0.723221480846405 0.6853589415550232 0.18713967502117157 0.3394734859466553 -0.6677302718162537 -0.6624907851219177 8.134093284606934 0.0 0.0 0.0 1.0
0.9443463683128357 0.16855932772159576 0.28248485922813416 -0.02644932270050049 -0.07770753651857376 -0.720126748085022 0.6894773244857788 0.18926820158958435 0.3196427524089813 -0.6730566024780273 -0.6669507622718811 8.050625801086426 0.0 0.0 0.0 1.0
0.954813539981842 0.14369457960128784 0.26015958189964294 -0.013180775567889214 -0.07958587259054184 -0.7197666168212891 0.6896390914916992 0.1557004600763321 0.28635159134864807 -0.6791817545890808 -0.6758068203926086 8.022806167602539 0.0 0.0 0.0 1.0
0.9840559363365173 0.10796896368265152 0.1413384974002838 -0.04661791771650314 -0.018794192001223564 -0.7270930409431458 0.6862816214561462 0.08004523068666458 0.17686335742473602 -0.6779958605766296 -0.7134710550308228 7.992868423461914 0.0 0.0 0.0 1.0
0.9864696860313416 0.09932665526866913 0.13042904436588287 -0.04417844116687775 -0.018923476338386536 -0.7212687730789185 0.6923967599868774 0.12773045897483826 0.1628478467464447 -0.6854966282844543 -0.7096301913261414 7.868072509765625 0.0 0.0 0.0 1.0