-0.570457935333252 0.5194122195243835 0.6362300515174866 0.5189656019210815 -0.6031879782676697 -0.7906989455223083 0.10468752682209015 0.9601584672927856 0.5574424266815186 -0.3240464925765991 0.764363706111908 14.954325675964355 0.0 0.0 0.0 1.0
-0.5730456709861755 0.5186263918876648 0.6345434188842773 0.5407640337944031 -0.6028322577476501 -0.7912795543670654 0.10232246667146683 0.8988299369812012 0.5551683902740479 -0.32388779520988464 0.7660840749740601 14.8909273147583 0.0 0.0 0.0 1.0
-0.5762276649475098 0.5180220007896423 0.6321510076522827 0.5719553828239441 -0.6021395921707153 -0.7920776605606079 0.10020424425601959 0.8143517374992371 0.5526207089424133 -0.3229026794433594 0.7683386206626892 14.835586547851562 0.0 0.0 0.0 1.0
-0.5805936455726624 0.5152266025543213 0.6304383873939514 0.5965161323547363 -0.6000038385391235 -0.7941600680351257 0.09646296501159668 0.7302596569061279 0.5503692626953125 -0.32225966453552246 0.7702222466468811 14.917080879211426 0.0 0.0 0.0 1.0
-0.5960829854011536 0.5082160830497742 0.6216119527816772 0.5755771398544312 -0.5915156006813049 -0.8014722466468811 0.08804317563772202 0.6067942380905151 0.5429496765136719 -0.3152121305465698 0.7783616781234741 14.89350414276123 0.0 0.0 0.0 1.0
-0.7031200528144836 0.45396479964256287 0.5473007559776306 -0.048101697117090225 -0.5298281311988831 -0.8478052020072937 0.02254875749349594 0.06850703060626984 0.47424080967903137 -0.27412086725234985 0.8366321921348572 14.89830493927002 0.0 0.0 0.0 1.0
-0.7204930186271667 0.44843652844429016 0.5289560556411743 -0.16420499980449677 -0.5182526111602783 -0.8550176024436951 0.018950028344988823 0.031110240146517754 0.460764616727829 -0.26047950983047485 0.8484376072883606 14.731289863586426 0.0 0.0 0.0 1.0
-0.7300622463226318 0.44628164172172546 0.5175343751907349 -0.23920698463916779 -0.5176355242729187 -0.8555677533149719 0.007570496294647455 -0.0917147770524025 0.4461642801761627 -0.26236724853515625 0.8556289076805115 14.750300407409668 0.0 0.0 0.0 1.0
-0.7424381971359253 0.44415000081062317 0.5015140175819397 -0.1986461877822876 -0.5093803405761719 -0.8605043292045593 0.007994957268238068 -0.05035414546728134 0.43510594964027405 -0.24952563643455505 0.8651126027107239 14.77182388305664 0.0 0.0 0.0 1.0
-0.7608607411384583 0.43675827980041504 0.4799303710460663 -0.1635376363992691 -0.4913354218006134 -0.8708645105361938 0.01358415000140667 0.09825350344181061 0.42388731241226196 -0.2254711389541626 0.8772014379501343 14.605857849121094 0.0 0.0 0.0 1.0
-0.8534421920776367 0.34967100620269775 0.38647982478141785 -0.08865044265985489 -0.37491482496261597 -0.9269962906837463 0.010804225690662861 0.2701631784439087 0.3620432913303375 -0.13567623496055603 0.9222345948219299 14.560869216918945 0.0 0.0 0.0 1.0
-0.8689577579498291 0.33290380239486694 0.36617952585220337 -0.27453064918518066 -0.35525253415107727 -0.9347457885742188 0.006775351241230965 0.2622496485710144 0.3445402979850769 -0.12419870495796204 0.9305195808410645 14.62043285369873 0.0 0.0 0.0 1.0
-0.8819271922111511 0.3198818564414978 0.3462370038032532 -0.437080979347229 -0.33862072229385376 -0.9408987164497375 0.006751539185643196 0.34095361828804016 0.327933669090271 -0.1112886592745781 0.9381227493286133 14.54216480255127 0.0 0.0 0.0 1.0
-0.8918769359588623 0.31312260031700134 0.3263583481311798 -0.5585353374481201 -0.3267846703529358 -0.9450004696846008 0.013633204624056816 0.5167113542556763 0.31267765164375305 -0.09448976069688797 0.9451478123664856 14.464631080627441 0.0 0.0 0.0 1.0
-0.8984970450401306 0.30978691577911377 0.31102266907691956 -0.5813754200935364 -0.32254812121391296 -0.9464898705482483 0.010936892591416836 0.3973654806613922 0.29776790738105774 -0.09049301594495773 0.9503395557403564 14.144160270690918 0.0 0.0 0.0 1.0
-0.9366572499275208 0.2161366492509842 0.2756049931049347 -0.1259833425283432 -0.231955885887146 -0.972385585308075 -0.02574332430958748 -0.9936457872390747 0.26243025064468384 -0.08804087340831757 0.9609261751174927 13.657646179199219 0.0 0.0 0.0 1.0
-0.9439523220062256 0.20480337738990784 0.258862167596817 -0.15313251316547394 -0.21688441932201385 -0.976018488407135 -0.01868436299264431 -0.8940149545669556 0.24882762134075165 -0.07378032058477402 0.965733528137207 13.500487327575684 0.0 0.0 0.0 1.0
-0.9526610970497131 0.18817810714244843 0.23880085349082947 -0.2212841659784317 -0.19797615706920624 -0.9800505042076111 -0.017504649236798286 -0.8465735912322998 0.2307429015636444 -0.06395287066698074 0.9709107875823975 13.497113227844238 0.0 0.0 0.0 1.0
-0.9583814740180969 0.17513804137706757 0.22545869648456573 -0.23025555908679962 -0.1832975149154663 -0.982933521270752 -0.015612183138728142 -0.785592794418335 0.21887663006782532 -0.056288447231054306 0.9741276502609253 13.439680099487305 0.0 0.0 0.0 1.0
-0.9624465703964233 0.16294673085212708 0.21712884306907654 -0.19500532746315002 -0.1703232377767563 -0.9852651953697205 -0.01557267364114523 -0.7481406927108765 0.21139197051525116 -0.05196995288133621 0.9760187268257141 13.409266471862793 0.0 0.0 0.0 1.0
-0.9915344715118408 0.049701984971761703 0.11995448917150497 -0.5726577043533325 -0.05230018496513367 -0.9984580278396606 -0.01860780082643032 -0.5449429154396057 0.11884467303752899 -0.024723917245864868 0.9926049709320068 12.892813682556152 0.0 0.0 0.0 1.0
-0.9953616261482239 0.0208344254642725 0.09392090141773224 -0.6931809186935425 -0.022288953885436058 -0.9996469020843506 -0.014464312233030796 -0.5092216730117798 0.09358638525009155 -0.016490619629621506 0.9954745769500732 12.976518630981445 0.0 0.0 0.0 1.0
-0.9973348379135132 -0.004661028739064932 0.07281152904033661 -0.7420697808265686 0.003655383363366127 -0.9998961687088013 -0.013938774354755878 -0.5414312481880188 0.0728689432144165 -0.013635470531880856 0.9972482919692993 13.127582550048828 0.0 0.0 0.0 1.0
-0.9981455206871033 -0.03222370892763138 0.05164418742060661 -0.7501534819602966 0.03181111440062523 -0.9994552135467529 -0.008791591040790081 -0.49719899892807007 0.05189935117959976 -0.007132427766919136 0.9986268281936646 13.26620864868164 0.0 0.0 0.0 1.0
-0.9976368546485901 -0.06252744793891907 0.028477774932980537 -0.7502458095550537 0.06241096928715706 -0.9980381727218628 -0.0049615767784416676 -0.44037553668022156 0.028732141479849815 -0.003172526368871331 0.9995821118354797 13.459712982177734 0.0 0.0 0.0 1.0
-0.9681592583656311 -0.22690603137016296 -0.10574155300855637 -0.9272153973579407 0.22366078197956085 -0.9737721085548401 0.04175761342048645 0.12614445388317108 -0.1124432310461998 0.016777781769633293 0.9935165047645569 13.878151893615723 0.0 0.0 0.0 1.0
-0.9579630494117737 -0.25425001978874207 -0.13290509581565857 -1.0437084436416626 0.25017139315605164 -0.9670689702033997 0.04681804031133652 0.09351716935634613 -0.14043188095092773 0.011600897647440434 0.9900223612785339 13.906660079956055 0.0 0.0 0.0 1.0
-0.9456941485404968 -0.28361886739730835 -0.1588170975446701 -1.0287284851074219 0.27892357110977173 -0.9589265584945679 0.05158942937850952 -0.011044695973396301 -0.16692566871643066 0.00448999460786581 0.9859592318534851 14.017099380493164 0.0 0.0 0.0 1.0
-0.9349673390388489 -0.3090885877609253 -0.17406991124153137 -0.9433972835540771 0.3042556345462799 -0.9510310888290405 0.05448262393474579 -0.1622014194726944 -0.18238584697246552 -0.002022278029471636 0.9832249283790588 13.952385902404785 0.0 0.0 0.0 1.0
-0.921492874622345 -0.3346022069454193 -0.1972111016511917 -0.964985728263855 0.3296035826206207 -0.9422957897186279 0.05865240842103958 -0.3653915226459503 -0.2054564207792282 -0.010953709483146667 0.9786049723625183 13.953546524047852 0.0 0.0 0.0 1.0
-0.8381996154785156 -0.4816942811012268 -0.2557185888290405 -0.35716313123703003 0.4721725285053253 -0.8756200075149536 0.10169894993305206 -0.5886099934577942 -0.2729001045227051 -0.03549926355481148 0.9613872170448303 14.042430877685547 0.0 0.0 0.0 1.0
-0.8174573183059692 -0.5021843314170837 -0.2820894420146942 -0.6902025938034058 0.4938158392906189 -0.8631346821784973 0.1055670902132988 -0.49561867117881775 -0.29649531841278076 -0.05300365015864372 0.953562319278717 14.500986099243164 0.0 0.0 0.0 1.0
-0.7918068170547485 -0.5256831049919128 -0.3109649419784546 -1.0735728740692139 0.5132350921630859 -0.8486748337745667 0.1278311163187027 -0.29616543650627136 -0.3311067819595337 -0.05838056281208992 0.9417855143547058 14.162210464477539 0.0 0.0 0.0 1.0
-0.7619605660438538 -0.5544965863227844 -0.33458879590034485 -1.4211899042129517 0.5391713380813599 -0.829343855381012 0.146571084856987 -0.1870625913143158 -0.35876232385635376 -0.0687192976474762 0.9308959245681763 14.082430839538574 0.0 0.0 0.0 1.0
-0.7284232378005981 -0.582679271697998 -0.3603949248790741 -1.7921836376190186 0.5620806813240051 -0.809014618396759 0.17193198204040527 -0.037663403898477554 -0.39174598455429077 -0.0773317888379097 0.9168177843093872 13.808758735656738 0.0 0.0 0.0 1.0
-0.5467879772186279 -0.7075150012969971 -0.4477112889289856 -2.7013115882873535 0.6651590466499329 -0.6918337345123291 0.28094393014907837 0.009513833560049534 -0.5085138082504272 -0.1441824585199356 0.8488963842391968 13.77002239227295 0.0 0.0 0.0 1.0
-0.5053651928901672 -0.7265219688415527 -0.46558764576911926 -2.8264143466949463 0.6803163290023804 -0.6673730611801147 0.30295681953430176 -0.011089541018009186 -0.5308254361152649 -0.16364304721355438 0.8315318822860718 13.736692428588867 0.0 0.0 0.0 1.0
-0.45828956365585327 -0.7510911822319031 -0.47521862387657166 -2.941652297973633 0.6967518925666809 -0.6355553269386292 0.33257511258125305 0.06861422955989838 -0.5518219470977783 -0.1786937713623047 0.8145925402641296 13.609660148620605 0.0 0.0 0.0 1.0
-0.4120786786079407 -0.7704731225967407 -0.4863767623901367 -3.054138660430908 0.7106611728668213 -0.6058531999588013 0.3576348125934601 0.0831359252333641 -0.5702208876609802 -0.1982753872871399 0.7972044944763184 13.539530754089355 0.0 0.0 0.0 1.0
-0.3467141091823578 -0.7971924543380737 -0.4942403733730316 -3.2066946029663086 0.719944417476654 -0.563930332660675 0.40455231070518494 0.12928418815135956 -0.6012231707572937 -0.2155616283416748 0.7694568634033203 13.656166076660156 0.0 0.0 0.0 1.0
-0.11135737597942352 -0.8543450236320496 -0.507635772228241 -3.200773000717163 0.7714613676071167 -0.39632096886634827 0.49777206778526306 -0.5976250171661377 -0.6264557838439941 -0.3361908197402954 0.7032274603843689 13.715333938598633 0.0 0.0 0.0 1.0
-0.07518521696329117 -0.8594405651092529 -0.5056768655776978 -3.215005397796631 0.7744778990745544 -0.36975908279418945 0.5132856965065002 -0.6366276144981384 -0.6281171441078186 -0.3530440330505371 0.6934181451797485 13.703887939453125 0.0 0.0 0.0 1.0
-0.041297100484371185 -0.8598526120185852 -0.5088693499565125 -3.2634027004241943 0.7780999541282654 -0.3471718430519104 0.5234808921813965 -0.6361355185508728 -0.6267815232276917 -0.3743329346179962 0.6833884716033936 13.740973472595215 0.0 0.0 0.0 1.0
-0.007419132627546787 -0.8599647879600525 -0.5102994441986084 -3.339052200317383 0.7752687931060791 -0.32726332545280457 0.5402379035949707 -0.6655782461166382 -0.6315878629684448 -0.39161112904548645 0.669131875038147 13.81606674194336 0.0 0.0 0.0 1.0
0.03223121911287308 -0.8622226119041443 -0.5055030584335327 -3.416926145553589 0.7765150666236877 -0.2968284487724304 0.5558031797409058 -0.613015353679657 -0.6292737722396851 -0.410444974899292 0.6599617004394531 13.830743789672852 0.0 0.0 0.0 1.0
0.23738612234592438 -0.8373020887374878 -0.49251699447631836 -3.0354602336883545 0.743604838848114 -0.16960856318473816 0.6467493772506714 -1.2380564212799072 -0.6250597238540649 -0.5197673439979553 0.5823591947555542 13.799370765686035 0.0 0.0 0.0 1.0
0.26469680666923523 -0.8270408511161804 -0.49592238664627075 -2.8641669750213623 0.7372686862945557 -0.1579245924949646 0.6568825244903564 -1.147987961769104 -0.6215870380401611 -0.539502739906311 0.5679492354393005 14.411125183105469 0.0 0.0 0.0 1.0
0.30837282538414 -0.8218990564346313 -0.4789447784423828 -2.5703322887420654 0.7278685569763184 -0.12029724568128586 0.6750821471214294 -1.100016474723816 -0.6124651432037354 -0.5567858219146729 0.5611380934715271 14.009032249450684 0.0 0.0 0.0 1.0
0.34371593594551086 -0.8116809725761414 -0.4722640812397003 -2.4986298084259033 0.719281017780304 -0.09576483815908432 0.6880871653556824 -1.0426287651062012 -0.6037335395812988 -0.57619708776474 0.5509107708930969 13.880772590637207 0.0 0.0 0.0 1.0
0.37972819805145264 -0.7961801290512085 -0.47106653451919556 -2.5095176696777344 0.7011141180992126 -0.08451950550079346 0.7080221772193909 -1.131646752357483 -0.6035275459289551 -0.5991274118423462 0.5261186957359314 14.056564331054688 0.0 0.0 0.0 1.0
0.5869161486625671 -0.6911757588386536 -0.42166998982429504 -3.081211566925049 0.5722140669822693 -0.014350520446896553 0.8199787139892578 -1.6612589359283447 -0.5728005766868591 -0.722544252872467 0.3870779275894165 14.257643699645996 0.0 0.0 0.0 1.0
0.6162798404693604 -0.6702693700790405 -0.41344669461250305 -3.115349531173706 0.5504851937294006 -0.008790253661572933 0.8347986340522766 -1.7981630563735962 -0.5631742477416992 -0.7420658469200134 0.3635560870170593 14.252396583557129 0.0 0.0 0.0 1.0
0.6504623889923096 -0.6501530408859253 -0.3926827311515808 -3.1452364921569824 0.5230671167373657 0.00857066921889782 0.8522483706474304 -1.6921753883361816 -0.5507263541221619 -0.7597549557685852 0.3456485867500305 14.219389915466309 0.0 0.0 0.0 1.0
0.6882231831550598 -0.6263627409934998 -0.3660854697227478 -3.15714430809021 0.4890366196632385 0.027788205072283745 0.8718205094337463 -1.7428357601165771 -0.5359030365943909 -0.779036283493042 0.32543879747390747 14.157225608825684 0.0 0.0 0.0 1.0
0.7243708372116089 -0.5981739163398743 -0.3427460193634033 -3.2060985565185547 0.45206040143966675 0.03676877170801163 0.8912291526794434 -1.90534245967865 -0.5205076932907104 -0.8005223274230957 0.297044962644577 14.263604164123535 0.0 0.0 0.0 1.0
0.8508493900299072 -0.4867463707923889 -0.19782133400440216 -3.0600948333740234 0.2762927711009979 0.09425696730613708 0.956440269947052 -2.3276708126068115 -0.4468977749347687 -0.8684431910514832 0.21468298137187958 13.667144775390625 0.0 0.0 0.0 1.0
0.8680994510650635 -0.4654940068721771 -0.17239093780517578 -2.8035855293273926 0.25040024518966675 0.11078478395938873 0.9617829322814941 -2.219341993331909 -0.42860591411590576 -0.8780900239944458 0.21273201704025269 13.541705131530762 0.0 0.0 0.0 1.0
0.8810118436813354 -0.4464014172554016 -0.1566649079322815 -2.4818532466888428 0.23080261051654816 0.11648974567651749 0.9660022258758545 -2.2920186519622803 -0.41297489404678345 -0.8872180581092834 0.20565946400165558 13.700915336608887 0.0 0.0 0.0 1.0
0.8891677260398865 -0.4347132444381714 -0.1428467035293579 -2.2795419692993164 0.2108209729194641 0.11212122440338135 0.9710732698440552 -2.4454760551452637 -0.40612226724624634 -0.8935620784759521 0.19134125113487244 13.759045600891113 0.0 0.0 0.0 1.0
0.9015122056007385 -0.41568949818611145 -0.12032460421323776 -2.1363906860351562 0.18701951205730438 0.12349729984998703 0.9745625257492065 -2.301568031311035 -0.3902556300163269 -0.9010830521583557 0.18907636404037476 13.764723777770996 0.0 0.0 0.0 1.0
0.9580742716789246 -0.28650784492492676 -0.002629261463880539 -1.148707628250122 0.04188091307878494 0.13095884025096893 0.9905027747154236 -2.603452205657959 -0.28344249725341797 -0.9490853548049927 0.13746750354766846 13.91269302368164 0.0 0.0 0.0 1.0
0.963292121887207 -0.26728305220603943 0.025060949847102165 -1.1019200086593628 0.010937146842479706 0.13234901428222656 0.9911428093910217 -2.4478907585144043 -0.26823246479034424 -0.9544860124588013 0.13041406869888306 14.059932708740234 0.0 0.0 0.0 1.0
0.9673969149589539 -0.24811288714408875 0.050825558602809906 -1.2316879034042358 -0.01944967359304428 0.12730801105499268 0.9916725158691406 -2.4887897968292236 -0.2525172233581543 -0.9603294730186462 0.1183316558599472 14.362688064575195 0.0 0.0 0.0 1.0
0.9690905213356018 -0.22416062653064728 0.10303208976984024 -1.5519307851791382 -0.07867804169654846 0.11501006782054901 0.9902436137199402 -2.3450679779052734 -0.23382335901260376 -0.9677420854568481 0.09381864964962006 14.740166664123535 0.0 0.0 0.0 1.0
0.9680477976799011 -0.19815325736999512 0.1536838412284851 -1.8435603380203247 -0.13187600672245026 0.1189877912402153 0.9840989112854004 -2.1482605934143066 -0.21328890323638916 -0.9729219675064087 0.08905421197414398 14.586281776428223 0.0 0.0 0.0 1.0
0.9569861888885498 -0.07029424607753754 0.2814892530441284 -1.1742855310440063 -0.27541786432266235 0.084964320063591 0.9575625658035278 -2.1064722537994385 -0.09122768044471741 -0.9939013123512268 0.061949390918016434 15.376302719116211 0.0 0.0 0.0 1.0
0.9476399421691895 -0.054550204426050186 0.3146470785140991 -1.2368005514144897 -0.3092426359653473 0.08906122297048569 0.946803629398346 -1.9117865562438965 -0.07967118173837662 -0.9945312142372131 0.06752872467041016 15.523924827575684 0.0 0.0 0.0 1.0
0.9368996620178223 -0.02908182144165039 0.3483867347240448 -1.3129298686981201 -0.3442126214504242 0.09751179069280624 0.933814287185669 -1.6373180150985718 -0.06112883239984512 -0.9948093891143799 0.08134842664003372 15.51657772064209 0.0 0.0 0.0 1.0
0.9250179529190063 -0.01014910452067852 0.3797878623008728 -1.2670948505401611 -0.37720853090286255 0.09475807100534439 0.9212679266929626 -1.6467132568359375 -0.04533800855278969 -0.9954485893249512 0.08382458984851837 15.671968460083008 0.0 0.0 0.0 1.0
0.9121911525726318 0.00782528705894947 0.4096902310848236 -1.306586503982544 -0.4085077941417694 0.09562505781650543 0.9077318906784058 -1.5964534282684326 -0.03207338973879814 -0.9953866600990295 0.09042501449584961 15.514359474182129 0.0 0.0 0.0 1.0
0.8468666076660156 0.12139742076396942 0.5177640914916992 -0.16440634429454803 -0.5228316187858582 0.011955044232308865 0.8523521423339844 -1.984705924987793 0.09728346019983292 -0.9925320148468018 0.07359474152326584 15.447993278503418 0.0 0.0 0.0 1.0
0.8134013414382935 0.1663542240858078 0.5574087500572205 -0.5899664163589478 -0.5657814145088196 0.0035911931190639734 0.8245474696159363 -1.7397586107254028 0.13516518473625183 -0.9860595464706421 0.09704120457172394 15.286808967590332 0.0 0.0 0.0 1.0
0.7826645374298096 0.18194755911827087 0.5952573418617249 -1.0331836938858032 -0.6044002175331116 -0.006441272795200348 0.7966548204421997 -1.5852711200714111 0.1487836092710495 -0.9832871556282043 0.10492779314517975 15.572257041931152 0.0 0.0 0.0 1.0
0.7455131411552429 0.20295114815235138 0.6348393559455872 -1.4057581424713135 -0.6487374305725098 0.002584535861387849 0.7610079050064087 -1.4075355529785156 0.15280666947364807 -0.9791854619979858 0.13358882069587708 15.0502290725708 0.0 0.0 0.0 1.0
0.7229447960853577 0.22640597820281982 0.6527565717697144 -1.5428286790847778 -0.6682999730110168 -0.010545332916080952 0.743817150592804 -1.313002347946167 0.17528818547725677 -0.9739759564399719 0.14368341863155365 15.301563262939453 0.0 0.0 0.0 1.0
0.6008023023605347 0.2985117435455322 0.7415708899497986 -1.2459150552749634 -0.7468681335449219 -0.12111829221248627 0.6538488864898682 -1.547414779663086 0.28499937057495117 -0.9466895461082458 0.15018077194690704 15.402424812316895 0.0 0.0 0.0 1.0
0.5715223550796509 0.30957692861557007 0.7599502205848694 -1.4907560348510742 -0.762682318687439 -0.14131911098957062 0.6311454772949219 -1.6171562671661377 0.3027835786342621 -0.9403143525123596 0.15534180402755737 15.545353889465332 0.0 0.0 0.0 1.0
0.5382373332977295 0.32247990369796753 0.7786573767662048 -1.6592944860458374 -0.7796528935432434 -0.1603497713804245 0.6053341031074524 -1.6019121408462524 0.32006561756134033 -0.932895839214325 0.16511614620685577 15.567371368408203 0.0 0.0 0.0 1.0
0.5159026384353638 0.3372388184070587 0.7874734401702881 -1.6077821254730225 -0.7877712845802307 -0.17436932027339935 0.5907721519470215 -1.5814132690429688 0.3365425169467926 -0.9251298904418945 0.17570947110652924 15.50321102142334 0.0 0.0 0.0 1.0
0.49483105540275574 0.3473922312259674 0.7965304851531982 -1.547279715538025 -0.796646237373352 -0.18480388820171356 0.5755017995834351 -1.5352938175201416 0.3471267819404602 -0.9193291664123535 0.1853020191192627 15.434246063232422 0.0 0.0 0.0 1.0
0.38113677501678467 0.42674943804740906 0.8201339244842529 -0.9155091047286987 -0.8303126096725464 -0.23212845623493195 0.5066530704498291 -1.2980144023895264 0.4065903425216675 -0.8740716576576233 0.26586276292800903 15.572367668151855 0.0 0.0 0.0 1.0
0.3609866499900818 0.4327816069126129 0.8260682225227356 -0.844757616519928 -0.8370526432991028 -0.2401476800441742 0.49160143733024597 -1.268402099609375 0.41113442182540894 -0.8689241409301758 0.27557089924812317 15.639115333557129 0.0 0.0 0.0 1.0
0.34076207876205444 0.44065892696380615 0.8304823040962219 -0.6900159120559692 -0.8391956090927124 -0.2556564509868622 0.479990154504776 -1.1679463386535645 0.4238300919532776 -0.8604995608329773 0.28268101811408997 15.663439750671387 0.0 0.0 0.0 1.0
0.3160088360309601 0.44014227390289307 0.8404839038848877 -0.6507622003555298 -0.8444569110870361 -0.2733248472213745 0.46063658595085144 -1.2639588117599487 0.43247076869010925 -0.8553176522254944 0.2853080928325653 15.698802947998047 0.0 0.0 0.0 1.0
0.2778320610523224 0.4383929669857025 0.8547636866569519 -0.7809887528419495 -0.855110228061676 -0.2925763428211212 0.42800188064575195 -1.3004366159439087 0.43771663308143616 -0.8498297929763794 0.29358720779418945 15.691911697387695 0.0 0.0 0.0 1.0
-0.0042967526242136955 0.43869590759277344 0.8986253142356873 -1.5365395545959473 -0.8781008720397949 -0.43161603808403015 0.20651011168956757 -1.651185393333435 0.4784562289714813 -0.7881963849067688 0.387073814868927 15.728354454040527 0.0 0.0 0.0 1.0
-0.019658785313367844 0.44871100783348083 0.8934606909751892 -1.1412264108657837 -0.8710029125213623 -0.4464416205883026 0.20504584908485413 -1.510870099067688 0.49088436365127563 -0.7741758823394775 0.3996050953865051 16.278532028198242 0.0 0.0 0.0 1.0
-0.035814110189676285 0.46144792437553406 0.886444091796875 -0.7862323522567749 -0.8658673763275146 -0.4572228789329529 0.20302946865558624 -1.3454957008361816 0.4989900588989258 -0.7602716684341431 0.4159277081489563 16.390478134155273 0.0 0.0 0.0 1.0
-0.06050228327512741 0.465716153383255 0.882863461971283 -0.6033493876457214 -0.8609091639518738 -0.47196242213249207 0.18996544182300568 -1.258712649345398 0.5051483511924744 -0.7485719323158264 0.42949411273002625 16.03066062927246 0.0 0.0 0.0 1.0
-0.09509442746639252 0.4634217917919159 0.8810206055641174 -0.602641761302948 -0.8574995994567871 -0.4876604676246643 0.16395649313926697 -1.2010496854782104 0.5056199431419373 -0.7398834228515625 0.4437577724456787 15.952109336853027 0.0 0.0 0.0 1.0
-0.33403876423835754 0.4245176315307617 0.8415479063987732 -1.414488673210144 -0.8069194555282593 -0.5902307629585266 -0.0225524939596653 -0.271026611328125 0.48713353276252747 -0.6865947842597961 0.5397114753723145 16.26872444152832 0.0 0.0 0.0 1.0
-0.37503668665885925 0.4148860275745392 0.8289855718612671 -1.632554054260254 -0.7941491603851318 -0.6050962209701538 -0.05644141882658005 -0.16672705113887787 0.4781992733478546 -0.6795058250427246 0.5564146637916565 16.20099639892578 0.0 0.0 0.0 1.0
-0.4142434895038605 0.4003635346889496 0.8173807859420776 -1.9811604022979736 -0.7794803380966187 -0.6197089552879333 -0.09149444848299026 0.06396450847387314 0.46990713477134705 -0.6750332713127136 0.5687859058380127 16.21531105041504 0.0 0.0 0.0 1.0
-0.4518066346645355 0.39999887347221375 0.7974156141281128 -2.300008535385132 -0.7632564306259155 -0.6360681056976318 -0.11338856816291809 0.2697125971317291 0.46185532212257385 -0.6598623394966125 0.5926815271377563 16.167739868164062 0.0 0.0 0.0 1.0
-0.48994019627571106 0.3887573480606079 0.7802732586860657 -2.596320390701294 -0.74506014585495 -0.6514292359352112 -0.14326651394367218 0.3632819652557373 0.45259690284729004 -0.6515425443649292 0.6088089942932129 16.073219299316406 0.0 0.0 0.0 1.0
-0.6208469271659851 0.2833973169326782 0.7309138178825378 -2.5640738010406494 -0.6389477849006653 -0.7231307029724121 -0.2623503506183624 -0.32114148139953613 0.45419684052467346 -0.6298952102661133 0.630029559135437 15.1195068359375 0.0 0.0 0.0 1.0
-0.6342023611068726 0.2682977318763733 0.7251232266426086 -2.448303699493408 -0.6228878498077393 -0.732904314994812 -0.27360913157463074 -0.42327558994293213 0.45803725719451904 -0.6251940131187439 0.6319290399551392 14.86025333404541 0.0 0.0 0.0 1.0
-0.6487857103347778 0.2539691627025604 0.7173400521278381 -2.367692470550537 -0.6047499179840088 -0.7442658543586731 -0.28345349431037903 -0.510990560054779 0.46190324425697327 -0.6177119016647339 0.6364569067955017 15.025022506713867 0.0 0.0 0.0 1.0
-0.6601662635803223 0.238730788230896 0.7121713757514954 -2.2519729137420654 -0.5882622599601746 -0.7538812756538391 -0.2925928235054016 -0.6271874904632568 0.4670417308807373 -0.6121034622192383 0.6381232738494873 14.904269218444824 0.0 0.0 0.0 1.0
-0.6678078770637512 0.22847378253936768 0.7084012627601624 -2.1252472400665283 -0.5762543678283691 -0.7610960602760315 -0.29776448011398315 -0.6819121241569519 0.47113001346588135 -0.6070687770843506 0.6399250030517578 14.94085693359375 0.0 0.0 0.0 1.0
-0.7118955254554749 0.16765359044075012 0.6819802522659302 -1.690256953239441 -0.5011808276176453 -0.8015381097793579 -0.3261203467845917 -0.8801484704017639 0.4919579029083252 -0.5739589929580688 0.6546361446380615 15.081770896911621 0.0 0.0 0.0 1.0
-0.7175520062446594 0.1582346111536026 0.6782926917076111 -1.6407800912857056 -0.49000146985054016 -0.8067820072174072 -0.3301534950733185 -0.9269730448722839 0.49499261379241943 -0.5692667365074158 0.6564432382583618 15.110163688659668 0.0 0.0 0.0 1.0