-0.9985706210136414 -0.03413431718945503 -0.0411282554268837 0.20989106595516205 0.03507017344236374 -0.9991371035575867 -0.022251952439546585 1.6461694240570068 -0.04033321142196655 -0.023662520572543144 0.9989060759544373 11.87636947631836 0.0 0.0 0.0 1.0
-0.998651385307312 -0.03334876894950867 -0.03979039564728737 0.21811623871326447 0.03420775383710861 -0.9991918802261353 -0.021105574443936348 1.6224573850631714 -0.03905439376831055 -0.022438252344727516 0.9989851117134094 11.902871131896973 0.0 0.0 0.0 1.0
-0.9988158345222473 -0.031161809340119362 -0.03736206516623497 0.2344987839460373 0.0319245308637619 -0.9992902874946594 -0.019994452595710754 1.5938650369644165 -0.036712486296892166 -0.021163541823625565 0.9991017580032349 11.921976089477539 0.0 0.0 0.0 1.0
-0.9991229772567749 -0.027381189167499542 -0.03167952597141266 0.16442736983299255 0.0279023889452219 -0.9994805455207825 -0.01612873002886772 1.5957648754119873 -0.03122144564986229 -0.016998518258333206 0.9993679523468018 11.964332580566406 0.0 0.0 0.0 1.0
-0.9994556903839111 -0.021389484405517578 -0.025115415453910828 0.05927794426679611 0.021702930331230164 -0.9996891021728516 -0.012274635955691338 1.633393406867981 -0.02484505996108055 -0.012813032604753971 0.9996091723442078 12.025296211242676 0.0 0.0 0.0 1.0
-0.9997243285179138 -0.014946645125746727 -0.01810823753476143 0.04821663349866867 0.015111515298485756 -0.9998452663421631 -0.009002378210425377 1.6197313070297241 -0.01797088049352169 -0.009273539297282696 0.9997954964637756 12.165107727050781 0.0 0.0 0.0 1.0
-0.9999229311943054 -0.008662416599690914 -0.008892166428267956 0.031398285180330276 0.008708733133971691 -0.9999486207962036 -0.005183270666748285 1.6042563915252686 -0.008846810087561607 -0.00526031106710434 0.9999470114707947 12.32322883605957 0.0 0.0 0.0 1.0
-0.9999985098838806 -0.0008259762544184923 0.0015170255210250616 0.08178895711898804 0.0008277636952698231 -0.9999989867210388 0.0011779686901718378 1.6687246561050415 0.0015160510083660483 0.0011792227160185575 0.999998152256012 12.423818588256836 0.0 0.0 0.0 1.0
-0.9998683929443359 0.008551354520022869 0.013788520358502865 0.17327970266342163 -0.008509904146194458 -0.9999591112136841 0.003062029369175434 1.818566918373108 0.013814141042530537 0.0029442873783409595 0.999900221824646 12.355547904968262 0.0 0.0 0.0 1.0
-0.9993986487388611 0.02085721120238304 0.027699962258338928 0.2783109247684479 -0.02066495083272457 -0.9997604489326477 0.007209042552858591 1.8825249671936035 0.027843687683343887 0.006632289383560419 0.999590277671814 12.196810722351074 0.0 0.0 0.0 1.0
-0.9984256625175476 0.03491150215268135 0.0439019612967968 0.3101816773414612 -0.034391552209854126 -0.999329686164856 0.012543725781142712 1.8409764766693115 0.04431045427918434 0.011014120653271675 0.998957097530365 12.041093826293945 0.0 0.0 0.0 1.0
-0.9971799850463867 0.04799521714448929 0.057693831622600555 0.2999576926231384 -0.04724360257387161 -0.9987807273864746 0.01432252861559391 1.7202106714248657 0.058310896158218384 0.011556473560631275 0.9982315897941589 11.958771705627441 0.0 0.0 0.0 1.0
-0.9955652356147766 0.06059747561812401 0.07195726037025452 0.20654892921447754 -0.05960710346698761 -0.9980963468551636 0.015833837911486626 1.6351737976074219 0.07277976721525192 0.011474454775452614 0.9972820281982422 11.907560348510742 0.0 0.0 0.0 1.0
-0.9936447143554688 0.0765315592288971 0.08254174143075943 -0.01723049208521843 -0.07524357736110687 -0.9969915747642517 0.018608005717396736 1.5709971189498901 0.08371751755475998 0.012279011309146881 0.9964138865470886 11.952386856079102 0.0 0.0 0.0 1.0
-0.9909005165100098 0.09135979413986206 0.09884113818407059 -0.168190136551857 -0.08921268582344055 -0.9956747889518738 0.025938119739294052 1.4827126264572144 0.1007833331823349 0.01688421331346035 0.9947651028633118 11.590082168579102 0.0 0.0 0.0 1.0
-0.987831175327301 0.1105448305606842 0.10940472781658173 -0.20178556442260742 -0.10714812576770782 -0.9935739040374756 0.036471880972385406 1.495793342590332 0.11273346096277237 0.024305548518896103 0.9933279156684875 11.397109031677246 0.0 0.0 0.0 1.0
-0.982848584651947 0.13195616006851196 0.12882640957832336 -0.1292019486427307 -0.1264895349740982 -0.9907187223434448 0.04976765066385269 1.4124255180358887 0.1341978907585144 0.032618872821331024 0.9904175400733948 10.978263854980469 0.0 0.0 0.0 1.0
-0.9774591326713562 0.14864575862884521 0.14992688596248627 -0.057668428868055344 -0.14261673390865326 -0.9885013699531555 0.05025452375411987 1.2079559564590454 0.1556730419397354 0.027739662677049637 0.987419068813324 11.059969902038574 0.0 0.0 0.0 1.0
-0.9696301817893982 0.17143966257572174 0.1744297295808792 -0.0053359391167759895 -0.16306819021701813 -0.9847053289413452 0.061352625489234924 1.014789342880249 0.18228015303611755 0.031045418232679367 0.9827563762664795 10.98981761932373 0.0 0.0 0.0 1.0
-0.9620398879051208 0.18647043406963348 0.19926880300045013 -0.03728361055254936 -0.17558950185775757 -0.9818919897079468 0.07110858708620071 0.9307994842529297 0.20892009139060974 0.03341978043317795 0.9773615002632141 10.944891929626465 0.0 0.0 0.0 1.0
-0.953951895236969 0.20169194042682648 0.2220272570848465 -0.05737099051475525 -0.18949049711227417 -0.9790002703666687 0.07517839223146439 0.9667053818702698 0.23252762854099274 0.029644517228007317 0.9721379280090332 11.239584922790527 0.0 0.0 0.0 1.0
-0.9448354840278625 0.2201966792345047 0.24248582124710083 -0.009135987609624863 -0.20527608692646027 -0.9749627113342285 0.08549542725086212 0.9768294095993042 0.25524044036865234 0.03100256621837616 0.9663804173469543 11.30150032043457 0.0 0.0 0.0 1.0
-0.9349784255027771 0.23536403477191925 0.26536598801612854 0.12786389887332916 -0.21831709146499634 -0.9714893102645874 0.09244541823863983 0.9697921276092529 0.27955853939056396 0.028500542044639587 0.9597055315971375 11.35921859741211 0.0 0.0 0.0 1.0
-0.9247090220451355 0.2507674992084503 0.28640681505203247 0.1994210034608841 -0.23226040601730347 -0.967759907245636 0.09744682908058167 0.9421789050102234 0.30160951614379883 0.0235889982432127 0.9531396627426147 11.693826675415039 0.0 0.0 0.0 1.0
-0.9145259857177734 0.263044536113739 0.30732694268226624 0.26043644547462463 -0.24323293566703796 -0.9646088480949402 0.10182073712348938 0.8654083013534546 0.3232336938381195 0.01836567558348179 0.9461409449577332 11.94094467163086 0.0 0.0 0.0 1.0
-0.90696781873703 0.2748241126537323 0.3191881775856018 0.3311253488063812 -0.25310248136520386 -0.9613325595855713 0.10853025317192078 0.8233365416526794 0.33667272329330444 0.017646122723817825 0.9414563775062561 12.171276092529297 0.0 0.0 0.0 1.0
-0.9004892706871033 0.2870965003967285 0.3266414999961853 0.3464899957180023 -0.2644383907318115 -0.9577807784080505 0.11281964927911758 0.7237643003463745 0.34524109959602356 0.015216328203678131 0.9383906722068787 12.276846885681152 0.0 0.0 0.0 1.0
-0.8949320912361145 0.29562634229660034 0.33421790599823 0.3277776539325714 -0.2729891240596771 -0.9552431702613831 0.11396251618862152 0.5583645105361938 0.35294967889785767 0.010750862769782543 0.9355805516242981 12.510363578796387 0.0 0.0 0.0 1.0
-0.8909392952919006 0.30466216802597046 0.3367611765861511 0.22862732410430908 -0.2805878221988678 -0.9523875713348389 0.11928261816501617 0.4907990097999573 0.3570680618286133 0.011782492510974407 0.9340040683746338 12.470848083496094 0.0 0.0 0.0 1.0
-0.8850963711738586 0.31330767273902893 0.34415510296821594 0.1708495020866394 -0.290327787399292 -0.9496414661407471 0.11785930395126343 0.495727002620697 0.3637501895427704 0.004399048630148172 0.9314861297607422 12.431245803833008 0.0 0.0 0.0 1.0
-0.8788116574287415 0.3261827528476715 0.3482741713523865 0.030575359240174294 -0.30184608697891235 -0.9452999830245972 0.12368043512105942 0.49912258982658386 0.3695659935474396 0.0035666069015860558 0.9291976690292358 12.317314147949219 0.0 0.0 0.0 1.0
-0.8706529140472412 0.3383849859237671 0.35701408982276917 -0.1283814162015915 -0.31303784251213074 -0.9410077333450317 0.12849794328212738 0.37335288524627686 0.3794347941875458 0.00011818536586361006 0.9252184629440308 12.366694450378418 0.0 0.0 0.0 1.0
-0.8598412871360779 0.35116416215896606 0.370616614818573 -0.22371169924736023 -0.32478177547454834 -0.9362980127334595 0.13365167379379272 0.31812232732772827 0.39394131302833557 -0.005450304131954908 0.9191194176673889 12.538252830505371 0.0 0.0 0.0 1.0
-0.8465391397476196 0.3672107756137848 0.3853929936885834 -0.33566123247146606 -0.33803391456604004 -0.930097758769989 0.14370529353618622 0.25390586256980896 0.41122329235076904 -0.00862374808639288 0.9114938378334045 12.526824951171875 0.0 0.0 0.0 1.0
-0.8290970921516418 0.38491836190223694 0.40550684928894043 -0.45245161652565 -0.35274428129196167 -0.9228330850601196 0.15475977957248688 0.19492210447788239 0.43378502130508423 -0.014729339629411697 0.9008960127830505 12.44986343383789 0.0 0.0 0.0 1.0
-0.8076592087745667 0.405587762594223 0.42800140380859375 -0.5442777872085571 -0.3697907328605652 -0.9137793183326721 0.1681135594844818 0.13337521255016327 0.45928364992141724 -0.022492486983537674 0.8880048394203186 12.319316864013672 0.0 0.0 0.0 1.0
-0.7823658585548401 0.42974603176116943 0.4508015215396881 -0.52350914478302 -0.38767024874687195 -0.9025148749351501 0.18755973875522614 0.013140331953763962 0.48745813965797424 -0.02802201174199581 0.872696578502655 12.135824203491211 0.0 0.0 0.0 1.0
-0.7555387020111084 0.44708991050720215 0.4788234233856201 -0.511817991733551 -0.4044366478919983 -0.8933259844779968 0.1959584653377533 -0.0658511370420456 0.5153564214706421 -0.04559952765703201 0.8557618856430054 12.403882026672363 0.0 0.0 0.0 1.0
-0.7295486330986023 0.46854811906814575 0.498218297958374 -0.5512951016426086 -0.41902783513069153 -0.8819469809532166 0.21583595871925354 -0.060098957270383835 0.5405316352844238 -0.05130450800061226 0.8397579193115234 12.190492630004883 0.0 0.0 0.0 1.0
-0.7043932676315308 0.4858848750591278 0.5174417495727539 -0.5990310311317444 -0.43421146273612976 -0.8716390132904053 0.22738905251026154 0.007212537806481123 0.5615073442459106 -0.06450781226158142 0.8249534964561462 12.283988952636719 0.0 0.0 0.0 1.0
-0.6803925037384033 0.5053713321685791 0.5307220220565796 -0.5833226442337036 -0.4469784200191498 -0.8600680828094482 0.24595357477664948 0.09735364466905594 0.5807549953460693 -0.06987634301185608 0.8110739588737488 12.088624954223633 0.0 0.0 0.0 1.0
-0.6568984985351562 0.5216416120529175 0.5444027781486511 -0.5804271697998047 -0.45845896005630493 -0.8495704531669617 0.2608552575111389 0.1508771777153015 0.5985814929008484 -0.07823090255260468 0.7972328066825867 11.676458358764648 0.0 0.0 0.0 1.0
-0.6335071325302124 0.5370329022407532 0.5570138096809387 -0.6760898232460022 -0.47061610221862793 -0.8388685584068298 0.2735324501991272 0.2677403688430786 0.6141573190689087 -0.08885489404201508 0.7841655611991882 11.564007759094238 0.0 0.0 0.0 1.0
-0.6054819822311401 0.5548920035362244 0.5705142021179199 -0.7737758755683899 -0.4822867214679718 -0.8260589838027954 0.2915923297405243 0.3958156704902649 0.6330806016921997 -0.09859752655029297 0.7677808403968811 11.766157150268555 0.0 0.0 0.0 1.0
-0.5716307163238525 0.5714743733406067 0.5887744426727295 -0.7450494170188904 -0.4971305727958679 -0.8120883107185364 0.30557122826576233 0.5121835470199585 0.6527630090713501 -0.11802387982606888 0.7483119964599609 11.782074928283691 0.0 0.0 0.0 1.0
-0.5343774557113647 0.5872822999954224 0.6078982353210449 -0.5346491932868958 -0.5076494812965393 -0.7980307340621948 0.32471367716789246 0.6373240947723389 0.6758200526237488 -0.1350795328617096 0.7245831489562988 11.755106925964355 0.0 0.0 0.0 1.0
-0.49503734707832336 0.600822925567627 0.6276541948318481 -0.3902696967124939 -0.5159316062927246 -0.7845038175582886 0.3440469205379486 0.7022280097007751 0.6991084218025208 -0.15351058542728424 0.6983422636985779 11.898987770080566 0.0 0.0 0.0 1.0
-0.4572882056236267 0.6085501313209534 0.6485015153884888 -0.3564593493938446 -0.5222690105438232 -0.7739844918251038 0.3580267131328583 0.6565977931022644 0.7198073267936707 -0.1749708503484726 0.6717608571052551 11.964620590209961 0.0 0.0 0.0 1.0
-0.41932761669158936 0.6159893870353699 0.666874349117279 -0.35237357020378113 -0.5289732813835144 -0.7627795338630676 0.3719605803489685 0.7141578793525696 0.7378019094467163 -0.19678537547588348 0.6456964612007141 11.760466575622559 0.0 0.0 0.0 1.0
-0.3800777196884155 0.6217403411865234 0.6848210096359253 -0.4160289168357849 -0.533227801322937 -0.7522532939910889 0.38701823353767395 0.7223033308982849 0.75578373670578 -0.21806861460208893 0.6174439787864685 11.797752380371094 0.0 0.0 0.0 1.0
-0.34100106358528137 0.627503514289856 0.6999697685241699 -0.45066457986831665 -0.5400850772857666 -0.7402206659317017 0.40047651529312134 0.7256647944450378 0.7694324851036072 -0.24148029088974 0.5913213491439819 11.581765174865723 0.0 0.0 0.0 1.0
-0.2968498170375824 0.6303529143333435 0.7173112034797668 -0.5219330787658691 -0.5451321005821228 -0.728607177734375 0.4146837592124939 0.6679865121841431 0.7840352058410645 -0.2679305672645569 0.5599125027656555 11.798383712768555 0.0 0.0 0.0 1.0
-0.2526678442955017 0.6305153965950012 0.7339000701904297 -0.4854092001914978 -0.550126850605011 -0.7175930142402649 0.4271073341369629 0.7090561985969543 0.7959393262863159 -0.29582181572914124 0.5281761288642883 12.241426467895508 0.0 0.0 0.0 1.0
-0.21389096975326538 0.6345915794372559 0.7426602244377136 -0.4396975636482239 -0.5540955662727356 -0.7049335837364197 0.44277164340019226 0.8245798349380493 0.8045052886009216 -0.3167998790740967 0.5024033188819885 12.348695755004883 0.0 0.0 0.0 1.0
-0.17807237803936005 0.6365159749984741 0.7504249811172485 -0.3810213506221771 -0.5561630725860596 -0.6942261457443237 0.45687276124954224 1.0291478633880615 0.8117714524269104 -0.3360022306442261 0.4776291847229004 12.541732788085938 0.0 0.0 0.0 1.0
-0.14791464805603027 0.6418754458427429 0.7524075508117676 -0.43169620633125305 -0.5593149065971375 -0.6817207932472229 0.47161805629730225 1.2314774990081787 0.8156519532203674 -0.3510735332965851 0.45984700322151184 12.583176612854004 0.0 0.0 0.0 1.0
-0.11702954769134521 0.647144615650177 0.7533312439918518 -0.34861767292022705 -0.5626435279846191 -0.6682712435722351 0.48666802048683167 1.2787041664123535 0.8183742165565491 -0.3669024109840393 0.44231921434402466 12.638020515441895 0.0 0.0 0.0 1.0
-0.07401297986507416 0.6551331281661987 0.7518794536590576 -0.30149713158607483 -0.5634902119636536 -0.6495276093482971 0.5104827284812927 1.2135083675384521 0.8228006362915039 -0.3858943581581116 0.4172345995903015 12.597293853759766 0.0 0.0 0.0 1.0
-0.034632645547389984 0.6611084342002869 0.7494906187057495 -0.3512144088745117 -0.5658127665519714 -0.6311467885971069 0.5305748581886292 1.2663164138793945 0.82380610704422 -0.4056961238384247 0.39592185616493225 12.358201026916504 0.0 0.0 0.0 1.0
0.008587243035435677 0.6682538986206055 0.7438837289810181 -0.3450010418891907 -0.565090000629425 -0.61049485206604 0.5549498200416565 1.2873018980026245 0.8249845504760742 -0.4251267611980438 0.3723811209201813 12.05476188659668 0.0 0.0 0.0 1.0
0.05499213933944702 0.6743484735488892 0.736362636089325 -0.2485339194536209 -0.5628002882003784 -0.5882317423820496 0.5807230472564697 1.2773247957229614 0.8247616291046143 -0.446360319852829 0.34717538952827454 11.751018524169922 0.0 0.0 0.0 1.0
0.10093385726213455 0.6789426803588867 0.7272201776504517 -0.29718172550201416 -0.5601384043693542 -0.565313994884491 0.6055287718772888 1.264632225036621 0.8222270607948303 -0.4684622883796692 0.32324254512786865 11.49770450592041 0.0 0.0 0.0 1.0
0.1440020203590393 0.6797722578048706 0.7191474437713623 -0.41155001521110535 -0.5554684400558472 -0.5459092855453491 0.6272462606430054 1.1493183374404907 0.8189738988876343 -0.4897884428501129 0.2989800274372101 11.408052444458008 0.0 0.0 0.0 1.0
0.18088430166244507 0.6799998879432678 0.7105498313903809 -0.40125772356987 -0.5482303500175476 -0.5300979018211365 0.6468691229820251 1.063835620880127 0.8165318965911865 -0.5065534710884094 0.2769101858139038 11.371012687683105 0.0 0.0 0.0 1.0
0.2424730807542801 0.6790514588356018 0.6928895115852356 -0.21870052814483643 -0.5371805429458618 -0.5007535815238953 0.6787362694740295 0.9125163555145264 0.8078637719154358 -0.5367820262908936 0.2433539628982544 11.234827995300293 0.0 0.0 0.0 1.0
0.27138251066207886 0.6771532297134399 0.683970034122467 -0.3747490346431732 -0.5301932096481323 -0.4879162907600403 0.6934211254119873 0.9784535765647888 0.8032724857330322 -0.5508186221122742 0.22661009430885315 11.195294380187988 0.0 0.0 0.0 1.0
0.3014581799507141 0.6740729212760925 0.6743505597114563 -0.5892691016197205 -0.522570013999939 -0.4747670292854309 0.7081785798072815 0.9725146293640137 0.7975233793258667 -0.565881609916687 0.20912790298461914 11.288290023803711 0.0 0.0 0.0 1.0
0.33225032687187195 0.6707217693328857 0.663130521774292 -0.7590746283531189 -0.5125649571418762 -0.4617953300476074 0.7238938212394714 1.054208517074585 0.7917618751525879 -0.580411434173584 0.1903568059206009 11.314340591430664 0.0 0.0 0.0 1.0
0.3677339553833008 0.6643339395523071 0.6507166624069214 -0.859881579875946 -0.5005776286125183 -0.44830310344696045 0.7405716776847839 1.0418773889541626 0.7837051749229431 -0.5980675220489502 0.16769440472126007 11.43643856048584 0.0 0.0 0.0 1.0
0.40479394793510437 0.6571857333183289 0.635805606842041 -0.8275131583213806 -0.4843442738056183 -0.4356701374053955 0.758684515953064 0.9750260710716248 0.7755981683731079 -0.6150596737861633 0.14194750785827637 11.562161445617676 0.0 0.0 0.0 1.0
0.4414040148258209 0.6482689380645752 0.6204110980033875 -0.646648645401001 -0.46887728571891785 -0.42287495732307434 0.7754552364349365 0.8956117033958435 0.7650598287582397 -0.6331857442855835 0.11729986220598221 11.648102760314941 0.0 0.0 0.0 1.0
0.47788190841674805 0.6386280059814453 0.6031444072723389 -0.49782446026802063 -0.45034271478652954 -0.41140636801719666 0.7924242615699768 0.8563809394836426 0.7542017698287964 -0.6503069400787354 0.09099781513214111 11.793489456176758 0.0 0.0 0.0 1.0
0.5123246908187866 0.6294845938682556 0.5841853618621826 -0.41732704639434814 -0.4325738251209259 -0.398491770029068 0.8087547421455383 0.8934412598609924 0.7418917417526245 -0.6670482754707336 0.0681413933634758 11.840871810913086 0.0 0.0 0.0 1.0
0.5447239279747009 0.6184355020523071 0.566403865814209 -0.36772292852401733 -0.41689014434814453 -0.3863416910171509 0.8227652907371521 0.8989709615707397 0.7276526689529419 -0.6843081712722778 0.047370102256536484 11.942107200622559 0.0 0.0 0.0 1.0
0.5736849308013916 0.6083608269691467 0.5484365820884705 -0.39052942395210266 -0.40080583095550537 -0.37542927265167236 0.8357077836990356 0.9479365348815918 0.7143110632896423 -0.6992495656013489 0.02845645509660244 11.9544038772583 0.0 0.0 0.0 1.0
0.6012728810310364 0.5973880887031555 0.5306584239006042 -0.23194746673107147 -0.385221004486084 -0.36512359976768494 0.8475196361541748 1.024393916130066 0.7000540494918823 -0.7140113711357117 0.01058753952383995 11.968205451965332 0.0 0.0 0.0 1.0
0.6258968710899353 0.5868640542030334 0.5136572122573853 -0.09259091317653656 -0.37165266275405884 -0.35458800196647644 0.8579869866371155 1.0121067762374878 0.6856583952903748 -0.7279134392738342 -0.003825935535132885 11.874443054199219 0.0 0.0 0.0 1.0
0.6480996012687683 0.5766438245773315 0.49744224548339844 -0.04458945244550705 -0.36040252447128296 -0.34317874908447266 0.8673744201660156 0.9184476733207703 0.6708776950836182 -0.7414244413375854 -0.014590131118893623 11.784257888793945 0.0 0.0 0.0 1.0
0.6695590019226074 0.566060483455658 0.4809015691280365 -0.22004933655261993 -0.3487250506877899 -0.33208388090133667 0.8764194846153259 0.8097968101501465 0.6558060646057129 -0.7545169591903687 -0.024950286373496056 11.635680198669434 0.0 0.0 0.0 1.0
0.6917104721069336 0.5569890737533569 0.45967358350753784 -0.3730352818965912 -0.33170631527900696 -0.32035550475120544 0.8873236775398254 0.6872627139091492 0.6414884924888611 -0.7662476897239685 -0.03683647885918617 11.382946014404297 0.0 0.0 0.0 1.0
0.7148788571357727 0.546531081199646 0.43617886304855347 -0.4946841597557068 -0.3134162425994873 -0.3071727752685547 0.8985628485679626 0.5700352787971497 0.6250748038291931 -0.7790690660476685 -0.04829959571361542 11.199958801269531 0.0 0.0 0.0 1.0
0.7391546964645386 0.5355541110038757 0.4084508717060089 -0.4064749479293823 -0.2910357415676117 -0.29293280839920044 0.9107626080513 0.5226294994354248 0.6074113845825195 -0.7920682430267334 -0.06065727770328522 11.06751537322998 0.0 0.0 0.0 1.0
0.7627556324005127 0.5249353051185608 0.3776860535144806 -0.3323116898536682 -0.26629334688186646 -0.27726373076438904 0.9231536388397217 0.4723966717720032 0.5893145799636841 -0.8047159314155579 -0.07169769704341888 10.947733879089355 0.0 0.0 0.0 1.0
0.7861303687095642 0.5116688013076782 0.3466901481151581 -0.3925660252571106 -0.2440727800130844 -0.25833725929260254 0.9347140192985535 0.5072750449180603 0.5678269863128662 -0.8194247484207153 -0.07820235192775726 10.84532642364502 0.0 0.0 0.0 1.0
0.8079440593719482 0.49709030985832214 0.3164294958114624 -0.44768664240837097 -0.22280533611774445 -0.23942016065120697 0.9450057148933411 0.6786548495292664 0.5455127954483032 -0.8340139389038086 -0.08268372714519501 10.843164443969727 0.0 0.0 0.0 1.0
0.8273465633392334 0.4830127954483032 0.2866989076137543 -0.4625179171562195 -0.2029699683189392 -0.2188424915075302 0.9544166326522827 0.8900794386863708 0.523737370967865 -0.8478246331214905 -0.08302149176597595 10.918951988220215 0.0 0.0 0.0 1.0
0.8447433114051819 0.46884551644325256 0.2580553889274597 -0.4636614918708801 -0.18296508491039276 -0.20012713968753815 0.9625346064567566 1.0801959037780762 0.5029239654541016 -0.8603098392486572 -0.08327370882034302 10.915852546691895 0.0 0.0 0.0 1.0
0.8618404865264893 0.4521172344684601 0.22982816398143768 -0.3992445468902588 -0.16314560174942017 -0.18193256855010986 0.9696824550628662 1.178389072418213 0.4802233576774597 -0.8732070326805115 -0.0830359160900116 10.866894721984863 0.0 0.0 0.0 1.0
0.8777247071266174 0.4353262186050415 0.2002258449792862 -0.42249438166618347 -0.13976559042930603 -0.16709643602371216 0.9759837985038757 1.177006483078003 0.45832836627960205 -0.8846297860145569 -0.08582105487585068 10.817856788635254 0.0 0.0 0.0 1.0
0.8936724066734314 0.4154243767261505 0.16962368786334991 -0.5315359830856323 -0.1145886778831482 -0.15420188009738922 0.9813721179962158 1.1529006958007812 0.43384218215942383 -0.8964621424674988 -0.09020303189754486 10.782090187072754 0.0 0.0 0.0 1.0
0.908416748046875 0.3944961726665497 0.1383899450302124 -0.6475067734718323 -0.0866689682006836 -0.1461268961429596 0.9854620099067688 1.129443883895874 0.4089834988117218 -0.9072043299674988 -0.09855354577302933 10.940388679504395 0.0 0.0 0.0 1.0
0.9220466017723083 0.37208297848701477 0.10669753700494766 -0.6691876649856567 -0.05844387039542198 -0.1386643499135971 0.9886134266853333 1.117180347442627 0.38264137506484985 -0.9177834391593933 -0.10610902309417725 11.117972373962402 0.0 0.0 0.0 1.0
0.9340087175369263 0.3491624891757965 0.07558610290288925 -0.7207303047180176 -0.030582847073674202 -0.13265395164489746 0.9906904697418213 1.1243667602539062 0.35593876242637634 -0.9276251792907715 -0.11322156339883804 11.29426383972168 0.0 0.0 0.0 1.0
0.9443547129631042 0.3256666660308838 0.046210844069719315 -0.8028551936149597 -0.003699244000017643 -0.12996476888656616 0.9915117025375366 1.1340652704238892 0.32890811562538147 -0.9365096688270569 -0.12152812629938126 11.476744651794434 0.0 0.0 0.0 1.0
0.9523599147796631 0.3043685555458069 0.019244149327278137 -0.8345193266868591 0.020784083753824234 -0.12772758305072784 0.9915915131568909 1.1700297594070435 0.3042672872543335 -0.9439520239830017 -0.1279686540365219 11.63929271697998 0.0 0.0 0.0 1.0
0.9587579369544983 0.28418922424316406 -0.004444405902177095 -0.8552393913269043 0.042069919407367706 -0.1264301836490631 0.991083025932312 1.1884082555770874 0.28109320998191833 -0.9503956437110901 -0.13317175209522247 11.791707038879395 0.0 0.0 0.0 1.0
0.9639347791671753 0.26489904522895813 -0.025656597688794136 -0.8556821942329407 0.060890913009643555 -0.12566924095153809 0.9902017712593079 1.1653567552566528 0.2590792775154114 -0.9560521841049194 -0.13726688921451569 11.932955741882324 0.0 0.0 0.0 1.0
0.9691714644432068 0.2411552220582962 -0.05050591006875038 -0.8595830798149109 0.08282657712697983 -0.12582595646381378 0.9885886907577515 1.128711462020874 0.23204836249351501 -0.9622951745986938 -0.14192098379135132 12.041390419006348 0.0 0.0 0.0 1.0
0.9724120497703552 0.22219136357307434 -0.07103391736745834 -0.8454781770706177 0.10102292895317078 -0.12664923071861267 0.9867899417877197 1.0795209407806396 0.210259810090065 -0.9667424559593201 -0.14560166001319885 12.13552188873291 0.0 0.0 0.0 1.0
0.9748629927635193 0.2019944041967392 -0.09402327984571457 -0.7569465637207031 0.12101656943559647 -0.12571558356285095 0.9846575856208801 1.0101115703582764 0.18707513809204102 -0.9712846279144287 -0.14700014889240265 12.17516803741455 0.0 0.0 0.0 1.0
0.9763693809509277 0.17962491512298584 -0.12015711516141891 -0.5919771790504456 0.14384113252162933 -0.12520566582679749 0.9816482663154602 0.9504632949829102 0.16128411889076233 -0.9757348299026489 -0.14808443188667297 12.234345436096191 0.0 0.0 0.0 1.0
0.9764907956123352 0.15491323173046112 -0.14989197254180908 -0.4707636535167694 0.1695430427789688 -0.122529536485672 0.9778761267662048 1.059887409210205 0.13311976194381714 -0.9803001880645752 -0.14591343700885773 12.129154205322266 0.0 0.0 0.0 1.0
0.9752097129821777 0.1279291808605194 -0.18055494129657745 -0.4700000286102295 0.19614791870117188 -0.12205804884433746 0.9729480147361755 1.167979121208191 0.10243026167154312 -0.9842438697814941 -0.14412523806095123 11.99092960357666 0.0 0.0 0.0 1.0
0.9715043902397156 0.10280813276767731 -0.21356426179409027 -0.3795276880264282 0.22529172897338867 -0.12059520930051804 0.9667990803718567 1.3138400316238403 0.07363998144865036 -0.9873638153076172 -0.14032059907913208 12.015280723571777 0.0 0.0 0.0 1.0
0.9670010805130005 0.07714487612247467 -0.24281176924705505 -0.2407676875591278 0.25080421566963196 -0.12069661170244217 0.9604840278625488 1.4241138696670532 0.044789869338274 -0.9896873235702515 -0.13606201112270355 12.26337718963623 0.0 0.0 0.0 1.0
0.9620471596717834 0.05354880541563034 -0.26757752895355225 -0.2053622305393219 0.2722187936306 -0.11994529515504837 0.9547303318977356 1.5106101036071777 0.019030002877116203 -0.9913352727890015 -0.1299700289964676 12.52439022064209 0.0 0.0 0.0 1.0
0.9570887088775635 0.03047487512230873 -0.28818827867507935 -0.20371928811073303 0.2897440195083618 -0.11930011957883835 0.9496398568153381 1.6175258159637451 -0.005440740846097469 -0.9923904538154602 -0.12301070988178253 12.601526260375977 0.0 0.0 0.0 1.0
0.9524332880973816 0.010148568078875542 -0.3045782148838043 -0.29281365871429443 0.3034942150115967 -0.1221265196800232 0.9449742436408997 1.5531401634216309 -0.027606941759586334 -0.9924626350402832 -0.11939739435911179 12.808180809020996 0.0 0.0 0.0 1.0
0.9480787515640259 -0.009447290562093258 -0.3178952932357788 -0.37962666153907776 0.31436237692832947 -0.12364174425601959 0.941216766834259 1.4263983964920044 -0.048197075724601746 -0.992281973361969 -0.1142522394657135 12.848475456237793 0.0 0.0 0.0 1.0
0.9430245161056519 -0.026952458545565605 -0.33162984251976013 -0.376522421836853 0.3257647752761841 -0.12798456847667694 0.9367482662200928 1.2913106679916382 -0.06769116967916489 -0.9914098381996155 -0.11191242188215256 12.88931941986084 0.0 0.0 0.0 1.0
0.9362363815307617 -0.045683592557907104 -0.3483883738517761 -0.32456737756729126 0.3401493728160858 -0.13073831796646118 0.9312388896942139 1.2889509201049805 -0.08809004724025726 -0.9903638362884521 -0.10686273127794266 12.903824806213379 0.0 0.0 0.0 1.0
0.9273566007614136 -0.06589039415121078 -0.3683316707611084 -0.3172639012336731 0.35732150077819824 -0.13618946075439453 0.9239987730979919 1.3218984603881836 -0.11104553937911987 -0.9884892106056213 -0.10275214165449142 12.9760103225708 0.0 0.0 0.0 1.0
0.9154634475708008 -0.08682674169540405 -0.39292216300964355 -0.3341508209705353 0.3785236179828644 -0.14554046094417572 0.9140775799751282 1.3733220100402832 -0.13655245304107666 -0.9855349063873291 -0.10037099570035934 13.08650016784668 0.0 0.0 0.0 1.0
0.900091826915741 -0.10949458181858063 -0.4217175543308258 -0.31510913372039795 0.40325212478637695 -0.15717658400535583 0.9014894366264343 1.3084046840667725 -0.1649923324584961 -0.9814817905426025 -0.09731943905353546 13.124085426330566 0.0 0.0 0.0 1.0
0.8818135857582092 -0.13304495811462402 -0.45244207978248596 -0.2657592296600342 0.4288863241672516 -0.17271941900253296 0.886693000793457 1.125388503074646 -0.19611556828022003 -0.9759441614151001 -0.09524516761302948 13.23321533203125 0.0 0.0 0.0 1.0
0.8608224987983704 -0.15740802884101868 -0.4839497208595276 -0.17009350657463074 0.455652117729187 -0.18511298298835754 0.8706976175308228 0.9339277148246765 -0.22664017975330353 -0.970028817653656 -0.08762612193822861 13.265687942504883 0.0 0.0 0.0 1.0
0.8374370336532593 -0.18085718154907227 -0.5157421231269836 -0.09919662773609161 0.4825815260410309 -0.19825930893421173 0.8531168103218079 0.8061079978942871 -0.25654298067092896 -0.9633192420005798 -0.0787513479590416 13.297935485839844 0.0 0.0 0.0 1.0
0.8142117857933044 -0.20403534173965454 -0.5435335636138916 -0.03434981033205986 0.506054699420929 -0.20943434536457062 0.836687445640564 0.7192720174789429 -0.28454840183258057 -0.9562985301017761 -0.06727087497711182 13.31706428527832 0.0 0.0 0.0 1.0
0.7919453978538513 -0.2244623601436615 -0.5678372979164124 0.0006728288717567921 0.5263811349868774 -0.22030320763587952 0.8212121725082397 0.6400921940803528 -0.3094275891780853 -0.9492539763450623 -0.056315358728170395 13.3412446975708 0.0 0.0 0.0 1.0
0.7708372473716736 -0.2441561073064804 -0.5883857011795044 -0.06669905036687851 0.5437264442443848 -0.2290867418050766 0.807391345500946 0.6132805347442627 -0.33192089200019836 -0.9422882199287415 -0.043834470212459564 13.382399559020996 0.0 0.0 0.0 1.0
0.750331461429596 -0.2624337375164032 -0.6067382097244263 -0.22116340696811676 0.5589320063591003 -0.2382327765226364 0.79425448179245 0.6635821461677551 -0.35298410058021545 -0.9350795149803162 -0.03207094222307205 13.406001091003418 0.0 0.0 0.0 1.0
0.7294188737869263 -0.2803686559200287 -0.6239723563194275 -0.37904825806617737 0.5735681056976318 -0.24641305208206177 0.7812171578407288 0.753307044506073 -0.37278375029563904 -0.9277251958847046 -0.018927812576293945 13.450361251831055 0.0 0.0 0.0 1.0
0.7067531943321228 -0.2964564263820648 -0.6423499584197998 -0.5477997660636902 0.5889512300491333 -0.25650468468666077 0.7663822770118713 0.7615700364112854 -0.39196473360061646 -0.9199559688568115 -0.006687127985060215 13.5972318649292 0.0 0.0 0.0 1.0
0.6828937530517578 -0.3120429515838623 -0.660519003868103 -0.6029285788536072 0.6043335199356079 -0.2666613757610321 0.7507814168930054 0.7697399854660034 -0.41041094064712524 -0.9118776917457581 0.006476610898971558 13.603710174560547 0.0 0.0 0.0 1.0
0.6576644778251648 -0.3249274492263794 -0.6796319484710693 -0.6546387672424316 0.6203802227973938 -0.2781642973423004 0.7333164215087891 0.7323399782180786 -0.42732396721839905 -0.9039064049720764 0.018639789894223213 13.731243133544922 0.0 0.0 0.0 1.0
0.6317589282989502 -0.33704236149787903 -0.698056697845459 -0.6188555955886841 0.6360922455787659 -0.28925999999046326 0.7153428196907043 0.6418368220329285 -0.44302067160606384 -0.8959526419639587 0.03164743632078171 13.78140640258789 0.0 0.0 0.0 1.0
0.6044330596923828 -0.34922704100608826 -0.716031551361084 -0.5363035798072815 0.6513606905937195 -0.30085262656211853 0.6965751647949219 0.5199726819992065 -0.4586828649044037 -0.887427806854248 0.045627493411302567 13.842034339904785 0.0 0.0 0.0 1.0
0.5765849351882935 -0.35973313450813293 -0.73358154296875 -0.4141499698162079 0.6667455434799194 -0.31177347898483276 0.6769399642944336 0.5232771039009094 -0.47222900390625 -0.879425585269928 0.06008657068014145 13.890701293945312 0.0 0.0 0.0 1.0
0.5474093556404114 -0.3721981942653656 -0.7495408654212952 -0.2849377393722534 0.6814432144165039 -0.3216542601585388 0.6573991775512695 0.6783520579338074 -0.48577579855918884 -0.870635986328125 0.07755540311336517 13.76034927368164 0.0 0.0 0.0 1.0
0.5159648060798645 -0.3879748582839966 -0.7637118697166443 -0.2974095046520233 0.6948785185813904 -0.3317877948284149 0.6380131244659424 0.7640190720558167 -0.5009233355522156 -0.8598792552947998 0.09840456396341324 13.45943832397461 0.0 0.0 0.0 1.0
0.4837203323841095 -0.4022494852542877 -0.7773094773292542 -0.3430633246898651 0.704375684261322 -0.348230242729187 0.6185390949249268 0.7374629974365234 -0.5194897055625916 -0.8467178344726562 0.11488871276378632 13.466131210327148 0.0 0.0 0.0 1.0
0.45241984724998474 -0.41579657793045044 -0.7889419794082642 -0.4842933118343353 0.7130995392799377 -0.3625818192958832 0.6000195741653442 0.6490646600723267 -0.5355421304702759 -0.8340549468994141 0.13246513903141022 13.502180099487305 0.0 0.0 0.0 1.0
0.4226420223712921 -0.4271436631679535 -0.7993260025978088 -0.7454395890235901 0.7210302948951721 -0.37586700916290283 0.5820990800857544 0.6937065124511719 -0.5490801930427551 -0.8223577737808228 0.1491263061761856 13.608040809631348 0.0 0.0 0.0 1.0
0.3942908048629761 -0.4372756779193878 -0.8082850575447083 -0.8039997220039368 0.7274685502052307 -0.38892027735710144 0.5652703046798706 0.7755304574966431 -0.5615373849868774 -0.8108828663825989 0.16475661098957062 13.652435302734375 0.0 0.0 0.0 1.0
0.3667217195034027 -0.44813188910484314 -0.8152870535850525 -0.7284659743309021 0.7345966100692749 -0.3982514441013336 0.5493301153182983 0.8426232933998108 -0.5708615779876709 -0.8003584146499634 0.18314871191978455 13.600096702575684 0.0 0.0 0.0 1.0
0.3384612202644348 -0.4585646092891693 -0.8216826915740967 -0.491810142993927 0.7423365116119385 -0.4064943790435791 0.532633900642395 0.9197690486907959 -0.5782564282417297 -0.790241003036499 0.20282667875289917 13.524871826171875 0.0 0.0 0.0 1.0
0.3087969422340393 -0.4691865146160126 -0.8273502588272095 -0.2634207010269165 0.7487212419509888 -0.41653844714164734 0.5156667828559875 0.9876096248626709 -0.5865671038627625 -0.7786910533905029 0.22266413271427155 13.484898567199707 0.0 0.0 0.0 1.0
0.26451507210731506 -0.48478347063064575 -0.8336766362190247 -0.1333964765071869 0.7564295530319214 -0.43192988634109497 0.49117302894592285 1.0883480310440063 -0.5982024073600769 -0.7605403065681458 0.252452552318573 13.434554100036621 0.0 0.0 0.0 1.0
0.22397184371948242 -0.49713486433029175 -0.8382681608200073 -0.1303260773420334 0.7611559629440308 -0.4479483664035797 0.4690244197845459 1.0636227130889893 -0.6086692214012146 -0.7431010603904724 0.2780693471431732 13.431979179382324 0.0 0.0 0.0 1.0
0.1781754493713379 -0.506792426109314 -0.8434541821479797 -0.18436917662620544 0.7649492621421814 -0.46783962845802307 0.4426948130130768 0.9701937437057495 -0.618955671787262 -0.7240769863128662 0.30431297421455383 13.517037391662598 0.0 0.0 0.0 1.0
0.1282699853181839 -0.5161711573600769 -0.8468259572982788 -0.07042475044727325 0.768679678440094 -0.4877873957157135 0.41375717520713806 0.9631003737449646 -0.6266405582427979 -0.7040104866027832 0.33420178294181824 13.687183380126953 0.0 0.0 0.0 1.0
0.07666837424039841 -0.5242621898651123 -0.8480985164642334 0.1392214596271515 0.7702018618583679 -0.5090294480323792 0.38428911566734314 1.0225613117218018 -0.6331753730773926 -0.6826698780059814 0.36476126313209534 13.780699729919434 0.0 0.0 0.0 1.0
0.02786346711218357 -0.5314576029777527 -0.8466265201568604 0.19126833975315094 0.7705243825912476 -0.5281327366828918 0.3568865656852722 1.085914969444275 -0.6368012428283691 -0.6622904539108276 0.39478543400764465 13.779647827148438 0.0 0.0 0.0 1.0
-0.01607857085764408 -0.5375658273696899 -0.8430684804916382 0.13730661571025848 0.7677266001701355 -0.5468263030052185 0.33403122425079346 1.1454370021820068 -0.6405758261680603 -0.6418753266334534 0.4214957654476166 13.821463584899902 0.0 0.0 0.0 1.0
-0.053667113184928894 -0.5418473482131958 -0.8387617468833923 0.041718579828739166 0.7635639905929565 -0.5635687708854675 0.315214604139328 1.1737135648727417 -0.6434981226921082 -0.6235316395759583 0.44398024678230286 13.86296558380127 0.0 0.0 0.0 1.0
-0.08696926385164261 -0.5459584593772888 -0.8332861065864563 -0.06248677521944046 0.7591729760169983 -0.57793128490448 0.2994190752506256 1.1259253025054932 -0.6450524926185608 -0.6065680384635925 0.4647391736507416 13.888411521911621 0.0 0.0 0.0 1.0
-0.11636795103549957 -0.5496662259101868 -0.8272396922111511 -0.20628763735294342 0.7526091933250427 -0.5922968983650208 0.28768688440322876 1.0484098196029663 -0.6481032967567444 -0.5891106724739075 0.48260822892189026 13.839902877807617 0.0 0.0 0.0 1.0
-0.14760324358940125 -0.5506496429443359 -0.8215827941894531 -0.3060857057571411 0.7478559613227844 -0.6057456731796265 0.2716313898563385 0.9929430484771729 -0.6472439765930176 -0.5743319392204285 0.5012166500091553 13.766074180603027 0.0 0.0 0.0 1.0
-0.17895229160785675 -0.552217960357666 -0.8142673969268799 -0.16217158734798431 0.741107165813446 -0.6200026869773865 0.2575981616973877 0.9234196543693542 -0.6470983028411865 -0.5573616623878479 0.5202035903930664 13.683964729309082 0.0 0.0 0.0 1.0
-0.2157544642686844 -0.5549463629722595 -0.8034205436706543 0.18055829405784607 0.7351624965667725 -0.633837878704071 0.2403864860534668 0.9415112137794495 -0.6426399946212769 -0.538780152797699 0.5447291135787964 13.423149108886719 0.0 0.0 0.0 1.0
-0.2548452317714691 -0.5573676228523254 -0.790186882019043 0.49606573581695557 0.7271060943603516 -0.6491625905036926 0.22339355945587158 1.0660213232040405 -0.6374720931053162 -0.5176188945770264 0.5707013607025146 13.110462188720703 0.0 0.0 0.0 1.0
-0.29379069805145264 -0.5588316321372986 -0.7754961252212524 0.734096884727478 0.7180914282798767 -0.6645103693008423 0.20681065320968628 1.1072443723678589 -0.630897581577301 -0.49611806869506836 0.5965191721916199 12.891411781311035 0.0 0.0 0.0 1.0
-0.33035680651664734 -0.558247447013855 -0.7610677480697632 0.8365932106971741 0.7075750231742859 -0.6801274418830872 0.19174011051654816 0.9329932332038879 -0.6246615052223206 -0.4751698672771454 0.6196866631507874 12.721667289733887 0.0 0.0 0.0 1.0
-0.3650420606136322 -0.5561230778694153 -0.7466400861740112 0.8040074706077576 0.6971513628959656 -0.6948136687278748 0.17667466402053833 0.7591239213943481 -0.6170285940170288 -0.45602744817733765 0.6413381695747375 12.711185455322266 0.0 0.0 0.0 1.0
-0.3967032730579376 -0.5535311102867126 -0.7322771549224854 0.6451523303985596 0.6851601004600525 -0.7094374299049377 0.16508837044239044 0.6443403363227844 -0.6108863949775696 -0.4362359941005707 0.6606935858726501 12.629424095153809 0.0 0.0 0.0 1.0
-0.424153596162796 -0.550757646560669 -0.7188600301742554 0.4800645411014557 0.6756424307823181 -0.7210174202919006 0.15375688672065735 0.56877601146698 -0.6029934287071228 -0.4204758107662201 0.6779373288154602 12.638242721557617 0.0 0.0 0.0 1.0
-0.4470471143722534 -0.5486184358596802 -0.7065172791481018 0.3431095480918884 0.6666644215583801 -0.7309645414352417 0.14577174186706543 0.5443235039710999 -0.596412181854248 -0.4058430790901184 0.6925199627876282 12.61507797241211 0.0 0.0 0.0 1.0
-0.4666363596916199 -0.5462515354156494 -0.6956003308296204 0.22531123459339142 0.6567777395248413 -0.7407612204551697 0.14112351834774017 0.5716473460197449 -0.592362642288208 -0.391001433134079 0.70443195104599 12.402117729187012 0.0 0.0 0.0 1.0
