0.3242315351963043 0.7197725772857666 0.6138414740562439 -0.013153627514839172 -0.14636756479740143 -0.6029108762741089 0.7842671871185303 1.9926738739013672 0.934585690498352 -0.34413063526153564 -0.09013137966394424 8.305142402648926 0.0 0.0 0.0 1.0
0.32448866963386536 0.7196099162101746 0.6138963103294373 -0.016668999567627907 -0.1460416316986084 -0.6031177639961243 0.7841688394546509 1.9967901706695557 0.934547483921051 -0.34410831332206726 -0.09061188250780106 8.319055557250977 0.0 0.0 0.0 1.0
0.3254123032093048 0.7193796038627625 0.6136772632598877 -0.01564360409975052 -0.14493878185749054 -0.6033835411071777 0.7841690182685852 2.006373643875122 0.9343979954719543 -0.34412387013435364 -0.0920824185013771 8.335166931152344 0.0 0.0 0.0 1.0
0.32831627130508423 0.7186141014099121 0.6130270957946777 -0.00011209052900085226 -0.1429899036884308 -0.6037114262580872 0.7842744588851929 1.9718174934387207 0.9336821436882019 -0.34514671564102173 -0.09545372426509857 8.373515129089355 0.0 0.0 0.0 1.0
0.3327771723270416 0.7174484133720398 0.6119861602783203 -0.014056531712412834 -0.1408521980047226 -0.6038776636123657 0.7845332026481628 1.8514307737350464 0.932426929473877 -0.3472743630409241 -0.09990251809358597 8.382868766784668 0.0 0.0 0.0 1.0
0.337920606136322 0.7163596749305725 0.6104412078857422 -0.03994656726717949 -0.1388673335313797 -0.6035467982292175 0.7851414680480957 1.7716996669769287 0.9308735132217407 -0.3500858247280121 -0.10447194427251816 8.331584930419922 0.0 0.0 0.0 1.0
0.34883761405944824 0.7140297889709473 0.6070204377174377 -0.07769565284252167 -0.1355983167886734 -0.6024374961853027 0.786563515663147 1.7226639986038208 0.9273216128349304 -0.35669389367103577 -0.1133316159248352 8.184799194335938 0.0 0.0 0.0 1.0
0.36549410223960876 0.7101035714149475 0.6018031239509583 -0.037914376705884933 -0.1303185671567917 -0.6011290550231934 0.7884547710418701 1.6485567092895508 0.9216458797454834 -0.3666016757488251 -0.1271694451570511 8.058799743652344 0.0 0.0 0.0 1.0
0.3884946405887604 0.7042129039764404 0.5942693948745728 -0.013561883009970188 -0.12282640486955643 -0.5995962023735046 0.7908211350440979 1.6215965747833252 0.9132280945777893 -0.38022175431251526 -0.14644396305084229 8.022228240966797 0.0 0.0 0.0 1.0
0.416931688785553 0.6959354877471924 0.5846723318099976 0.04955216497182846 -0.11319229006767273 -0.5984863638877869 0.7930961847305298 1.648082971572876 0.9018622040748596 -0.39684730768203735 -0.17075340449810028 8.049161911010742 0.0 0.0 0.0 1.0
0.4485284090042114 0.6850613355636597 0.5740324258804321 0.1449919193983078 -0.10292667150497437 -0.5983966588973999 0.7945612668991089 1.6586869955062866 0.8878222703933716 -0.4154665470123291 -0.19788682460784912 8.128373146057129 0.0 0.0 0.0 1.0
0.4725869297981262 0.6754547953605652 0.5660586357116699 0.23100422322750092 -0.09594284743070602 -0.5990606546401978 0.7949348092079163 1.6359527111053467 0.8760460019111633 -0.42998507618904114 -0.21830317378044128 8.224820137023926 0.0 0.0 0.0 1.0
0.5024994611740112 0.6616219878196716 0.5565524101257324 0.30540427565574646 -0.08925004303455353 -0.6005926132202148 0.7945583462715149 1.594201683998108 0.8599585294723511 -0.44893747568130493 -0.24274767935276031 8.355656623840332 0.0 0.0 0.0 1.0
0.5282459259033203 0.647546648979187 0.5492172837257385 0.24210703372955322 -0.0859210342168808 -0.6027431488037109 0.7932958006858826 1.5654964447021484 0.8447329998016357 -0.46624457836151123 -0.262758731842041 8.454813957214355 0.0 0.0 0.0 1.0
0.5491256713867188 0.6343883872032166 0.5440701246261597 0.1551327109336853 -0.0855320617556572 -0.6049266457557678 0.7916741967201233 1.4902821779251099 0.8313514590263367 -0.4812640845775604 -0.2779202163219452 8.518411636352539 0.0 0.0 0.0 1.0
0.5655757188796997 0.6230357885360718 0.5403244495391846 0.13045600056648254 -0.08697868883609772 -0.6064618825912476 0.7903409004211426 1.3976191282272339 0.8200968503952026 -0.4939943253993988 -0.28880926966667175 8.556960105895996 0.0 0.0 0.0 1.0
0.5788576006889343 0.6140421032905579 0.5365409255027771 0.10581301152706146 -0.0892910361289978 -0.60629802942276 0.7902086973190308 1.3526842594146729 0.810525119304657 -0.5053265690803528 -0.29613175988197327 8.498872756958008 0.0 0.0 0.0 1.0
0.5882108807563782 0.6081447601318359 0.5330740213394165 0.10733668506145477 -0.09095712751150131 -0.6052352786064148 0.7908331751823425 1.3176532983779907 0.8035762310028076 -0.5136635303497314 -0.3006908595561981 8.4407958984375 0.0 0.0 0.0 1.0
0.600974977016449 0.6010274887084961 0.5268728733062744 0.13594892621040344 -0.09191535413265228 -0.6028508543968201 0.7925417423248291 1.23147714138031 0.7939651012420654 -0.5247254967689514 -0.30705463886260986 8.386183738708496 0.0 0.0 0.0 1.0
0.6157016754150391 0.5937409996986389 0.5180570483207703 0.16033905744552612 -0.0910245031118393 -0.5994572639465332 0.7952141165733337 1.1643952131271362 0.7827042937278748 -0.5367705821990967 -0.3150418698787689 8.379666328430176 0.0 0.0 0.0 1.0
0.6336346864700317 0.5847333073616028 0.5065511465072632 0.15982623398303986 -0.08840052038431168 -0.5957565903663635 0.7982853055000305 1.1595062017440796 0.7685651779174805 -0.5506006479263306 -0.3258013129234314 8.403053283691406 0.0 0.0 0.0 1.0
0.6548802852630615 0.5731050372123718 0.4926280677318573 0.17202703654766083 -0.0842231810092926 -0.5924476385116577 0.8011943101882935 1.175865888595581 0.7510247826576233 -0.5661770701408386 -0.33971354365348816 8.472084045410156 0.0 0.0 0.0 1.0
0.677544116973877 0.5596839189529419 0.47716647386550903 0.22939729690551758 -0.07867755740880966 -0.589902400970459 0.803632378578186 1.2304669618606567 0.7312617897987366 -0.5820387005805969 -0.3556503355503082 8.592597007751465 0.0 0.0 0.0 1.0
0.6947295665740967 0.5488753318786621 0.4648513197898865 0.30778035521507263 -0.07389316707849503 -0.588397741317749 0.8051881194114685 1.2740613222122192 0.7154653072357178 -0.5937373042106628 -0.36821916699409485 8.681358337402344 0.0 0.0 0.0 1.0
0.7162207365036011 0.5346660614013672 0.44850870966911316 0.3953249752521515 -0.06696774810552597 -0.5870577692985535 0.8067704439163208 1.3154420852661133 0.6946532726287842 -0.607861340045929 -0.3846575617790222 8.82490348815918 0.0 0.0 0.0 1.0
0.7350624203681946 0.5215386152267456 0.43322131037712097 0.439236044883728 -0.06063830852508545 -0.5858386158943176 0.8081560134887695 1.3459597826004028 0.6752822995185852 -0.62031489610672 -0.39900273084640503 8.89060115814209 0.0 0.0 0.0 1.0
0.7515286207199097 0.50925213098526 0.4193650186061859 0.417449027299881 -0.05563076585531235 -0.584504246711731 0.8094813227653503 1.3393126726150513 0.6573507189750671 -0.6316779851913452 -0.41094157099723816 8.893134117126465 0.0 0.0 0.0 1.0
0.7652105093002319 0.4991201162338257 0.40661031007766724 0.3940010666847229 -0.05151332914829254 -0.5821016430854797 0.8114826083183289 1.3219493627548218 0.6417158246040344 -0.641900897026062 -0.41971898078918457 8.838860511779785 0.0 0.0 0.0 1.0
0.7771352529525757 0.4906761348247528 0.3940782845020294 0.33579137921333313 -0.047945793718099594 -0.5782020688056946 0.814483642578125 1.3139574527740479 0.6275045871734619 -0.6518583297729492 -0.4258153438568115 8.753503799438477 0.0 0.0 0.0 1.0
0.7861127257347107 0.48481783270835876 0.38337764143943787 0.29500892758369446 -0.04476926848292351 -0.5739762783050537 0.8176471590995789 1.2990200519561768 0.6164596080780029 -0.6599264144897461 -0.4295051395893097 8.707828521728516 0.0 0.0 0.0 1.0
0.7995437383651733 0.47550368309020996 0.36691421270370483 0.24584053456783295 -0.039597056806087494 -0.5678429007530212 0.8221839666366577 1.304006814956665 0.5993011593818665 -0.671900749206543 -0.4351867139339447 8.727178573608398 0.0 0.0 0.0 1.0
0.815077006816864 0.46420300006866455 0.34664833545684814 0.22349853813648224 -0.03233353793621063 -0.5609568357467651 0.8272134065628052 1.3499003648757935 0.5784496665000916 -0.6854509711265564 -0.44221365451812744 8.775147438049316 0.0 0.0 0.0 1.0
0.8324165344238281 0.45022091269493103 0.32308486104011536 0.24006406962871552 -0.022931529209017754 -0.5545417666435242 0.8318398594856262 1.41006338596344 0.5536757707595825 -0.699846088886261 -0.4512854516506195 8.853413581848145 0.0 0.0 0.0 1.0
0.8500943779945374 0.43486741185188293 0.29703518748283386 0.3035401701927185 -0.011268853209912777 -0.5488798022270203 0.8358253240585327 1.4811681509017944 0.5265098214149475 -0.7138776183128357 -0.4616991877555847 8.916367530822754 0.0 0.0 0.0 1.0
0.8670637607574463 0.418140709400177 0.27084824442863464 0.36904001235961914 0.0009347845916636288 -0.5450212359428406 0.8384217023849487 1.5367934703826904 0.4981962740421295 -0.7267119288444519 -0.472959041595459 8.975602149963379 0.0 0.0 0.0 1.0
0.8786799907684326 0.404893159866333 0.2529485523700714 0.37649232149124146 0.008652211166918278 -0.5432522892951965 0.8395249247550964 1.5854263305664062 0.4773327708244324 -0.7354851961135864 -0.48084813356399536 9.013886451721191 0.0 0.0 0.0 1.0
0.8918233513832092 0.3876969814300537 0.2331141084432602 0.3228475749492645 0.015799300745129585 -0.541680097579956 0.8404362201690674 1.5819575786590576 0.45210784673690796 -0.7458376288414001 -0.48920828104019165 9.056502342224121 0.0 0.0 0.0 1.0
0.902604877948761 0.37159058451652527 0.2173127979040146 0.23748770356178284 0.020010346546769142 -0.5404996871948242 0.8411062359809875 1.5308129787445068 0.43000465631484985 -0.7548381090164185 -0.4952932894229889 9.070487022399902 0.0 0.0 0.0 1.0
0.9108901619911194 0.3582115173339844 0.20485016703605652 0.10271346569061279 0.022650843486189842 -0.5390827655792236 0.8419481515884399 1.4829503297805786 0.4120267331600189 -0.7622823119163513 -0.49915897846221924 9.039270401000977 0.0 0.0 0.0 1.0
0.9176398515701294 0.34687539935112 0.1939448118209839 -0.07568172365427017 0.024597832933068275 -0.5366570353507996 0.8434418439865112 1.4741284847259521 0.39665108919143677 -0.7692052125930786 -0.5009902715682983 8.980661392211914 0.0 0.0 0.0 1.0
0.9219184517860413 0.3398146629333496 0.18599021434783936 -0.2000284194946289 0.02636178396642208 -0.5340389013290405 0.8450488448143005 1.4893947839736938 0.3864859938621521 -0.7741630673408508 -0.5012984275817871 8.913798332214355 0.0 0.0 0.0 1.0
0.9276585578918457 0.33075863122940063 0.17334464192390442 -0.3384910523891449 0.031055526807904243 -0.5309198498725891 0.8468527793884277 1.5161447525024414 0.3721359670162201 -0.7802069187164307 -0.5027841925621033 8.89582347869873 0.0 0.0 0.0 1.0
0.9336442351341248 0.3217315673828125 0.15747128427028656 -0.4235628545284271 0.03858709707856178 -0.5273943543434143 0.8487439155578613 1.5611581802368164 0.3561171591281891 -0.7863485217094421 -0.5048134326934814 8.856609344482422 0.0 0.0 0.0 1.0
0.9394723773002625 0.31305137276649475 0.13924987614154816 -0.4687780737876892 0.048767875880002975 -0.5244618654251099 0.8500361442565918 1.579910397529602 0.3391362428665161 -0.7917945384979248 -0.5079842805862427 8.829537391662598 0.0 0.0 0.0 1.0
0.9463337063789368 0.30115222930908203 0.11730218678712845 -0.4619687795639038 0.06126657873392105 -0.5235299468040466 0.8498015999794006 1.5923264026641846 0.31733086705207825 -0.7970092296600342 -0.5138846635818481 8.857745170593262 0.0 0.0 0.0 1.0
0.9571725726127625 0.27723678946495056 0.08342909067869186 -0.2824425995349884 0.07867734879255295 -0.5264015197753906 0.8465880155563354 1.5582959651947021 0.278622567653656 -0.8037669062614441 -0.5256693363189697 8.939114570617676 0.0 0.0 0.0 1.0
0.9650797843933105 0.25653064250946045 0.053038451820611954 -0.12164385616779327 0.09431688487529755 -0.5291702747344971 0.843257486820221 1.5122228860855103 0.24438774585723877 -0.8088082671165466 -0.5348867177963257 8.917781829833984 0.0 0.0 0.0 1.0
0.972122848033905 0.2341451644897461 0.012376134283840656 0.060179948806762695 0.11697307974100113 -0.5300408005714417 0.839865505695343 1.5146944522857666 0.20321029424667358 -0.8150047659873962 -0.542653501033783 8.867390632629395 0.0 0.0 0.0 1.0
0.9761688709259033 0.21586158871650696 -0.022317230701446533 0.1924375295639038 0.1361844539642334 -0.52927166223526 0.8374516367912292 1.535941243171692 0.168961763381958 -0.8205335140228271 -0.5460555553436279 8.82848834991455 0.0 0.0 0.0 1.0
0.9785634875297546 0.19980210065841675 -0.04992620274424553 0.23224203288555145 0.1506081223487854 -0.5289311408996582 0.8351940512657166 1.5393226146697998 0.14046598970890045 -0.8248096704483032 -0.5476844906806946 8.8023042678833 0.0 0.0 0.0 1.0
0.9803368449211121 0.18396632373332977 -0.07138707488775253 0.21866145730018616 0.16001112759113312 -0.5293796062469482 0.8331588506698608 1.5530638694763184 0.11548230051994324 -0.828199028968811 -0.5484070181846619 8.79468059539795 0.0 0.0 0.0 1.0
0.9816152453422546 0.1683885008096695 -0.08987098932266235 0.1807926595211029 0.1670680046081543 -0.5303051471710205 0.8311827182769775 1.5754106044769287 0.09230256825685501 -0.8309162259101868 -0.5486879348754883 8.795007705688477 0.0 0.0 0.0 1.0
0.9822190999984741 0.15751315653324127 -0.10215332359075546 0.15183629095554352 0.17141366004943848 -0.5305013060569763 0.8301721215248108 1.6105499267578125 0.0765705555677414 -0.8329213857650757 -0.5480684041976929 8.79195499420166 0.0 0.0 0.0 1.0
0.9826737642288208 0.1433877944946289 -0.11744017899036407 0.05280901491641998 0.17651115357875824 -0.5307275652885437 0.8289583921432495 1.6727890968322754 0.056533776223659515 -0.8353251814842224 -0.5468416213989258 8.716402053833008 0.0 0.0 0.0 1.0
0.9824973344802856 0.12996289134025574 -0.13344897329807281 -0.017386697232723236 0.18266165256500244 -0.5317214727401733 0.8269866704940796 1.653062105178833 0.03651990368962288 -0.8368882536888123 -0.5461541414260864 8.592092514038086 0.0 0.0 0.0 1.0
0.9812246561050415 0.11750553548336029 -0.15293997526168823 -0.04938805103302002 0.1923045516014099 -0.5354800224304199 0.8223625421524048 1.5387276411056519 0.01473584771156311 -0.8363334536552429 -0.5480230450630188 8.424633979797363 0.0 0.0 0.0 1.0
0.9783183336257935 0.10561773926019669 -0.17815202474594116 -0.009842796251177788 0.2067311555147171 -0.5497945547103882 0.8093134164810181 1.330648422241211 -0.012469162233173847 -0.8285956978797913 -0.5597085356712341 8.308736801147461 0.0 0.0 0.0 1.0
0.9736992120742798 0.08045823872089386 -0.21315792202949524 0.1830112189054489 0.21986357867717743 -0.577161431312561 0.7864761352539062 0.976477861404419 -0.05974804610013962 -0.8126568794250488 -0.5796714425086975 8.277618408203125 0.0 0.0 0.0 1.0
0.9710636734962463 0.061013929545879364 -0.2308952659368515 0.24282392859458923 0.22264251112937927 -0.5810692310333252 0.7828083634376526 0.9214211106300354 -0.08640391379594803 -0.8115638494491577 -0.5778394937515259 8.171762466430664 0.0 0.0 0.0 1.0
0.9681693315505981 0.05070153996348381 -0.24510714411735535 0.2084997594356537 0.22808155417442322 -0.5820345878601074 0.7805219888687134 0.872244656085968 -0.1030871644616127 -0.8115818500518799 -0.5750721096992493 8.035353660583496 0.0 0.0 0.0 1.0
0.9672818183898926 0.047336723655462265 -0.24924902617931366 0.06081480160355568 0.22942568361759186 -0.5825998187065125 0.7797058820724487 0.776589572429657 -0.10830371081829071 -0.8113794922828674 -0.5743985176086426 7.984289646148682 0.0 0.0 0.0 1.0
0.9671146869659424 0.045341040939092636 -0.25026652216911316 -0.16738645732402802 0.22904731333255768 -0.5830428004264832 0.7794860005378723 0.6907436847686768 -0.11057339608669281 -0.8111752271652222 -0.5742545127868652 7.925679683685303 0.0 0.0 0.0 1.0
0.9645984172821045 0.04322824627161026 -0.2601560950279236 -0.3402366042137146 0.2354194074869156 -0.5857453346252441 0.7755514979362488 0.6006938815116882 -0.11885948479175568 -0.809341549873352 -0.5751857757568359 7.881162166595459 0.0 0.0 0.0 1.0
0.9574600458145142 0.0355597622692585 -0.28636640310287476 -0.33825036883354187 0.2513551414012909 -0.5902237892150879 0.7671091556549072 0.526422381401062 -0.1417420357465744 -0.8064560890197754 -0.5740538239479065 7.838090419769287 0.0 0.0 0.0 1.0
0.9509097933769226 0.02995936945080757 -0.3080146014690399 -0.2957919239997864 0.2650553286075592 -0.5925903916358948 0.7606459856033325 0.4942159354686737 -0.15973801910877228 -0.8049466609954834 -0.5714408755302429 7.83297061920166 0.0 0.0 0.0 1.0
0.9378834962844849 0.01600712351500988 -0.3465808928012848 -0.20021919906139374 0.288666695356369 -0.5901693105697632 0.7539043426513672 0.5825949311256409 -0.19247354567050934 -0.8071208000183105 -0.5581307411193848 7.788814544677734 0.0 0.0 0.0 1.0
0.9292821288108826 0.00392391812056303 -0.3693498373031616 -0.2244771271944046 0.3053053319454193 -0.5709832906723022 0.7620805501937866 0.8620446920394897 -0.2079022228717804 -0.820952296257019 -0.5318025350570679 7.687891960144043 0.0 0.0 0.0 1.0
0.9282297492027283 -0.007816865108907223 -0.3719252943992615 -0.4177952706813812 0.30566126108169556 -0.5538352131843567 0.7744919061660767 1.04668128490448 -0.21203944087028503 -0.8325895667076111 -0.5116970539093018 7.63875675201416 0.0 0.0 0.0 1.0
0.9228157997131348 -0.013928082771599293 -0.38498958945274353 -0.5438262820243835 0.31436216831207275 -0.5504298806190491 0.7734360694885254 1.0848380327224731 -0.22268225252628326 -0.8347651958465576 -0.5035669207572937 7.609597682952881 0.0 0.0 0.0 1.0
0.9051552414894104 -0.016709472984075546 -0.4247526228427887 -0.42663559317588806 0.3423027992248535 -0.5638055205345154 0.7516329884529114 0.9603720307350159 -0.25203725695610046 -0.8257385492324829 -0.5046117901802063 7.797700881958008 0.0 0.0 0.0 1.0
0.8846980929374695 -0.02973715402185917 -0.46521496772766113 -0.23729531466960907 0.36333319544792175 -0.5812515020370483 0.7281041741371155 0.8361977934837341 -0.29205864667892456 -0.8131804466247559 -0.5034276247024536 7.880314350128174 0.0 0.0 0.0 1.0
0.8491189479827881 -0.06678209453821182 -0.5239629745483398 0.2147786021232605 0.37690597772598267 -0.6183615922927856 0.6896164417266846 0.6004011631011963 -0.37005260586738586 -0.7830511331558228 -0.4998919665813446 7.994439125061035 0.0 0.0 0.0 1.0
0.8334994316101074 -0.07942666858434677 -0.546781599521637 0.2805146276950836 0.38939595222473145 -0.6176306009292603 0.68330317735672 0.669101893901825 -0.3919815719127655 -0.782447338104248 -0.4838663339614868 7.979287147521973 0.0 0.0 0.0 1.0
0.8380635976791382 -0.07737527787685394 -0.5400578379631042 0.04592946171760559 0.39421793818473816 -0.5984195470809937 0.6974856853485107 0.9085776805877686 -0.3771492838859558 -0.797437846660614 -0.4710109233856201 7.934442043304443 0.0 0.0 0.0 1.0
0.8438064455986023 -0.07650896161794662 -0.5311657190322876 -0.2391122281551361 0.3910278379917145 -0.5902343988418579 0.7062014937400818 1.053179383277893 -0.3675430417060852 -0.8035979866981506 -0.46812647581100464 7.9977521896362305 0.0 0.0 0.0 1.0
0.8440505862236023 -0.0871136263012886 -0.5291406512260437 -0.45255759358406067 0.38258352875709534 -0.5936055183410645 0.7079988121986389 1.154017686843872 -0.37577715516090393 -0.8000273108482361 -0.4677048325538635 8.026226043701172 0.0 0.0 0.0 1.0
0.8352524638175964 -0.11445864289999008 -0.5378220677375793 -0.491303950548172 0.37479060888290405 -0.597188413143158 0.7091530561447144 1.2703099250793457 -0.4023497998714447 -0.7938924431800842 -0.455905020236969 7.918739318847656 0.0 0.0 0.0 1.0
0.8149929046630859 -0.1471569836139679 -0.5604742765426636 -0.4092443883419037 0.3784453272819519 -0.5972883105278015 0.7071250081062317 1.4214094877243042 -0.4388231337070465 -0.7884107232093811 -0.43109485507011414 7.863119125366211 0.0 0.0 0.0 1.0
0.8015885949134827 -0.1750594526529312 -0.5716729164123535 -0.4416234791278839 0.3704949915409088 -0.6050083637237549 0.7047683000564575 1.508947491645813 -0.46924322843551636 -0.7767361998558044 -0.4201091229915619 7.889833450317383 0.0 0.0 0.0 1.0
0.787556529045105 -0.20431238412857056 -0.5813872218132019 -0.46115729212760925 0.3552243709564209 -0.6204103231430054 0.6992186307907104 1.5712590217590332 -0.5035576820373535 -0.7571971416473389 -0.41603145003318787 7.943337440490723 0.0 0.0 0.0 1.0
0.7681105136871338 -0.22182217240333557 -0.6006672978401184 -0.4656732976436615 0.35715553164482117 -0.6301734447479248 0.6894355416297913 1.5528664588928223 -0.5314566493034363 -0.7440943121910095 -0.4048178195953369 7.949680328369141 0.0 0.0 0.0 1.0
0.7508409023284912 -0.23399770259857178 -0.6176431179046631 -0.5391727089881897 0.3615582585334778 -0.6369634866714478 0.6808474063873291 1.4755183458328247 -0.5527328252792358 -0.7345220446586609 -0.39365440607070923 7.915774822235107 0.0 0.0 0.0 1.0
0.7429357767105103 -0.23882676661014557 -0.6253064870834351 -0.6582614779472351 0.36311233043670654 -0.6409823894500732 0.6762329936027527 1.4274474382400513 -0.5623129606246948 -0.7294541597366333 -0.38948777318000793 7.87913179397583 0.0 0.0 0.0 1.0
0.7349739670753479 -0.2380458414554596 -0.6349388957023621 -0.8820819854736328 0.3681177496910095 -0.6463000178337097 0.6684201955795288 1.3765385150909424 -0.5694757103919983 -0.7250037789344788 -0.3873848021030426 7.8098015785217285 0.0 0.0 0.0 1.0
0.7268890738487244 -0.23824957013130188 -0.6441035866737366 -1.0847669839859009 0.37052565813064575 -0.6536197066307068 0.6599181890487671 1.3281680345535278 -0.5782240033149719 -0.7183442115783691 -0.3868314325809479 7.745068550109863 0.0 0.0 0.0 1.0
0.710865318775177 -0.248002827167511 -0.6581528186798096 -1.1220142841339111 0.3694899380207062 -0.6645526885986328 0.649497389793396 1.2652692794799805 -0.5984544157981873 -0.7048860192298889 -0.3807729184627533 7.693111896514893 0.0 0.0 0.0 1.0
0.6811355948448181 -0.2643364667892456 -0.6827741861343384 -0.969929575920105 0.3725491464138031 -0.6776672601699829 0.634014368057251 1.2602249383926392 -0.6302868127822876 -0.6862166523933411 -0.3631049394607544 7.745365142822266 0.0 0.0 0.0 1.0
0.6452316641807556 -0.28060171008110046 -0.7105904817581177 -0.7226788997650146 0.377612441778183 -0.6914198398590088 0.6159118413925171 1.2230829000473022 -0.6641422510147095 -0.6657336354255676 -0.34016725420951843 7.828948497772217 0.0 0.0 0.0 1.0
0.6208502054214478 -0.29028746485710144 -0.7282020449638367 -0.5549955368041992 0.3808795213699341 -0.7002052664756775 0.6038570404052734 1.1613273620605469 -0.685183048248291 -0.6522620320320129 -0.32415804266929626 7.862565040588379 0.0 0.0 0.0 1.0
0.5965449810028076 -0.2957485318183899 -0.7461011409759521 -0.460199236869812 0.3844190537929535 -0.7107607126235962 0.589102029800415 1.0826900005340576 -0.7045254111289978 -0.6382413506507874 -0.31030935049057007 7.896675109863281 0.0 0.0 0.0 1.0
0.5757731199264526 -0.2927132546901703 -0.7634161710739136 -0.4496728777885437 0.3921798765659332 -0.7204159498214722 0.5720102787017822 0.9736694693565369 -0.7174122333526611 -0.6287446022033691 -0.2999998927116394 7.928246021270752 0.0 0.0 0.0 1.0
0.5523422360420227 -0.2851395010948181 -0.7833348512649536 -0.47470295429229736 0.40546852350234985 -0.7291412353515625 0.5513151288032532 0.8553442358970642 -0.7283634543418884 -0.6221322417259216 -0.28712040185928345 7.894412994384766 0.0 0.0 0.0 1.0
0.5253081321716309 -0.27836576104164124 -0.8040919899940491 -0.5125748515129089 0.4193955957889557 -0.737522542476654 0.5293087959289551 0.7564656734466553 -0.7403774261474609 -0.6152828335762024 -0.2706812024116516 7.8628435134887695 0.0 0.0 0.0 1.0
0.49534130096435547 -0.2759556174278259 -0.8237022757530212 -0.5126475691795349 0.4296920895576477 -0.7462488412857056 0.5084067583084106 0.6981551051139832 -0.7549845576286316 -0.6057732105255127 -0.25107190012931824 7.884073734283447 0.0 0.0 0.0 1.0
0.4716082513332367 -0.2758656144142151 -0.8375462889671326 -0.5177395939826965 0.4358276128768921 -0.7527686953544617 0.4933493435382843 0.6169087886810303 -0.7665767669677734 -0.5976934432983398 -0.23478209972381592 7.899229049682617 0.0 0.0 0.0 1.0
0.4403426945209503 -0.2767080068588257 -0.8541258573532104 -0.529487133026123 0.4428388476371765 -0.7606156468391418 0.4747184216976166 0.5176457762718201 -0.7810198664665222 -0.5872789025306702 -0.21239447593688965 7.91877555847168 0.0 0.0 0.0 1.0
0.4103502333164215 -0.27695274353027344 -0.8688554763793945 -0.5371830463409424 0.4487517178058624 -0.7680997252464294 0.4567764103412628 0.4325091242790222 -0.793873131275177 -0.577338695526123 -0.19090688228607178 7.950922012329102 0.0 0.0 0.0 1.0
0.38295406103134155 -0.2761766016483307 -0.8815172910690308 -0.567877471446991 0.4538134038448334 -0.7749284505844116 0.4399310052394867 0.3714905083179474 -0.8046114444732666 -0.5685176849365234 -0.1714293509721756 7.948931694030762 0.0 0.0 0.0 1.0
0.3576561212539673 -0.2735382914543152 -0.8928935527801514 -0.604939877986908 0.45791980624198914 -0.7819260358810425 0.42296701669692993 0.30109596252441406 -0.8138744235038757 -0.5601503849029541 -0.15440203249454498 7.956944465637207 0.0 0.0 0.0 1.0
0.3386215567588806 -0.27201518416404724 -0.9007459282875061 -0.6483273506164551 0.4589504301548004 -0.7879496812820435 0.4104873239994049 0.2505526840686798 -0.8214012384414673 -0.5523975491523743 -0.1419752687215805 7.979822635650635 0.0 0.0 0.0 1.0
0.30867820978164673 -0.2699826657772064 -0.9120455384254456 -0.651783287525177 0.4593003988265991 -0.7973611354827881 0.39148232340812683 0.1522003412246704 -0.8329231142997742 -0.5397449731826782 -0.12212484329938889 7.989563941955566 0.0 0.0 0.0 1.0
0.2775764763355255 -0.26940223574638367 -0.9221571087837219 -0.6568098664283752 0.4600253999233246 -0.8054044842720032 0.3737649619579315 0.10030242055654526 -0.8434025645256042 -0.5279640555381775 -0.0996294692158699 7.9969482421875 0.0 0.0 0.0 1.0
0.24468901753425598 -0.27213171124458313 -0.9306296706199646 -0.6170241236686707 0.45932111144065857 -0.812744140625 0.35842859745025635 0.07859503477811813 -0.8539036512374878 -0.515161395072937 -0.07387372106313705 8.075451850891113 0.0 0.0 0.0 1.0
0.21040335297584534 -0.2757757306098938 -0.9379116296768188 -0.5261892676353455 0.459395170211792 -0.8189724683761597 0.34386077523231506 0.08025950938463211 -0.8629522323608398 -0.5032215118408203 -0.0456245131790638 8.170639038085938 0.0 0.0 0.0 1.0
0.1739799529314041 -0.2794401943683624 -0.9442691206932068 -0.41937461495399475 0.4609101414680481 -0.8242690563201904 0.328850120306015 0.09628503024578094 -0.870225727558136 -0.4924365282058716 -0.014609470963478088 8.2579927444458 0.0 0.0 0.0 1.0
0.1335517168045044 -0.28039810061454773 -0.9505476355552673 -0.3151471018791199 0.46345993876457214 -0.8301265239715576 0.30999159812927246 0.07027782499790192 -0.8759958744049072 -0.48194068670272827 0.019088471308350563 8.312821388244629 0.0 0.0 0.0 1.0
0.10094917565584183 -0.2798563539981842 -0.9547196626663208 -0.25365713238716125 0.4655067026615143 -0.8348109722137451 0.293928861618042 0.03636358678340912 -0.8792683482170105 -0.4741002917289734 0.04600152745842934 8.343634605407715 0.0 0.0 0.0 1.0
0.055374909192323685 -0.2765413522720337 -0.9594053030014038 -0.16732509434223175 0.46777990460395813 -0.8417173624038696 0.2696180045604706 0.0007060724310576916 -0.8821085691452026 -0.4637205898761749 0.08275046944618225 8.41676139831543 0.0 0.0 0.0 1.0
0.008731218986213207 -0.2728828489780426 -0.9620076417922974 -0.06782252341508865 0.46817004680633545 -0.8489746451377869 0.24506907165050507 -0.03937608003616333 -0.8835952877998352 -0.4525229036808014 0.12034298479557037 8.53444766998291 0.0 0.0 0.0 1.0
-0.03751356154680252 -0.26839128136634827 -0.9625792503356934 0.026238208636641502 0.46498170495033264 -0.8573136329650879 0.22091935575008392 -0.08078692108392715 -0.8845251202583313 -0.4392942786216736 0.15695792436599731 8.676547050476074 0.0 0.0 0.0 1.0
-0.08361317962408066 -0.2633902132511139 -0.961059033870697 0.10428711026906967 0.4581604599952698 -0.8666168451309204 0.19764670729637146 -0.20096680521965027 -0.8849281668663025 -0.42379337549209595 0.1931355744600296 8.767160415649414 0.0 0.0 0.0 1.0
-0.1286865919828415 -0.2572196424007416 -0.9577462077140808 0.1588638424873352 0.44764235615730286 -0.8768521547317505 0.17534710466861725 -0.2634998559951782 -0.8849045634269714 -0.40616294741630554 0.22798152267932892 8.77731704711914 0.0 0.0 0.0 1.0
-0.16277539730072021 -0.25168171525001526 -0.9540233016014099 0.19734659790992737 0.4372828006744385 -0.8851732015609741 0.1589091569185257 -0.27721235156059265 -0.8844704031944275 -0.39131149649620056 0.2541405260562897 8.78783893585205 0.0 0.0 0.0 1.0
-0.20677503943443298 -0.24349559843540192 -0.9476043581962585 0.2515830397605896 0.4212768077850342 -0.8963114619255066 0.13838936388492584 -0.37944087386131287 -0.8830458521842957 -0.3705882728099823 0.28791388869285583 8.809825897216797 0.0 0.0 0.0 1.0
-0.24650147557258606 -0.23742830753326416 -0.9396088719367981 0.26699575781822205 0.4073999524116516 -0.9050877094268799 0.12182595580816269 -0.5115023851394653 -0.8793533444404602 -0.35276633501052856 0.3198337256908417 8.763671875 0.0 0.0 0.0 1.0
-0.2822560667991638 -0.232970729470253 -0.9306213855743408 0.23853595554828644 0.3962262272834778 -0.9117698073387146 0.10807663202285767 -0.5305677652359009 -0.873691201210022 -0.33823129534721375 0.3496616780757904 8.725144386291504 0.0 0.0 0.0 1.0
-0.3161807656288147 -0.2303706258535385 -0.9203038215637207 0.18062281608581543 0.38728439807891846 -0.916900098323822 0.0964626744389534 -0.5138687491416931 -0.8660488128662109 -0.32591965794563293 0.37912511825561523 8.689358711242676 0.0 0.0 0.0 1.0
-0.34097233414649963 -0.22862450778484344 -0.9118490815162659 0.11192808300256729 0.3812313973903656 -0.920264720916748 0.08817875385284424 -0.49834200739860535 -0.8593023419380188 -0.31755897402763367 0.4009436368942261 8.69066333770752 0.0 0.0 0.0 1.0
-0.37388864159584045 -0.22597691416740417 -0.8995230197906494 -0.02572171576321125 0.3735811114311218 -0.9244005084037781 0.07694682478904724 -0.4791233539581299 -0.8489077687263489 -0.30727526545524597 0.4300435781478882 8.76558780670166 0.0 0.0 0.0 1.0
-0.40846487879753113 -0.2225736528635025 -0.8852216601371765 -0.17270629107952118 0.3654368817806244 -0.92857426404953 0.06485158950090408 -0.481599897146225 -0.8364282846450806 -0.2970030605792999 0.46062660217285156 8.909575462341309 0.0 0.0 0.0 1.0
-0.443977028131485 -0.21831868588924408 -0.8690347075462341 -0.26690277457237244 0.3566303551197052 -0.9327896237373352 0.05213798210024834 -0.4534541368484497 -0.822009265422821 -0.2867760956287384 0.4919961988925934 9.074959754943848 0.0 0.0 0.0 1.0
-0.48262926936149597 -0.21311995387077332 -0.8494991660118103 -0.30533331632614136 0.34706568717956543 -0.9370742440223694 0.03791075944900513 -0.44407108426094055 -0.8041234016418457 -0.27653518319129944 0.5262261033058167 9.132158279418945 0.0 0.0 0.0 1.0
-0.5234701037406921 -0.20913627743721008 -0.8259788155555725 -0.23212246596813202 0.33889180421829224 -0.9405351281166077 0.023366548120975494 -0.4393211901187897 -0.78174889087677 -0.26768577098846436 0.5632166266441345 9.151193618774414 0.0 0.0 0.0 1.0
-0.5519384741783142 -0.20688079297542572 -0.8078144788742065 -0.16065704822540283 0.3330498933792114 -0.9428067803382874 0.0138962147757411 -0.44633346796035767 -0.7644878625869751 -0.2613726556301117 0.5892729759216309 9.181349754333496 0.0 0.0 0.0 1.0
-0.5878821611404419 -0.20346350967884064 -0.7829413414001465 -0.10388687252998352 0.3226253092288971 -0.9465194344520569 0.0037250544410198927 -0.45984721183776855 -0.741827130317688 -0.25040680170059204 0.622084379196167 9.19780158996582 0.0 0.0 0.0 1.0
-0.6226307153701782 -0.19851846992969513 -0.7569157481193542 -0.07139474898576736 0.3075816035270691 -0.9515154361724854 -0.0034566079266369343 -0.4940240681171417 -0.7195308208465576 -0.23496554791927338 0.6535033583641052 9.237241744995117 0.0 0.0 0.0 1.0
-0.6578558087348938 -0.1911648064851761 -0.7284790277481079 -0.0007009329274296761 0.2890167236328125 -0.9572739601135254 -0.009793354198336601 -0.4778605103492737 -0.6954818964004517 -0.21698525547981262 0.684998095035553 9.319247245788574 0.0 0.0 0.0 1.0
-0.6933964490890503 -0.18089362978935242 -0.697480320930481 0.06493774056434631 0.2682012915611267 -0.9632160663604736 -0.01681791990995407 -0.46356090903282166 -0.6687819957733154 -0.1987266093492508 0.716406524181366 9.386544227600098 0.0 0.0 0.0 1.0
-0.725948691368103 -0.16910582780838013 -0.6666346192359924 0.1591867208480835 0.248124361038208 -0.9684172868728638 -0.024542009457945824 -0.4641191363334656 -0.6414303183555603 -0.18322452902793884 0.74498051404953 9.413365364074707 0.0 0.0 0.0 1.0
-0.7475938200950623 -0.1601102203130722 -0.6445682048797607 0.2667780816555023 0.23494182527065277 -0.9715094566345215 -0.031171981245279312 -0.5084866881370544 -0.6212131381034851 -0.1747400164604187 0.7639110684394836 9.429638862609863 0.0 0.0 0.0 1.0
-0.7726931571960449 -0.148377925157547 -0.6171947121620178 0.4451182782649994 0.21972694993019104 -0.9747095704078674 -0.04075881838798523 -0.5780283212661743 -0.5955379009246826 -0.16710835695266724 0.7857540249824524 9.380661010742188 0.0 0.0 0.0 1.0
-0.7919726967811584 -0.1378941684961319 -0.5947810411453247 0.6019189357757568 0.2086048126220703 -0.976651668548584 -0.05133780464529991 -0.6950530409812927 -0.5738146901130676 -0.16473232209682465 0.8022468090057373 9.294523239135742 0.0 0.0 0.0 1.0
-0.8075321316719055 -0.12942883372306824 -0.575447678565979 0.6994414329528809 0.2004164159297943 -0.9777897000312805 -0.06132357940077782 -0.8146653771400452 -0.5547297596931458 -0.1648499220609665 0.8155362606048584 9.193567276000977 0.0 0.0 0.0 1.0
-0.8199339509010315 -0.12237818539142609 -0.5592243671417236 0.7410706877708435 0.1942882537841797 -0.9783891439437866 -0.07075881212949753 -0.9017841815948486 -0.5384796857833862 -0.16666828095912933 0.8259910941123962 9.131820678710938 0.0 0.0 0.0 1.0
-0.8311940431594849 -0.11639666557312012 -0.5436619520187378 0.7916796207427979 0.1888783723115921 -0.978800356388092 -0.0792137086391449 -0.9782589077949524 -0.522916316986084 -0.16852794587612152 0.8355578184127808 9.14731216430664 0.0 0.0 0.0 1.0
-0.8391009569168091 -0.11277692019939423 -0.5321568846702576 0.8280719518661499 0.18522480130195618 -0.979049801826477 -0.08457671850919724 -1.0099326372146606 -0.5114697813987732 -0.16953705251216888 0.8424107432365417 9.180315017700195 0.0 0.0 0.0 1.0
-0.8491342067718506 -0.10892308503389359 -0.5168238282203674 0.8664486408233643 0.18023861944675446 -0.9795252680778503 -0.08968987315893173 -1.0153883695602417 -0.49647268652915955 -0.16931034624576569 0.8513805866241455 9.262736320495605 0.0 0.0 0.0 1.0
-0.8583387732505798 -0.10599520057439804 -0.5020154714584351 0.892056941986084 0.1752105951309204 -0.9801645278930664 -0.09262128919363022 -0.9897510409355164 -0.48224034905433655 -0.16745887696743011 0.8598847389221191 9.362751007080078 0.0 0.0 0.0 1.0
-0.866159200668335 -0.10347410291433334 -0.48893895745277405 0.9024699330329895 0.1695278137922287 -0.9811580777168274 -0.09267746657133102 -0.9479882717132568 -0.47013670206069946 -0.1631622016429901 0.8673808574676514 9.458771705627441 0.0 0.0 0.0 1.0
-0.8719979524612427 -0.10210490971803665 -0.4787422716617584 0.8641958832740784 0.1642410308122635 -0.9823384881019592 -0.08964376896619797 -0.8813599944114685 -0.4611338675022125 -0.15679830312728882 0.8733669519424438 9.558731079101562 0.0 0.0 0.0 1.0
-0.875939130783081 -0.10088473558425903 -0.47175514698028564 0.805216372013092 0.15890713036060333 -0.9836536645889282 -0.08469929546117783 -0.8163704872131348 -0.4554988443851471 -0.14915667474269867 0.8776520490646362 9.662898063659668 0.0 0.0 0.0 1.0
-0.8781158924102783 -0.1009078174829483 -0.46768590807914734 0.7573302388191223 0.1559750735759735 -0.9844798445701599 -0.08044388890266418 -0.7746936082839966 -0.4523099362850189 -0.1435863971710205 0.8802264928817749 9.734006881713867 0.0 0.0 0.0 1.0
-0.8798496723175049 -0.10203613340854645 -0.46416932344436646 0.6611963510513306 0.15317676961421967 -0.9854447245597839 -0.07372645288705826 -0.6814854145050049 -0.4498904347419739 -0.1359681487083435 0.8826727867126465 9.775594711303711 0.0 0.0 0.0 1.0
-0.8805500268936157 -0.10427306592464447 -0.46234047412872314 0.5569166541099548 0.15212096273899078 -0.9860657453536987 -0.06733138859272003 -0.5933786034584045 -0.4488772749900818 -0.12962034344673157 0.8841423988342285 9.810158729553223 0.0 0.0 0.0 1.0
-0.8809735178947449 -0.10704387724399567 -0.46089836955070496 0.4310569763183594 0.15206705033779144 -0.9864511489868164 -0.06156127527356148 -0.480450838804245 -0.4480639398097992 -0.12432130426168442 0.8853151202201843 9.816496849060059 0.0 0.0 0.0 1.0
-0.8815295696258545 -0.10974345356225967 -0.459197074174881 0.3078289031982422 0.1524602472782135 -0.9866716265678406 -0.05687636509537697 -0.39005422592163086 -0.446834921836853 -0.12014749646186829 0.8865117430686951 9.821256637573242 0.0 0.0 0.0 1.0
-0.8831619024276733 -0.11216352880001068 -0.45546066761016846 0.18670794367790222 0.1532745361328125 -0.9866950511932373 -0.054219912737607956 -0.29616472125053406 -0.44331929087638855 -0.11769548803567886 0.8886032700538635 9.797287940979004 0.0 0.0 0.0 1.0
-0.885460376739502 -0.11315667629241943 -0.45072779059410095 0.10717139393091202 0.1531546264886856 -0.9867722988128662 -0.053141772747039795 -0.2523077130317688 -0.43875235319137573 -0.1160859763622284 0.8910782337188721 9.777740478515625 0.0 0.0 0.0 1.0
-0.8909474611282349 -0.114097461104393 -0.4395388960838318 0.024965839460492134 0.15254566073417664 -0.9868724346160889 -0.05303402990102768 -0.2122211456298828 -0.42771777510643005 -0.11430028080940247 0.8966565728187561 9.746089935302734 0.0 0.0 0.0 1.0
-0.8993269205093384 -0.11366958171129227 -0.4222443401813507 -0.05521180480718613 0.1501130908727646 -0.9871948957443237 -0.05396571382880211 -0.18337765336036682 -0.410703182220459 -0.11191722750663757 0.9048742651939392 9.733440399169922 0.0 0.0 0.0 1.0
-0.9108138084411621 -0.11429983377456665 -0.3966784179210663 -0.07183179259300232 0.14777988195419312 -0.9875022172927856 -0.0547763928771019 -0.2111046463251114 -0.38545987010002136 -0.10851217806339264 0.916321873664856 9.724359512329102 0.0 0.0 0.0 1.0
-0.9235411882400513 -0.11562401056289673 -0.365653932094574 -0.05353105813264847 0.14495933055877686 -0.9879783391952515 -0.05371716618537903 -0.15476299822330475 -0.35504716634750366 -0.10261496156454086 0.9291994571685791 9.696113586425781 0.0 0.0 0.0 1.0
-0.9355477690696716 -0.11620208621025085 -0.3335376977920532 -0.017219845205545425 0.14087975025177002 -0.9887281060218811 -0.05069132149219513 -0.11815296113491058 -0.3238876760005951 -0.09441286325454712 0.9413729310035706 9.662577629089355 0.0 0.0 0.0 1.0
-0.9435247182846069 -0.11577671766281128 -0.31041404604911804 0.009828601963818073 0.13696245849132538 -0.9894478917121887 -0.047267310321331024 -0.09418149292469025 -0.3016660511493683 -0.08711294084787369 0.9494255781173706 9.640608787536621 0.0 0.0 0.0 1.0
-0.9530249238014221 -0.1137458086013794 -0.2807229459285736 0.041959792375564575 0.1305369883775711 -0.9905621409416199 -0.04179466888308525 -0.025461437180638313 -0.2733195424079895 -0.076476089656353 0.9588783979415894 9.596611976623535 0.0 0.0 0.0 1.0
-0.9610307812690735 -0.10932447761297226 -0.25390544533729553 0.054588451981544495 0.12199506908655167 -0.9919254779815674 -0.034655746072530746 0.02576589211821556 -0.24806655943393707 -0.0642804503440857 0.9666079878807068 9.527911186218262 0.0 0.0 0.0 1.0
-0.9681372046470642 -0.10161018371582031 -0.22887933254241943 0.10258999466896057 0.11082390695810318 -0.9934530258178711 -0.027734266594052315 0.017399974167346954 -0.22456276416778564 -0.05221587419509888 0.9730596542358398 9.487093925476074 0.0 0.0 0.0 1.0
-0.9746695160865784 -0.09288904070854187 -0.20344778895378113 0.16930098831653595 0.09916836768388748 -0.99485182762146 -0.020868027582764626 -0.004324296023696661 -0.2004619985818863 -0.04051501676440239 0.9788633584976196 9.402251243591309 0.0 0.0 0.0 1.0
