0.15401491522789001 -0.9393545985221863 -0.3064185380935669 0.9533722400665283 0.9860103726387024 0.12611056864261627 0.10899391025304794 1.2032828330993652 -0.06374131143093109 -0.31891852617263794 0.9456362724304199 14.080101013183594 0.0 0.0 0.0 1.0
0.15962760150432587 -0.9381483793258667 -0.30724036693573 0.9851499795913696 0.9854804873466492 0.1331985890865326 0.10529163479804993 1.1607390642166138 -0.057855188846588135 -0.319586843252182 0.945789098739624 13.924755096435547 0.0 0.0 0.0 1.0
0.17082302272319794 -0.9312565922737122 -0.32183951139450073 0.9636528491973877 0.9839772582054138 0.14430543780326843 0.10471238195896149 0.8782597780227661 -0.05107090622186661 -0.334570050239563 0.9409859776496887 14.044120788574219 0.0 0.0 0.0 1.0
0.16874952614307404 -0.927068293094635 -0.33476558327674866 0.9630128741264343 0.9841262698173523 0.13953842222690582 0.109656423330307 0.48647552728652954 -0.05494633689522743 -0.3479560613632202 0.9358992576599121 14.256848335266113 0.0 0.0 0.0 1.0
0.1790807992219925 -0.9199529886245728 -0.34873563051223755 0.7698944807052612 0.9830619692802429 0.15327812731266022 0.10047397017478943 0.41267597675323486 -0.038977786898612976 -0.3608216643333435 0.9318199753761292 14.524673461914062 0.0 0.0 0.0 1.0
0.1735149621963501 -0.9238245487213135 -0.34123414754867554 0.7017307281494141 0.9842986464500427 0.15128475427627563 0.09093457460403442 0.759407639503479 -0.03238407149910927 -0.3516548275947571 0.9355694055557251 14.578584671020508 0.0 0.0 0.0 1.0
0.12462504208087921 -0.9340472221374512 -0.33470043540000916 0.9425497651100159 0.9916446208953857 0.10592932254076004 0.07362034916877747 0.9569281935691833 -0.033310290426015854 -0.34107881784439087 0.939444363117218 14.482854843139648 0.0 0.0 0.0 1.0
0.08265413343906403 -0.937763512134552 -0.3372949957847595 1.0860060453414917 0.9962098598480225 0.06854503601789474 0.053549062460660934 0.9035364389419556 -0.02709645964205265 -0.3404426574707031 0.9398747682571411 14.401872634887695 0.0 0.0 0.0 1.0
0.051177531480789185 -0.9409200549125671 -0.33473914861679077 0.9347758293151855 0.9984942078590393 0.04157865419983864 0.03578392043709755 0.8308598399162292 -0.01975180394947529 -0.33606642484664917 0.9416311383247375 14.186552047729492 0.0 0.0 0.0 1.0
0.030210893601179123 -0.9459295272827148 -0.3229621946811676 0.8441135287284851 0.9994440078735352 0.02402832731604576 0.02311413735151291 1.027160406112671 -0.014104103669524193 -0.3234809339046478 0.946129560470581 14.00501823425293 0.0 0.0 0.0 1.0
-0.020574506372213364 -0.9521412253379822 -0.3049651086330414 0.7013400793075562 0.999476969242096 -0.027199912816286087 0.017491884529590607 1.5032658576965332 -0.02494977042078972 -0.30444571375846863 0.9522028565406799 13.743558883666992 0.0 0.0 0.0 1.0
-0.05185225233435631 -0.9521923661231995 -0.30106648802757263 0.9357152581214905 0.9986519813537598 -0.04872424900531769 -0.01789470575749874 1.6743850708007812 0.002369963563978672 -0.3015885353088379 0.9534352421760559 13.45896053314209 0.0 0.0 0.0 1.0
-0.06468907743692398 -0.959592878818512 -0.273855596780777 1.0807209014892578 0.9973188638687134 -0.05276060849428177 -0.05070897564291954 2.1405394077301025 0.0342111811041832 -0.27640166878700256 0.9604330658912659 13.121438980102539 0.0 0.0 0.0 1.0
-0.06902562826871872 -0.9619287848472595 -0.26444000005722046 1.200007677078247 0.9954818487167358 -0.04908953979611397 -0.08127787709236145 2.216024875640869 0.06520228832960129 -0.268855482339859 0.9609710574150085 13.54522705078125 0.0 0.0 0.0 1.0
-0.0716324895620346 -0.960224449634552 -0.26988470554351807 1.0057398080825806 0.994238555431366 -0.047108013182878494 -0.09628377109766006 1.9336744546890259 0.07974030077457428 -0.27522680163383484 0.9580666422843933 13.562013626098633 0.0 0.0 0.0 1.0
-0.0897410660982132 -0.9624987244606018 -0.2560131847858429 0.5081860423088074 0.9932235479354858 -0.06742725521326065 -0.09466032683849335 2.0463685989379883 0.0738481730222702 -0.2627732455730438 0.962027370929718 12.996389389038086 0.0 0.0 0.0 1.0
-0.08951125293970108 -0.9617435336112976 -0.25891515612602234 0.2406248301267624 0.991907000541687 -0.0625772699713707 -0.1104746162891388 2.1398561000823975 0.09004604816436768 -0.26670846343040466 0.9595615267753601 13.06253433227539 0.0 0.0 0.0 1.0
-0.12565933167934418 -0.9600822329521179 -0.24990369379520416 0.4960680603981018 0.9872056245803833 -0.0960872694849968 -0.12724870443344116 2.2952308654785156 0.0981566533446312 -0.2626963257789612 0.959872841835022 13.362547874450684 0.0 0.0 0.0 1.0
-0.14915138483047485 -0.9594334959983826 -0.23925143480300903 0.4813610017299652 0.9851330518722534 -0.12332182377576828 -0.11960170418024063 2.3647899627685547 0.08524495363235474 -0.253533273935318 0.9635632634162903 13.263216972351074 0.0 0.0 0.0 1.0
-0.17608939111232758 -0.9564515948295593 -0.23279353976249695 0.01638762466609478 0.9825627207756042 -0.15643934905529022 -0.10048475116491318 2.5105762481689453 0.05969072878360748 -0.24642856419086456 0.9673210382461548 13.072331428527832 0.0 0.0 0.0 1.0
-0.2011183500289917 -0.9526609182357788 -0.22801008820533752 -0.5429283380508423 0.9789804220199585 -0.18742318451404572 -0.0804358422756195 2.8350560665130615 0.033893704414367676 -0.23939453065395355 0.9703305959701538 12.996435165405273 0.0 0.0 0.0 1.0
-0.24228790402412415 -0.9480910897254944 -0.2059607058763504 -1.0887209177017212 0.9700254797935486 -0.2326451987028122 -0.07019099593162537 3.4076642990112305 0.018631689250469208 -0.21679356694221497 0.9760396480560303 12.421934127807617 0.0 0.0 0.0 1.0
-0.2954036295413971 -0.9359039068222046 -0.19188697636127472 -1.3571865558624268 0.9552965760231018 -0.2868278920650482 -0.07168137282133102 3.666234016418457 0.012048333883285522 -0.20448391139507294 0.9787957668304443 12.33673095703125 0.0 0.0 0.0 1.0
-0.36557695269584656 -0.9086242318153381 -0.20187996327877045 -1.5342539548873901 0.9307710528373718 -0.3558613359928131 -0.08383303135633469 3.431209087371826 0.004331442527472973 -0.21855145692825317 0.9758158326148987 12.545561790466309 0.0 0.0 0.0 1.0
-0.4206168055534363 -0.8855739831924438 -0.19707919657230377 -1.3929953575134277 0.9072349071502686 -0.4099684953689575 -0.09407790005207062 3.2878401279449463 0.002516675041988492 -0.21836787462234497 0.9758632779121399 12.63564395904541 0.0 0.0 0.0 1.0
-0.48792406916618347 -0.8568809032440186 -0.16638880968093872 -1.487227439880371 0.8728769421577454 -0.47810062766075134 -0.09749679267406464 3.3764162063598633 0.003992548678070307 -0.19280798733234406 0.9812284111976624 12.067537307739258 0.0 0.0 0.0 1.0
-0.5337350964546204 -0.8308315873146057 -0.15762539207935333 -1.6074556112289429 0.845538854598999 -0.5273563265800476 -0.08342232555150986 3.8203701972961426 -0.013814848847687244 -0.17780381441116333 0.98396897315979 12.345011711120605 0.0 0.0 0.0 1.0
-0.5768226981163025 -0.8050330877304077 -0.13855427503585815 -1.444547176361084 0.8167952299118042 -0.5706984400749207 -0.08455099910497665 4.005946636199951 -0.011006351560354233 -0.16194140911102295 0.9867389798164368 12.40957260131836 0.0 0.0 0.0 1.0
-0.6065167188644409 -0.7836631536483765 -0.13419963419437408 -1.2138895988464355 0.7950477600097656 -0.5990812182426453 -0.09487254172563553 3.882056713104248 -0.006048358045518398 -0.1642369031906128 0.9864023923873901 12.754626274108887 0.0 0.0 0.0 1.0
-0.6488128304481506 -0.7483615875244141 -0.13782916963100433 -1.0312731266021729 0.760734498500824 -0.6421926617622375 -0.09418900310993195 3.6234095096588135 -0.01802545040845871 -0.16596242785453796 0.9859673380851746 12.83908748626709 0.0 0.0 0.0 1.0
-0.6867559552192688 -0.7092856168746948 -0.15899741649627686 -1.0834152698516846 0.7242576479911804 -0.6862921714782715 -0.06673745810985565 3.542551040649414 -0.06178276240825653 -0.16098743677139282 0.9850207567214966 12.760473251342773 0.0 0.0 0.0 1.0
-0.7025817036628723 -0.6929660439491272 -0.16179311275482178 -1.4000698328018188 0.7066773176193237 -0.7061505913734436 -0.04425507411360741 3.5831243991851807 -0.0835830420255661 -0.14542832970619202 0.9858318567276001 12.499922752380371 0.0 0.0 0.0 1.0
-0.7223628759384155 -0.6729731559753418 -0.15905657410621643 -1.3711082935333252 0.6853803992271423 -0.7273269295692444 -0.035345226526260376 3.1347193717956543 -0.09189973771572113 -0.13454633951187134 0.9866365790367126 12.479990005493164 0.0 0.0 0.0 1.0
-0.7295078635215759 -0.6668522357940674 -0.15207354724407196 -1.187266230583191 0.680740475654602 -0.7294758558273315 -0.06676342338323593 2.5875189304351807 -0.06641263514757156 -0.15222705900669098 0.9861117005348206 12.801962852478027 0.0 0.0 0.0 1.0
-0.7454326152801514 -0.6486362814903259 -0.15362675487995148 -0.7481570243835449 0.6639745235443115 -0.742889940738678 -0.08516061305999756 1.9695459604263306 -0.05888950824737549 -0.16548575460910797 0.9844523668289185 13.168440818786621 0.0 0.0 0.0 1.0
-0.7554652690887451 -0.6402841210365295 -0.13895487785339355 -0.9185574650764465 0.6529067158699036 -0.7533935904502869 -0.07817251235246658 2.4277422428131104 -0.05463509261608124 -0.14978119730949402 0.9872084856033325 12.957480430603027 0.0 0.0 0.0 1.0
-0.7852383852005005 -0.6088826060295105 -0.11252842098474503 -1.185903787612915 0.6181465983390808 -0.7814206480979919 -0.08530275523662567 3.075881004333496 -0.03599267080426216 -0.13654205203056335 0.9899802207946777 12.398197174072266 0.0 0.0 0.0 1.0
-0.8194097876548767 -0.5638258457183838 -0.10328638553619385 -1.5185309648513794 0.5720916986465454 -0.8156687617301941 -0.08599782735109329 3.340609312057495 -0.03575967997312546 -0.12955674529075623 0.99092698097229 12.127201080322266 0.0 0.0 0.0 1.0
-0.8708545565605164 -0.4820988178253174 -0.09588047116994858 -1.7127023935317993 0.49016764760017395 -0.8663103580474854 -0.09613537788391113 3.2547664642333984 -0.03671549633145332 -0.1307174414396286 0.9907395839691162 12.51457405090332 0.0 0.0 0.0 1.0
-0.9052609801292419 -0.4167133867740631 -0.08277960121631622 -1.6619919538497925 0.4235815405845642 -0.9003278017044067 -0.09994281083345413 3.135148763656616 -0.032881271094083786 -0.12553824484348297 0.991543710231781 12.809331893920898 0.0 0.0 0.0 1.0
-0.9348610639572144 -0.3517530858516693 -0.04800542816519737 -1.5320968627929688 0.3548692762851715 -0.9297550916671753 -0.09809840470552444 3.199282646179199 -0.0101268719881773 -0.10874403268098831 0.9940181970596313 13.052867889404297 0.0 0.0 0.0 1.0
-0.9524713158607483 -0.30396413803100586 -0.02010519616305828 -1.2834973335266113 0.304544597864151 -0.9485858678817749 -0.0862405076622963 3.6105027198791504 0.007142517250031233 -0.08826453983783722 0.996071457862854 13.133931159973145 0.0 0.0 0.0 1.0
-0.9709651470184326 -0.2392178177833557 -0.0012377947568893433 -1.2440338134765625 0.23866525292396545 -0.9683438539505005 -0.07313763350248337 3.961848020553589 0.01629721373319626 -0.07130950689315796 0.9973210692405701 13.236010551452637 0.0 0.0 0.0 1.0
-0.9817907214164734 -0.18988831341266632 0.005423690192401409 -1.225463628768921 0.18915411829948425 -0.9798338413238525 -0.06439203768968582 3.9761829376220703 0.017541611567139626 -0.06219359114766121 0.9979099631309509 13.063688278198242 0.0 0.0 0.0 1.0
-0.9885827898979187 -0.15067413449287415 0.0011945338919758797 -1.1854106187820435 0.1502866894006729 -0.9865502715110779 -0.06428416073322296 3.726428747177124 0.010864428244531155 -0.06337068974971771 0.9979309439659119 13.082653999328613 0.0 0.0 0.0 1.0
-0.9941169023513794 -0.10824893414974213 0.003708659438416362 -0.7851293683052063 0.10788249224424362 -0.9926379323005676 -0.055057793855667114 3.3954038619995117 0.009641303680837154 -0.05433378741145134 0.9984762668609619 12.308859825134277 0.0 0.0 0.0 1.0
-0.9958701133728027 -0.09068963676691055 -0.00426173210144043 -0.8843590617179871 0.09078968316316605 -0.9948092103004456 -0.04595488682389259 2.9427337646484375 -7.197840022854507e-05 -0.0461520217359066 0.9989344477653503 12.394734382629395 0.0 0.0 0.0 1.0
-0.9983728528022766 -0.05694908648729324 -0.002901556435972452 -0.7870128154754639 0.0570213608443737 -0.9974320530891418 -0.043334852904081345 2.4038825035095215 -0.0004262251022737473 -0.043429791927337646 0.9990563988685608 12.72795295715332 0.0 0.0 0.0 1.0
-0.9997584819793701 -0.020578579977154732 -0.007716871332377195 -0.8254700899124146 0.020814910531044006 -0.9992740154266357 -0.03190969303250313 2.322948455810547 -0.007054612971842289 -0.03206261247396469 0.9994609355926514 12.541090965270996 0.0 0.0 0.0 1.0
-0.9999995827674866 -0.0006598310428671539 0.0006109392852522433 -1.101499080657959 0.0006506922072730958 -0.9998896718025208 -0.01483992114663124 2.4600393772125244 0.0006206637481227517 -0.014839517883956432 0.9998896718025208 12.161944389343262 0.0 0.0 0.0 1.0
-0.9984636902809143 0.05501672253012657 0.006588897667825222 -1.1455665826797485 -0.05497148260474205 -0.9984643459320068 0.006860857829451561 2.6570889949798584 0.0069562410935759544 0.00648811599239707 0.9999547600746155 11.825629234313965 0.0 0.0 0.0 1.0
-0.9916133284568787 0.12900742888450623 0.007750868331640959 -1.3405203819274902 -0.1288275569677353 -0.991456925868988 0.020410582423210144 2.818134307861328 0.010317769832909107 0.019240880385041237 0.9997616410255432 11.938234329223633 0.0 0.0 0.0 1.0
-0.9779550433158875 0.20625340938568115 0.03261122852563858 -1.5086382627487183 -0.2050188183784485 -0.9780376553535461 0.037545666098594666 3.0018959045410156 0.039638929069042206 0.03003205545246601 0.9987626671791077 12.003362655639648 0.0 0.0 0.0 1.0
-0.960735559463501 0.2752208113670349 0.03522384911775589 -1.6982008218765259 -0.2730458974838257 -0.9603511095046997 0.05631759390234947 3.2982733249664307 0.04932703822851181 0.044488586485385895 0.9977913498878479 11.966874122619629 0.0 0.0 0.0 1.0
-0.9416639804840088 0.3328801989555359 0.04959600418806076 -1.7386747598648071 -0.3284164071083069 -0.9410722851753235 0.08078127354383469 3.5677995681762695 0.07356391102075577 0.059780675917863846 0.9954971671104431 12.114285469055176 0.0 0.0 0.0 1.0
-0.9268687963485718 0.372261106967926 0.04833149537444115 -1.9663015604019165 -0.36654630303382874 -0.9252866506576538 0.0974087119102478 3.727442741394043 0.08098196238279343 0.0725693628191948 0.9940702319145203 12.251481056213379 0.0 0.0 0.0 1.0
-0.9011567831039429 0.43203043937683105 0.03558246046304703 -2.191462516784668 -0.4261249601840973 -0.8979198932647705 0.11026040464639664 4.006565093994141 0.07958605140447617 0.08419934660196304 0.9932655692100525 12.09091854095459 0.0 0.0 0.0 1.0
-0.8792899250984192 0.4755712151527405 0.02610168792307377 -2.3965110778808594 -0.4709833860397339 -0.8763476610183716 0.10094257444143295 3.6783859729766846 0.07087953388690948 0.07646432518959045 0.9945498108863831 11.86850643157959 0.0 0.0 0.0 1.0
-0.860296905040741 0.509613037109375 0.013555738143622875 -2.612497091293335 -0.5054858326911926 -0.8561756014823914 0.10699249804019928 3.350862741470337 0.0661308690905571 0.08519308269023895 0.9941673874855042 11.534294128417969 0.0 0.0 0.0 1.0
-0.8620822429656982 0.5067369341850281 0.005646296311169863 -2.919741153717041 -0.5035560131072998 -0.8578169941902161 0.10286566615104675 2.8125553131103516 0.05696931853890419 0.08583543449640274 0.9946792125701904 11.334609031677246 0.0 0.0 0.0 1.0
-0.849801242351532 0.5270360708236694 -0.008412734605371952 -2.5442252159118652 -0.524380087852478 -0.8436830043792725 0.11499817669391632 2.70375919342041 0.05351050943136215 0.10213706642389297 0.9933300614356995 11.328083038330078 0.0 0.0 0.0 1.0
-0.8517322540283203 0.5239067077636719 -0.008598561398684978 -2.550022602081299 -0.5212186574935913 -0.8454523086547852 0.11636767536401749 2.4051592350006104 0.05369613319635391 0.10359583050012589 0.9931690096855164 11.296765327453613 0.0 0.0 0.0 1.0
-0.8496666550636292 0.5269303917884827 -0.020272832363843918 -2.7661547660827637 -0.5253211855888367 -0.842475414276123 0.11946897208690643 2.258808135986328 0.04587246850132942 0.11215854436159134 0.9926309585571289 11.323186874389648 0.0 0.0 0.0 1.0
-0.840576708316803 0.541275143623352 -0.02126113884150982 -3.0132391452789307 -0.5396057367324829 -0.8332512974739075 0.12049015611410141 2.080400228500366 0.04750245809555054 0.11275385320186615 0.992486834526062 11.217287063598633 0.0 0.0 0.0 1.0
-0.8198257088661194 0.5725401043891907 -0.009142990224063396 -2.8154914379119873 -0.5680704712867737 -0.8112108707427979 0.13868266344070435 2.1089529991149902 0.07198449224233627 0.1188894733786583 0.9902946949005127 11.388365745544434 0.0 0.0 0.0 1.0
-0.7782172560691833 0.6278765797615051 -0.012199383229017258 -2.424640655517578 -0.6210891008377075 -0.7666410803794861 0.1628180295228958 2.6288881301879883 0.09287708252668381 0.13428470492362976 0.9865806698799133 11.066637992858887 0.0 0.0 0.0 1.0
-0.7449433207511902 0.6669155359268188 0.016826024278998375 -2.310232400894165 -0.6556556224822998 -0.7365574240684509 0.16612902283668518 2.8381969928741455 0.123187355697155 0.11272463202476501 0.9859604835510254 10.640396118164062 0.0 0.0 0.0 1.0
-0.6580290198326111 0.7526386380195618 0.02308509685099125 -1.8374879360198975 -0.7366270422935486 -0.6497818231582642 0.18752123415470123 3.009190797805786 0.15613599121570587 0.10638929903507233 0.9819892644882202 11.339808464050293 0.0 0.0 0.0 1.0
-0.6023940443992615 0.7981508374214172 0.008756392635405064 -1.6221344470977783 -0.7782626748085022 -0.5897495150566101 0.21564504504203796 3.4871652126312256 0.17728134989738464 0.12308851629495621 0.9764325618743896 11.468364715576172 0.0 0.0 0.0 1.0
-0.5394328832626343 0.8417572975158691 -0.02137335017323494 -1.5555224418640137 -0.8234500885009766 -0.5220581889152527 0.2222277820110321 4.1048784255981445 0.17590373754501343 0.1374768614768982 0.9747604727745056 11.099902153015137 0.0 0.0 0.0 1.0
-0.48993581533432007 0.8708813190460205 -0.039097998291254044 -1.4622522592544556 -0.8526043891906738 -0.46933895349502563 0.22975359857082367 4.38961935043335 0.18173789978027344 0.14589963853359222 0.9724631905555725 10.798325538635254 0.0 0.0 0.0 1.0
-0.4612136483192444 0.8867098689079285 -0.03205535560846329 -1.2832558155059814 -0.8655622601509094 -0.4416804313659668 0.23605172336101532 4.141555309295654 0.1951511651277542 0.13661618530750275 0.9712116122245789 10.90506649017334 0.0 0.0 0.0 1.0
-0.44094035029411316 0.8968838453292847 -0.03421918302774429 -1.3836016654968262 -0.8734080791473389 -0.41999390721321106 0.24650244414806366 3.6756904125213623 0.20671221613883972 0.13858018815517426 0.9685378670692444 10.414457321166992 0.0 0.0 0.0 1.0
-0.4188886880874634 0.907023012638092 -0.04291219636797905 -2.0643773078918457 -0.887313723564148 -0.39883238077163696 0.231532022356987 3.153695583343506 0.19289010763168335 0.13506272435188293 0.9718803763389587 10.89053726196289 0.0 0.0 0.0 1.0
-0.41334059834480286 0.9091572761535645 -0.05081888660788536 -2.51666522026062 -0.8894000053405762 -0.39113256335258484 0.2366071492433548 3.013578176498413 0.1952362060546875 0.14299766719341278 0.9702754616737366 10.917513847351074 0.0 0.0 0.0 1.0
-0.39605626463890076 0.9158548712730408 -0.06594878435134888 -2.67805814743042 -0.8954494595527649 -0.369336873292923 0.2485167384147644 3.051689624786377 0.20324796438217163 0.1574804186820984 0.9663799405097961 10.570709228515625 0.0 0.0 0.0 1.0
-0.3963046371936798 0.9168001413345337 -0.049194738268852234 -2.5799150466918945 -0.8883847594261169 -0.369392991065979 0.2726193964481354 2.750123977661133 0.23176530003547668 0.15174417197704315 0.9608634114265442 10.371747970581055 0.0 0.0 0.0 1.0
-0.421907901763916 0.9066386818885803 0.00029260371229611337 -2.193300724029541 -0.8613935112953186 -0.4009535014629364 0.3118293285369873 2.1193602085113525 0.28283384442329407 0.13131120800971985 0.9501380920410156 10.284799575805664 0.0 0.0 0.0 1.0
-0.4549884796142578 0.890450656414032 0.009115775115787983 -2.323030710220337 -0.8459165692329407 -0.43538621068000793 0.3080000579357147 1.5531666278839111 0.2782277464866638 0.13242529332637787 0.9513426423072815 10.623106002807617 0.0 0.0 0.0 1.0
-0.47354844212532043 0.8804956078529358 0.021894359961152077 -2.295919418334961 -0.8321625590324402 -0.4554210603237152 0.3163813352584839 1.1396129131317139 0.2885435223579407 0.1316022127866745 0.948379397392273 10.92549991607666 0.0 0.0 0.0 1.0
-0.48084384202957153 0.8754761219024658 0.04827824607491493 -2.1238808631896973 -0.815851628780365 -0.4669085741043091 0.3411487936973572 0.9112037420272827 0.3212091624736786 0.12465141713619232 0.938768744468689 11.144463539123535 0.0 0.0 0.0 1.0
-0.46996697783470154 0.8808828592300415 0.056360043585300446 -2.217794418334961 -0.8135455846786499 -0.45704385638237 0.3595198392868042 0.9120897054672241 0.34245386719703674 0.12311098724603653 0.9314338564872742 11.107352256774902 0.0 0.0 0.0 1.0
-0.45617321133613586 0.8870879411697388 0.07057632505893707 -2.327854871749878 -0.8102569580078125 -0.4468359053134918 0.3792378306388855 0.8344284892082214 0.3679533302783966 0.11581318080425262 0.9226037263870239 11.287253379821777 0.0 0.0 0.0 1.0
-0.4530734419822693 0.8887844681739807 0.06918554753065109 -2.6939103603363037 -0.8053880929946899 -0.44136038422584534 0.39566531777381897 0.8458220958709717 0.38219696283340454 0.12354423105716705 0.9157850742340088 11.255644798278809 0.0 0.0 0.0 1.0
-0.4428936541080475 0.8937211036682129 0.07146865874528885 -2.995832920074463 -0.8071438670158386 -0.43215212225914 0.40219807624816895 0.5588777661323547 0.3903382420539856 0.12044549733400345 0.9127589464187622 11.243080139160156 0.0 0.0 0.0 1.0
-0.44064125418663025 0.8949536085128784 0.06995249539613724 -3.1202712059020996 -0.8068781495094299 -0.42901602387428284 0.4060700833797455 0.19809503853321075 0.3934246301651001 0.1224880963563919 0.9111606478691101 11.213650703430176 0.0 0.0 0.0 1.0
-0.44177332520484924 0.8939822912216187 0.07504686713218689 -3.1679728031158447 -0.7997590899467468 -0.4303477704524994 0.4185524880886078 -0.059218455106019974 0.406474769115448 0.1248859092593193 0.9050866365432739 11.521450996398926 0.0 0.0 0.0 1.0
-0.45740485191345215 0.886323869228363 0.07218568027019501 -3.539484977722168 -0.7932160496711731 -0.4433518052101135 0.4174295961856842 -0.2428451031446457 0.4019814729690552 0.1336754858493805 0.9058375954627991 11.569270133972168 0.0 0.0 0.0 1.0
-0.47307705879211426 0.8775433301925659 0.07820358872413635 -3.756422996520996 -0.7862811088562012 -0.46058157086372375 0.41185760498046875 -0.47016605734825134 0.3974420130252838 0.13335037231445312 0.907886266708374 11.534504890441895 0.0 0.0 0.0 1.0
-0.48613157868385315 0.8705107569694519 0.07672713696956635 -3.8835642337799072 -0.7816439867019653 -0.4724014699459076 0.4072708189487457 -0.7798832058906555 0.39077964425086975 0.13801389932632446 0.9100788235664368 11.48537826538086 0.0 0.0 0.0 1.0
-0.5004407167434692 0.8639904856681824 0.05549302697181702 -3.9831817150115967 -0.7801012992858887 -0.47779396176338196 0.4039243459701538 -0.9389081001281738 0.37550103664398193 0.15885001420974731 0.913107693195343 11.3991117477417 0.0 0.0 0.0 1.0
-0.5174562335014343 0.8549600839614868 0.03580949455499649 -3.943560838699341 -0.7782852053642273 -0.48761898279190063 0.39560067653656006 -1.2439091205596924 0.35568419098854065 0.1768360286951065 0.9177242517471313 11.24514389038086 0.0 0.0 0.0 1.0
-0.5257382392883301 0.8506033420562744 -0.008561932481825352 -3.7735579013824463 -0.7880146503448486 -0.4832136034965515 0.38149377703666687 -1.4422050714492798 0.3203626275062561 0.20731277763843536 0.924331784248352 10.89026927947998 0.0 0.0 0.0 1.0
-0.515491783618927 0.8561406135559082 -0.03593723103404045 -3.3988308906555176 -0.7982903718948364 -0.4645708203315735 0.383283793926239 -1.4099996089935303 0.31144943833351135 0.2262679934501648 0.9229311943054199 10.336373329162598 0.0 0.0 0.0 1.0
-0.5242302417755127 0.8498387932777405 -0.054375361651182175 -3.1765758991241455 -0.7972510457038879 -0.46734485030174255 0.38207268714904785 -1.5864715576171875 0.29928815364837646 0.24364487826824188 0.9225311875343323 10.597506523132324 0.0 0.0 0.0 1.0
-0.5306074023246765 0.844836950302124 -0.06860282272100449 -3.1386356353759766 -0.7979472875595093 -0.4705759286880493 0.3766144812107086 -1.7072315216064453 0.2858949899673462 0.25457584857940674 0.9238263964653015 10.713897705078125 0.0 0.0 0.0 1.0
-0.5498294830322266 0.8302125930786133 -0.09183969348669052 -3.214038372039795 -0.7974947690963745 -0.48908162117004395 0.3532722294330597 -1.9439738988876343 0.24837397038936615 0.2674811780452728 0.9310017228126526 10.634650230407715 0.0 0.0 0.0 1.0
-0.5653920769691467 0.8169366121292114 -0.11378220468759537 -3.0716323852539062 -0.794279158115387 -0.5020585656166077 0.3421372175216675 -2.0618350505828857 0.22237908840179443 0.28381648659706116 0.9327356219291687 10.445150375366211 0.0 0.0 0.0 1.0
-0.5846994519233704 0.7961932420730591 -0.15557272732257843 -3.0558969974517822 -0.7932146787643433 -0.5208783745765686 0.3154301941394806 -2.1352808475494385 0.17010892927646637 0.3078344464302063 0.9361094832420349 10.259384155273438 0.0 0.0 0.0 1.0
-0.6032931804656982 0.7722447514533997 -0.19918665289878845 -3.004413604736328 -0.7890922427177429 -0.5417888164520264 0.2894793152809143 -2.174358606338501 0.11563178896903992 0.33181753754615784 0.9362298846244812 10.724167823791504 0.0 0.0 0.0 1.0
-0.6213390231132507 0.7532458901405334 -0.21577419340610504 -2.6057140827178955 -0.7804451584815979 -0.5704947710037231 0.25581449270248413 -2.2670223712921143 0.069593146443367 0.32734742760658264 0.9423377513885498 10.359313011169434 0.0 0.0 0.0 1.0
-0.6398317813873291 0.7315627932548523 -0.2354382574558258 -2.658740520477295 -0.7678003311157227 -0.5952917337417603 0.2368764579296112 -2.2913951873779297 0.0331355482339859 0.3323306739330292 0.9425806999206543 10.396153450012207 0.0 0.0 0.0 1.0
-0.6873779892921448 0.6845111846923828 -0.24280844628810883 -2.283433437347412 -0.7262806296348572 -0.6502467393875122 0.22292524576187134 -2.559926748275757 -0.005290568340569735 0.32958096265792847 0.9441124796867371 10.347525596618652 0.0 0.0 0.0 1.0
-0.7243221402168274 0.636560320854187 -0.26485544443130493 -1.6866189241409302 -0.6872859001159668 -0.6971305012702942 0.2040763646364212 -3.0410425662994385 -0.05473189055919647 0.32984843850135803 0.9424459934234619 10.098575592041016 0.0 0.0 0.0 1.0
-0.7690805792808533 0.5631042718887329 -0.3023717403411865 -0.9690825939178467 -0.628675103187561 -0.7517725825309753 0.19901154935359955 -3.2832865715026855 -0.11525054275989532 0.3431495130062103 0.9321833252906799 10.563728332519531 0.0 0.0 0.0 1.0
-0.7882058620452881 0.5225750803947449 -0.325033575296402 -0.36815083026885986 -0.5977175831794739 -0.77579665184021 0.2021714150905609 -3.3086166381835938 -0.14651021361351013 0.35363098978996277 0.9238397479057312 10.664809226989746 0.0 0.0 0.0 1.0
-0.7988789677619934 0.48958829045295715 -0.3494219183921814 -0.07776138186454773 -0.5744436979293823 -0.7932587265968323 0.2018786072731018 -3.061023235321045 -0.17834457755088806 0.3619998097419739 0.914958655834198 10.585579872131348 0.0 0.0 0.0 1.0
-0.8116874098777771 0.4533700942993164 -0.3682650327682495 0.12678003311157227 -0.5470161437988281 -0.8110896348953247 0.207139790058136 -2.9052014350891113 -0.20478498935699463 0.3695796728134155 0.9063519835472107 10.596382141113281 0.0 0.0 0.0 1.0
-0.8252788782119751 0.40987440943717957 -0.38848137855529785 0.1534184217453003 -0.5109811425209045 -0.8348707556724548 0.20466828346252441 -2.82842755317688 -0.24044343829154968 0.36741507053375244 0.8984392881393433 10.91971206665039 0.0 0.0 0.0 1.0
-0.8312007784843445 0.38423582911491394 -0.4018309414386749 0.05750005319714546 -0.483355849981308 -0.8565520644187927 0.18079182505607605 -2.8180649280548096 -0.2747224271297455 0.34450164437294006 0.8976893424987793 11.17196273803711 0.0 0.0 0.0 1.0
-0.8407977819442749 0.3625412881374359 -0.4020235538482666 0.2172757387161255 -0.4616437554359436 -0.8680493831634521 0.18268899619579315 -2.4459481239318848 -0.28274399042129517 0.33919617533683777 0.8972189426422119 11.409282684326172 0.0 0.0 0.0 1.0
-0.8611748814582825 0.338365375995636 -0.3793239891529083 0.4392082095146179 -0.42545005679130554 -0.8881699442863464 0.17362716794013977 -2.4103174209594727 -0.27815473079681396 0.3109067678451538 0.9088272452354431 11.519752502441406 0.0 0.0 0.0 1.0
-0.8650765419006348 0.3397747874259949 -0.3690469563007355 0.7603393793106079 -0.4233361780643463 -0.889165997505188 0.1736961156129837 -2.2456984519958496 -0.26912644505500793 0.3064913749694824 0.9130355715751648 11.875517845153809 0.0 0.0 0.0 1.0
-0.8761908411979675 0.321727991104126 -0.35886022448539734 0.7820098400115967 -0.399318128824234 -0.901524007320404 0.16673174500465393 -2.2199065685272217 -0.2698788344860077 0.2893882393836975 0.9183789491653442 12.234652519226074 0.0 0.0 0.0 1.0
-0.8718984723091125 0.31597211956977844 -0.37410521507263184 0.5471420288085938 -0.3910314738750458 -0.9091223478317261 0.14349552989006042 -2.207475423812866 -0.2947668135166168 0.27140045166015625 0.9162173867225647 12.760334968566895 0.0 0.0 0.0 1.0
-0.8764183521270752 0.29502344131469727 -0.38059431314468384 0.9197142720222473 -0.3676251769065857 -0.9204013347625732 0.13309051096439362 -2.2077860832214355 -0.3110347092151642 0.25655901432037354 0.91511470079422 12.665471076965332 0.0 0.0 0.0 1.0
-0.8748075366020203 0.26624467968940735 -0.404753714799881 1.3278559446334839 -0.3398387134075165 -0.9326673150062561 0.12100142240524292 -2.08901309967041 -0.3452845513820648 0.24340394139289856 0.9063846468925476 12.194944381713867 0.0 0.0 0.0 1.0
-0.8756712675094604 0.2016695737838745 -0.4387815296649933 1.3817757368087769 -0.2787036895751953 -0.9530807733535767 0.11815770715475082 -1.7539883852005005 -0.39436542987823486 0.22575734555721283 0.8907915353775024 12.156037330627441 0.0 0.0 0.0 1.0
-0.8838883638381958 0.11389729380607605 -0.4536174237728119 1.3869047164916992 -0.18925094604492188 -0.9740433096885681 0.12419234961271286 -1.214225172996521 -0.4276978373527527 0.19561970233917236 0.8825007081031799 12.359392166137695 0.0 0.0 0.0 1.0
-0.8715378046035767 0.021049607545137405 -0.48987627029418945 1.2624571323394775 -0.10846006125211716 -0.9826057553291321 0.15073925256729126 -0.5085923671722412 -0.47818225622177124 0.18450696766376495 0.8586611151695251 12.426597595214844 0.0 0.0 0.0 1.0
-0.8682684898376465 -0.046796657145023346 -0.4938824772834778 1.7199554443359375 -0.03847203031182289 -0.9861912727355957 0.16107983887195587 -0.16834516823291779 -0.4946005940437317 0.1588612049818039 0.8544784188270569 12.58307933807373 0.0 0.0 0.0 1.0
-0.8688765168190002 -0.07310693711042404 -0.48960080742836 2.386566400527954 -0.0030296985059976578 -0.9882310032844543 0.1529388427734375 -0.07014539837837219 -0.4950195848941803 0.13436831533908844 0.8584292531013489 12.630292892456055 0.0 0.0 0.0 1.0
-0.9584884643554688 -0.1767934411764145 -0.22370493412017822 3.141291379928589 0.19571131467819214 -0.9784883856773376 -0.06524983793497086 2.328725814819336 -0.20735694468021393 -0.10632281005382538 0.9724703431129456 11.877593994140625 0.0 0.0 0.0 1.0
-0.9578407406806946 -0.19158127903938293 -0.21409745514392853 2.5424869060516357 0.21266986429691315 -0.9738412499427795 -0.0800294578075409 2.7548985481262207 -0.19316479563713074 -0.1221875548362732 0.9735283851623535 12.049434661865234 0.0 0.0 0.0 1.0
-0.9594239592552185 -0.20619170367717743 -0.19232948124408722 2.37198543548584 0.22750051319599152 -0.9690349102020264 -0.09599403291940689 2.931950807571411 -0.16658081114292145 -0.13585403561592102 0.9766240119934082 12.011096954345703 0.0 0.0 0.0 1.0
-0.9617422223091125 -0.21374991536140442 -0.1713559627532959 2.223776340484619 0.23538966476917267 -0.9647471904754639 -0.1177055612206459 2.93113112449646 -0.140155628323555 -0.1535378247499466 0.9781526327133179 12.246200561523438 0.0 0.0 0.0 1.0
-0.9643879532814026 -0.2166173756122589 -0.1517656147480011 2.120966672897339 0.23644109070301056 -0.9632276296615601 -0.12762513756752014 3.0227015018463135 -0.1185390055179596 -0.15896376967430115 0.98014235496521 12.219378471374512 0.0 0.0 0.0 1.0
-0.9664437770843506 -0.2369450330734253 -0.09921450167894363 1.964948296546936 0.2498520314693451 -0.9567824006080627 -0.14879988133907318 3.1887307167053223 -0.05966929718852043 -0.16859567165374756 0.9838775992393494 12.161304473876953 0.0 0.0 0.0 1.0
-0.9646562933921814 -0.25466883182525635 -0.06769076734781265 1.6101239919662476 0.26236891746520996 -0.9521380662918091 -0.15682996809482574 3.425123691558838 -0.024511249735951424 -0.16904696822166443 0.9853031635284424 12.335429191589355 0.0 0.0 0.0 1.0
-0.9567816257476807 -0.28922170400619507 -0.03032730519771576 0.8285704851150513 0.2900907099246979 -0.9419023394584656 -0.1693144589662552 3.555920124053955 0.02040405571460724 -0.17079463601112366 0.9850953817367554 12.198234558105469 0.0 0.0 0.0 1.0
-0.9507338404655457 -0.30990275740623474 -0.008089090697467327 0.3197888135910034 0.30639761686325073 -0.9353697896003723 -0.1766461282968521 3.5743343830108643 0.04717683419585228 -0.17042194306850433 0.9842411875724792 12.19546127319336 0.0 0.0 0.0 1.0
-0.9424261450767517 -0.33315330743789673 0.029013698920607567 -0.03294285386800766 0.32173967361450195 -0.9269477725028992 -0.19300620257854462 3.3128199577331543 0.09119483828544617 -0.1725592464208603 0.9807685017585754 12.246910095214844 0.0 0.0 0.0 1.0
-0.9338697195053101 -0.3531426787376404 0.056370459496974945 -0.33478018641471863 0.3335718512535095 -0.9170177578926086 -0.21865099668502808 2.845111131668091 0.128907710313797 -0.18538793921470642 0.9741735458374023 12.31607437133789 0.0 0.0 0.0 1.0
-0.9199879765510559 -0.388477623462677 0.052031729370355606 -1.4580668210983276 0.3672010898590088 -0.9006983041763306 -0.23217657208442688 2.191896438598633 0.13706029951572418 -0.19449354708194733 0.9712809920310974 13.084281921386719 0.0 0.0 0.0 1.0
-0.9197724461555481 -0.3880423605442047 0.05866652727127075 -1.639943242073059 0.36647650599479675 -0.9027249217033386 -0.22535018622875214 2.1691739559173584 0.14040514826774597 -0.18577098846435547 0.9725099205970764 12.99312973022461 0.0 0.0 0.0 1.0
-0.9162554740905762 -0.3951437175273895 0.06585824489593506 -2.0250957012176514 0.3717946708202362 -0.9000215530395508 -0.2274421900510788 1.9782295227050781 0.1491461992263794 -0.18390941619873047 0.9715620279312134 13.072981834411621 0.0 0.0 0.0 1.0
-0.9114566445350647 -0.4056488573551178 0.06852605193853378 -2.3930020332336426 0.3811379075050354 -0.8953218460083008 -0.23050527274608612 1.8218837976455688 0.1548570692539215 -0.18397767841815948 0.9706552028656006 12.939122200012207 0.0 0.0 0.0 1.0
-0.9047249555587769 -0.41836559772491455 0.08026789873838425 -2.774083375930786 0.3894585371017456 -0.8886597156524658 -0.24208669364452362 1.6245783567428589 0.17261159420013428 -0.1877608597278595 0.9669287204742432 13.086760520935059 0.0 0.0 0.0 1.0
-0.9015702605247498 -0.4229361116886139 0.09108316153287888 -2.878520965576172 0.391363263130188 -0.8870267271995544 -0.24498656392097473 1.6014186143875122 0.18440686166286469 -0.18522599339485168 0.9652385711669922 13.148053169250488 0.0 0.0 0.0 1.0
-0.8985832333564758 -0.4272361099720001 0.10008755326271057 -3.032083749771118 0.39557865262031555 -0.8874301910400391 -0.23661181330680847 1.7190167903900146 0.18990983068943024 -0.17302289605140686 0.9664353728294373 13.019649505615234 0.0 0.0 0.0 1.0
-0.8983749151229858 -0.42821136116981506 0.09776267409324646 -3.19096302986145 0.39865514636039734 -0.8883671760559082 -0.22776712477207184 1.6728490591049194 0.1843816190958023 -0.16564667224884033 0.9687954187393188 12.642044067382812 0.0 0.0 0.0 1.0
-0.8974876403808594 -0.4264158010482788 0.11263006180524826 -3.360682725906372 0.3974546492099762 -0.8926695585250854 -0.21253448724746704 1.3208129405975342 0.19116950035095215 -0.14598172903060913 0.9706407785415649 13.170844078063965 0.0 0.0 0.0 1.0
-0.8950450420379639 -0.4359673857688904 0.09395106881856918 -3.6190927028656006 0.40979695320129395 -0.8870959877967834 -0.2124316543340683 0.8062483668327332 0.17595688998699188 -0.1516350358724594 0.9726489782333374 12.375838279724121 0.0 0.0 0.0 1.0
-0.8991910219192505 -0.42985111474990845 0.08175257593393326 -4.040057182312012 0.408597469329834 -0.8917354345321655 -0.19456614553928375 0.2058553546667099 0.15653614699840546 -0.1415482461452484 0.9774765968322754 12.654426574707031 0.0 0.0 0.0 1.0
-0.8972848057746887 -0.43339285254478455 0.08396780490875244 -4.337436199188232 0.4136316478252411 -0.891844630241394 -0.18309025466442108 -0.1441260725259781 0.15423624217510223 -0.12955236434936523 0.9795036315917969 12.638781547546387 0.0 0.0 0.0 1.0
-0.8993866443634033 -0.43107107281684875 0.0726730227470398 -4.6536383628845215 0.4168238043785095 -0.8957340717315674 -0.15465566515922546 -0.31617698073387146 0.1317632794380188 -0.108803391456604 0.9852919578552246 12.2783784866333 0.0 0.0 0.0 1.0
-0.9064064025878906 -0.4174553155899048 0.06448599696159363 -4.858502388000488 0.40830978751182556 -0.9049974083900452 -0.1194269135594368 -0.4052753150463104 0.10821505635976791 -0.08191905915737152 0.9907465577125549 12.027373313903809 0.0 0.0 0.0 1.0
-0.9197519421577454 -0.38943368196487427 0.048966843634843826 -4.880461692810059 0.38575366139411926 -0.9199121594429016 -0.07039675116539001 -0.2398768812417984 0.07246006280183792 -0.045858412981033325 0.9963164925575256 11.667052268981934 0.0 0.0 0.0 1.0
-0.9316111207008362 -0.36234456300735474 0.028410611674189568 -4.824449062347412 0.36169707775115967 -0.9319465756416321 -0.02551005408167839 0.07277251780033112 0.03572060167789459 -0.013489414006471634 0.9992707967758179 11.151538848876953 0.0 0.0 0.0 1.0
-0.9382143616676331 -0.3455238342285156 0.019159402698278427 -4.543610095977783 0.34547820687294006 -0.938409149646759 -0.00574826542288065 0.22572636604309082 0.0199655219912529 0.001226050779223442 0.999799907207489 11.058920860290527 0.0 0.0 0.0 1.0
-0.9424999356269836 -0.33419477939605713 0.002785625634714961 -4.206925868988037 0.3342054486274719 -0.9424842596054077 0.005488969385623932 0.02030615694820881 0.0007910233689472079 0.006104324012994766 0.9999810457229614 10.852378845214844 0.0 0.0 0.0 1.0
-0.9438741207122803 -0.33029255270957947 -0.002905955072492361 -3.8175899982452393 0.3302556276321411 -0.943848192691803 0.009045557118952274 -0.18078385293483734 -0.005730460863560438 0.007578159216791391 0.999954879283905 10.809054374694824 0.0 0.0 0.0 1.0
-0.9448331594467163 -0.3273653984069824 -0.011056453920900822 -3.283129930496216 0.3273293972015381 -0.9448971748352051 0.004974608309566975 -0.4246673583984375 -0.012075726874172688 0.0010810724925249815 0.9999265074729919 10.647228240966797 0.0 0.0 0.0 1.0
-0.9441848993301392 -0.3290155529975891 -0.016238179057836533 -2.28049635887146 0.32869863510131836 -0.9442347884178162 0.01943846233189106 -0.6583653688430786 -0.021728210151195526 0.013016034848988056 0.9996792078018188 10.551004409790039 0.0 0.0 0.0 1.0
-0.944943368434906 -0.3262737989425659 -0.02504892461001873 -2.0451903343200684 0.32566627860069275 -0.9451410174369812 0.025492893531918526 -0.7005627155303955 -0.03199243173003197 0.0159317497164011 0.9993611574172974 10.545553207397461 0.0 0.0 0.0 1.0
-0.9458388090133667 -0.3226952850818634 -0.03545014560222626 -1.897499918937683 0.32169315218925476 -0.9463295936584473 0.031205512583255768 -0.8178801536560059 -0.04361739382147789 0.018111316487193108 0.9988841414451599 10.595990180969238 0.0 0.0 0.0 1.0
-0.9446260333061218 -0.3241783678531647 -0.050892505794763565 -1.7781867980957031 0.32314568758010864 -0.9459471702575684 0.027583254501223564 -1.0573408603668213 -0.05708351731300354 0.00961016770452261 0.9983231425285339 10.444835662841797 0.0 0.0 0.0 1.0
