0.8876593112945557 0.31877022981643677 0.332334965467453 0.45078298449516296 -0.3825714588165283 0.10878001898527145 0.917499840259552 6.034886837005615 0.2563202381134033 -0.9415691494941711 0.21851198375225067 18.074289321899414 0.0 0.0 0.0 1.0
0.8828774690628052 0.324275940656662 0.3396652042865753 0.5575117468833923 -0.3913418650627136 0.10824590921401978 0.9138568639755249 5.961511135101318 0.25957441329956055 -0.9397488832473755 0.22247061133384705 17.930936813354492 0.0 0.0 0.0 1.0
0.8698635697364807 0.34839388728141785 0.34922632575035095 1.1219663619995117 -0.4088723957538605 0.11315201222896576 0.9055495262145996 5.854428291320801 0.27597224712371826 -0.9304935932159424 0.2408754527568817 17.282609939575195 0.0 0.0 0.0 1.0
0.8426699638366699 0.3850937783718109 0.37631115317344666 1.75319504737854 -0.4471089839935303 0.11105655878782272 0.8875584602355957 5.630375862121582 0.3000014126300812 -0.9161709547042847 0.26576292514801025 16.62360191345215 0.0 0.0 0.0 1.0
0.7894226908683777 0.44159892201423645 0.42638272047042847 1.8726352453231812 -0.5182361602783203 0.10716255754232407 0.8484971523284912 5.705489635467529 0.32900315523147583 -0.8907898664474487 0.31344908475875854 16.078088760375977 0.0 0.0 0.0 1.0
0.7341101765632629 0.49643492698669434 0.46328669786453247 2.37593412399292 -0.5682656168937683 0.07568430155515671 0.8193570971488953 5.445875644683838 0.3716939687728882 -0.8647683262825012 0.3376675248146057 16.03370475769043 0.0 0.0 0.0 1.0
0.6942501068115234 0.5313661694526672 0.485455185174942 2.7939093112945557 -0.5993341207504272 0.053343962877988815 0.7987196445465088 5.3862714767456055 0.3985165059566498 -0.8454610705375671 0.35549992322921753 16.280622482299805 0.0 0.0 0.0 1.0
0.6377702355384827 0.5774528980255127 0.5097031593322754 2.797262668609619 -0.6370985507965088 0.023615319281816483 0.770420491695404 5.36430549621582 0.43284472823143005 -0.8160824179649353 0.38295552134513855 16.159366607666016 0.0 0.0 0.0 1.0
0.5672553777694702 0.6283058524131775 0.5324031114578247 2.3452160358428955 -0.6769335269927979 -0.01244931947439909 0.7359389066696167 5.62670373916626 0.4690227806568146 -0.777866780757904 0.4182593524456024 15.64366340637207 0.0 0.0 0.0 1.0
0.5217558741569519 0.6418735384941101 0.5619334578514099 2.225085735321045 -0.7074158191680908 -0.04261330887675285 0.7055118680000305 5.218685150146484 0.4767952263355255 -0.765625536441803 0.4318377375602722 15.536044120788574 0.0 0.0 0.0 1.0
0.4734819233417511 0.677783727645874 0.562515914440155 2.617673635482788 -0.7252489328384399 -0.06240666285157204 0.6856525540351868 4.941831588745117 0.49982887506484985 -0.7326081395149231 0.46201348304748535 15.67605972290039 0.0 0.0 0.0 1.0
0.39138832688331604 0.7287805676460266 0.5618665814399719 2.352337598800659 -0.7486568093299866 -0.10286632180213928 0.6549286246299744 4.752734184265137 0.5350964069366455 -0.6769766807556152 0.5053458213806152 15.524619102478027 0.0 0.0 0.0 1.0
0.3042921721935272 0.7643178701400757 0.5685282945632935 1.5246756076812744 -0.7736883759498596 -0.14987225830554962 0.6155847907066345 4.803636074066162 0.5557091236114502 -0.627181351184845 0.5457388758659363 15.493391036987305 0.0 0.0 0.0 1.0
0.22115203738212585 0.7854393124580383 0.5780802965164185 1.6078362464904785 -0.7875298261642456 -0.20579878985881805 0.5808990001678467 4.7168498039245605 0.5752291083335876 -0.5837224721908569 0.5730440616607666 15.686700820922852 0.0 0.0 0.0 1.0
0.12250532954931259 0.7955681681632996 0.5933495759963989 2.651102066040039 -0.7819416522979736 -0.29080769419670105 0.5513602495193481 4.24312686920166 0.6111953258514404 -0.531509280204773 0.5864624381065369 14.890568733215332 0.0 0.0 0.0 1.0
-0.005973284598439932 0.8332614898681641 0.5528468489646912 2.753464460372925 -0.7845938205718994 -0.34667226672172546 0.5140339732170105 5.4864420890808105 0.6199813485145569 -0.4306897222995758 0.6558425426483154 14.367650032043457 0.0 0.0 0.0 1.0
-0.16773194074630737 0.8230535984039307 0.5426313281059265 1.7560350894927979 -0.7950882911682129 -0.43836313486099243 0.41913291811943054 5.644408702850342 0.5828384160995483 -0.36113783717155457 0.7279277443885803 14.790249824523926 0.0 0.0 0.0 1.0
-0.28608444333076477 0.7958450317382812 0.5336537957191467 1.0542140007019043 -0.7643954157829285 -0.5253825783729553 0.3737282156944275 5.582662105560303 0.5778021216392517 -0.30100467801094055 0.7586441040039062 15.466023445129395 0.0 0.0 0.0 1.0
-0.34155476093292236 0.7753995656967163 0.5311269760131836 1.3907232284545898 -0.7456104755401611 -0.5675908923149109 0.3491498827934265 5.211847305297852 0.572193443775177 -0.2767600119113922 0.7720094323158264 15.924447059631348 0.0 0.0 0.0 1.0
-0.4402223527431488 0.7503486275672913 0.49313411116600037 0.7711734175682068 -0.7213409543037415 -0.6225931644439697 0.3033890724182129 4.947356700897217 0.5346695184707642 -0.22215920686721802 0.8153366446495056 15.557977676391602 0.0 0.0 0.0 1.0
-0.5523096919059753 0.6981236338615417 0.4556066393852234 -0.09437333792448044 -0.6662005186080933 -0.6981639862060547 0.2621906101703644 4.685175895690918 0.5011296272277832 -0.15871496498584747 0.8506930470466614 14.979987144470215 0.0 0.0 0.0 1.0
-0.6024633646011353 0.662877082824707 0.4445580542087555 0.3500541150569916 -0.6280193328857422 -0.7374494075775146 0.2485157549381256 4.215679168701172 0.4925744831562042 -0.12946942448616028 0.8605858683586121 14.567265510559082 0.0 0.0 0.0 1.0
-0.6572479605674744 0.6288480162620544 0.415421724319458 0.9805888533592224 -0.599591851234436 -0.7702344655990601 0.21732106804847717 3.6458182334899902 0.4566340744495392 -0.10624965280294418 0.883287250995636 14.196081161499023 0.0 0.0 0.0 1.0
-0.7238124012947083 0.5698741674423218 0.38902318477630615 1.1447370052337646 -0.5388635993003845 -0.8190009593963623 0.19713814556598663 3.381131172180176 0.43095430731773376 -0.06693939119577408 0.8998875021934509 14.277268409729004 0.0 0.0 0.0 1.0
-0.7726767659187317 0.5268899202346802 0.3540588319301605 0.8986690640449524 -0.5018473863601685 -0.8485660552978516 0.1675853580236435 3.089688301086426 0.38874131441116333 -0.04819417744874954 0.920085608959198 14.708573341369629 0.0 0.0 0.0 1.0
-0.8171266317367554 0.49003612995147705 0.3035929501056671 0.8222727179527283 -0.46295419335365295 -0.8716549873352051 0.16090692579746246 3.422576665878296 0.3434785008430481 -0.00906829908490181 0.9391167759895325 14.87454891204834 0.0 0.0 0.0 1.0
-0.8512755036354065 0.4619138240814209 0.24892890453338623 1.1349191665649414 -0.4366772472858429 -0.8866832852363586 0.15200573205947876 3.4439260959625244 0.29093465209007263 0.020697176456451416 0.9565190076828003 15.172977447509766 0.0 0.0 0.0 1.0
-0.8928754925727844 0.39304277300834656 0.21975143253803253 1.6397366523742676 -0.36659255623817444 -0.9178562760353088 0.15215042233467102 3.3043839931488037 0.26150184869766235 0.055292148143053055 0.9636179804801941 15.35766887664795 0.0 0.0 0.0 1.0
-0.9394825100898743 0.2997211217880249 0.16595140099525452 1.7931088209152222 -0.2740732729434967 -0.9481589794158936 0.16086772084236145 3.615713357925415 0.2055637538433075 0.10564956068992615 0.9729242920875549 15.161849975585938 0.0 0.0 0.0 1.0
-0.9724879264831543 0.2208339124917984 0.07415970414876938 1.1072924137115479 -0.20977163314819336 -0.9685967564582825 0.13347728550434113 3.445810079574585 0.10130716115236282 0.11424843966960907 0.9882733225822449 15.349603652954102 0.0 0.0 0.0 1.0
-0.9888501763343811 0.14639447629451752 0.027275022119283676 0.49507954716682434 -0.1419064700603485 -0.9819023609161377 0.12542042136192322 3.573928117752075 0.045142266899347305 0.12015151232481003 0.991728663444519 15.489374160766602 0.0 0.0 0.0 1.0
-0.9963595867156982 0.08469713479280472 -0.0096921157091856 0.7381123304367065 -0.0852498784661293 -0.9898903965950012 0.11335571855306625 3.6939988136291504 6.772816504962975e-06 0.11376930773258209 0.9935072064399719 15.336609840393066 0.0 0.0 0.0 1.0
-0.9985719919204712 0.04320654273033142 -0.03141981363296509 1.292183756828308 -0.046619608998298645 -0.9919722676277161 0.11754827201366425 3.6626272201538086 -0.02608872950077057 0.11884518712759018 0.9925699830055237 14.333488464355469 0.0 0.0 0.0 1.0
-0.9949838519096375 -0.03987560421228409 -0.09174471348524094 0.48733213543891907 0.028279419988393784 -0.9918301701545715 0.12439145892858505 3.489701986312866 -0.09595535695552826 0.12117300182580948 0.9879826307296753 13.942553520202637 0.0 0.0 0.0 1.0
-0.9767276048660278 -0.15399841964244843 -0.14929047226905823 -0.1971483677625656 0.13691772520542145 -0.9834471344947815 0.11868123710155487 3.1089112758636475 -0.16509601473808289 0.09547873586416245 0.9816451072692871 14.214033126831055 0.0 0.0 0.0 1.0
-0.9502425789833069 -0.22910825908184052 -0.21106496453285217 -0.45200827717781067 0.20330598950386047 -0.9694769978523254 0.13704396784305573 3.0012052059173584 -0.2360205352306366 0.08731423318386078 0.9678174257278442 14.280927658081055 0.0 0.0 0.0 1.0
-0.9257867932319641 -0.2756091058254242 -0.25876331329345703 -0.7245722413063049 0.2363785207271576 -0.9561843276023865 0.17273318767547607 3.2494096755981445 -0.295032262802124 0.09874800592660904 0.9503708481788635 13.863993644714355 0.0 0.0 0.0 1.0
-0.9012057781219482 -0.30721426010131836 -0.3056919276714325 -0.528598964214325 0.2627337574958801 -0.9482333660125732 0.1783941239118576 3.099860429763794 -0.3446725010871887 0.08045423030853271 0.9352689385414124 14.230433464050293 0.0 0.0 0.0 1.0
-0.8698574304580688 -0.34260299801826477 -0.3549242615699768 -0.06005699560046196 0.2878093421459198 -0.9368031024932861 0.1989113986492157 2.7981250286102295 -0.4006417691707611 0.07087405025959015 0.9134894609451294 14.142680168151855 0.0 0.0 0.0 1.0
-0.8196476101875305 -0.4200597107410431 -0.3895222842693329 -0.08504618704319 0.35478925704956055 -0.9060752391815186 0.23054783046245575 2.7499499320983887 -0.44978031516075134 0.050769660621881485 0.8916950821876526 13.966028213500977 0.0 0.0 0.0 1.0
-0.735397219657898 -0.5119442939758301 -0.4439639151096344 -0.3847844898700714 0.42730700969696045 -0.8588287234306335 0.2825276553630829 3.106873035430908 -0.5259274244308472 0.018061159178614616 0.8503376841545105 14.050774574279785 0.0 0.0 0.0 1.0
-0.6712180972099304 -0.5726465582847595 -0.47068262100219727 0.32909995317459106 0.4814286530017853 -0.8196022510528564 0.3106100857257843 3.1816840171813965 -0.5636423230171204 -0.01811298355460167 0.8258203268051147 14.110950469970703 0.0 0.0 0.0 1.0
-0.6256545186042786 -0.6187028288841248 -0.47514551877975464 0.9786925315856934 0.526769757270813 -0.7843183875083923 0.32765573263168335 3.3287453651428223 -0.5753868818283081 -0.04529300332069397 0.816626250743866 14.088577270507812 0.0 0.0 0.0 1.0
-0.5495970845222473 -0.6588372588157654 -0.5136891603469849 0.9921209812164307 0.5512461066246033 -0.7480153441429138 0.36959534883499146 3.14607310295105 -0.62775057554245 -0.08004062622785568 0.774288535118103 13.577934265136719 0.0 0.0 0.0 1.0
-0.4691441059112549 -0.7067532539367676 -0.5295315384864807 0.9362571835517883 0.5930459499359131 -0.6964260935783386 0.4040880799293518 2.8015542030334473 -0.654370129108429 -0.12446101754903793 0.7458613514900208 12.849206924438477 0.0 0.0 0.0 1.0
-0.39223191142082214 -0.7360482811927795 -0.5517128705978394 0.9236339926719666 0.6156763434410095 -0.6556867361068726 0.4370555579662323 2.238557815551758 -0.6834447979927063 -0.16824941337108612 0.7103487849235535 12.447500228881836 0.0 0.0 0.0 1.0
-0.2692517340183258 -0.787771999835968 -0.5540025234222412 0.9920877814292908 0.6707203984260559 -0.5661912560462952 0.4791259467601776 1.9259542226791382 -0.6911133527755737 -0.2425752878189087 0.6808226704597473 11.902910232543945 0.0 0.0 0.0 1.0
-0.1547202467918396 -0.8149163126945496 -0.5585454702377319 0.7500981092453003 0.6949780583381653 -0.4915972948074341 0.5247262716293335 1.4615486860275269 -0.7021874189376831 -0.3069910407066345 0.6424089670181274 11.862154006958008 0.0 0.0 0.0 1.0
-0.06747898459434509 -0.8253912925720215 -0.5605138540267944 0.4223262369632721 0.709019660949707 -0.4349246323108673 0.5550961494445801 1.0873920917510986 -0.7019528150558472 -0.3599580228328705 0.6145669221878052 11.653203964233398 0.0 0.0 0.0 1.0
0.04263227432966232 -0.8205369114875793 -0.570001482963562 0.07594184577465057 0.7029302716255188 -0.3807922899723053 0.6007381081581116 0.6801406145095825 -0.7099799513816833 -0.42628213763237 0.5605461597442627 11.2704439163208 0.0 0.0 0.0 1.0
0.18810729682445526 -0.8130913972854614 -0.5509065389633179 -0.37428146600723267 0.679743766784668 -0.2970940172672272 0.670584499835968 0.8962178826332092 -0.708917498588562 -0.5006170868873596 0.496808260679245 10.82176399230957 0.0 0.0 0.0 1.0
0.3096691370010376 -0.7886812686920166 -0.5311185121536255 -0.6350255608558655 0.6539239287376404 -0.22885973751544952 0.7211148738861084 1.1342681646347046 -0.6902814507484436 -0.5706180930137634 0.44486677646636963 11.016511917114258 0.0 0.0 0.0 1.0
0.42719751596450806 -0.7490177750587463 -0.5064332485198975 -0.47547221183776855 0.6271592378616333 -0.15798784792423248 0.7626999020576477 1.5600833892822266 -0.6512860655784607 -0.6434378027915955 0.4022614359855652 11.781689643859863 0.0 0.0 0.0 1.0
0.5084168910980225 -0.7096968293190002 -0.48769113421440125 -0.02807595394551754 0.5984662175178528 -0.11600041389465332 0.7927055358886719 1.7872791290283203 -0.6191530227661133 -0.6948915719985962 0.36575302481651306 12.664009094238281 0.0 0.0 0.0 1.0
0.5526459217071533 -0.6892461180686951 -0.468531996011734 0.5328533053398132 0.5642837882041931 -0.10426567494869232 0.8189703822135925 1.7989156246185303 -0.613323986530304 -0.7169856429100037 0.33130842447280884 12.908510208129883 0.0 0.0 0.0 1.0
0.6376368999481201 -0.6369426846504211 -0.4332703948020935 0.7645413875579834 0.522799551486969 -0.05527989938855171 0.8506613969802856 2.2385239601135254 -0.5657736659049988 -0.7689266204833984 0.2977448105812073 12.854662895202637 0.0 0.0 0.0 1.0
0.716013491153717 -0.5857592821121216 -0.37975096702575684 1.0205193758010864 0.4776928126811981 0.014439588412642479 0.8784082531929016 3.1810386180877686 -0.5090523362159729 -0.8103564381599426 0.2901519238948822 12.424694061279297 0.0 0.0 0.0 1.0
0.7897595167160034 -0.515325129032135 -0.33274605870246887 0.5413766503334045 0.42267510294914246 0.06404514610767365 0.9040154814720154 3.6527411937713623 -0.44455111026763916 -0.8545982837677002 0.2683953642845154 12.7972993850708 0.0 0.0 0.0 1.0
0.8558810949325562 -0.4344451427459717 -0.28057974576950073 -0.35011303424835205 0.3530794382095337 0.09443330764770508 0.9308153986930847 3.5328896045684814 -0.3778921365737915 -0.8957341909408569 0.2342173308134079 13.216178894042969 0.0 0.0 0.0 1.0
0.894899308681488 -0.3863060772418976 -0.22343431413173676 -0.7867471575737 0.28414902091026306 0.1071767807006836 0.9527709484100342 3.269965648651123 -0.3441142439842224 -0.9161226749420166 0.20568092167377472 13.700760841369629 0.0 0.0 0.0 1.0
0.9276511073112488 -0.3290240168571472 -0.17665404081344604 -0.43338921666145325 0.2260296642780304 0.11811946332454681 0.966932475566864 2.9206526279449463 -0.2972777187824249 -0.936905026435852 0.18394283950328827 14.132842063903809 0.0 0.0 0.0 1.0
0.9536612629890442 -0.26901841163635254 -0.13475632667541504 0.15374112129211426 0.17577622830867767 0.13463501632213593 0.9751800298690796 2.801384687423706 -0.2441984862089157 -0.9536784291267395 0.17568324506282806 14.080108642578125 0.0 0.0 0.0 1.0
0.9842612147331238 -0.17025893926620483 -0.04734661057591438 -0.18653273582458496 0.07334065437316895 0.14978879690170288 0.9859941601753235 2.871872901916504 -0.1607823371887207 -0.9739482402801514 0.15991820394992828 14.153339385986328 0.0 0.0 0.0 1.0
0.9953186511993408 -0.08099421113729477 0.052732668817043304 -0.917225182056427 -0.03949327394366264 0.1571405977010727 0.9867862462997437 3.0945310592651367 -0.08821041882038116 -0.9842493534088135 0.1532062441110611 14.278036117553711 0.0 0.0 0.0 1.0
0.9973406195640564 -0.025659501552581787 0.0682150200009346 -0.3645249307155609 -0.06392879784107208 0.1414460986852646 0.9878795742988586 3.04160213470459 -0.03499724715948105 -0.9896133542060852 0.13942955434322357 14.371404647827148 0.0 0.0 0.0 1.0
0.9935461282730103 0.027566716074943542 0.11002819985151291 0.2843495309352875 -0.11278532445430756 0.1369025707244873 0.9841428399085999 3.1416943073272705 0.012066442519426346 -0.9902008771896362 0.13912813365459442 13.975634574890137 0.0 0.0 0.0 1.0
0.983977198600769 0.1082565113902092 0.14166665077209473 0.6929807662963867 -0.15522412955760956 0.12923094630241394 0.979390025138855 2.8991289138793945 0.08771763741970062 -0.9856874942779541 0.14396432042121887 13.490811347961426 0.0 0.0 0.0 1.0
0.9665237665176392 0.1587289273738861 0.20158611238002777 0.4263922870159149 -0.22316598892211914 0.13238736987113953 0.96574866771698 2.9034385681152344 0.12660479545593262 -0.9784061908721924 0.16337843239307404 13.381982803344727 0.0 0.0 0.0 1.0
0.9350988864898682 0.2419973760843277 0.2588964104652405 0.10201074182987213 -0.2947128713130951 0.12530823051929474 0.9473342299461365 2.649484634399414 0.1968105584383011 -0.962151288986206 0.18849532306194305 13.533441543579102 0.0 0.0 0.0 1.0
0.9101618528366089 0.2905006408691406 0.2953214943408966 0.6804647445678711 -0.3343915045261383 0.09442222863435745 0.9376922845840454 1.928393006324768 0.2445152997970581 -0.952204704284668 0.18308046460151672 13.92988109588623 0.0 0.0 0.0 1.0
0.8872624039649963 0.32739976048469543 0.3249228000640869 1.0909159183502197 -0.3738420307636261 0.09777595847845078 0.9223242402076721 1.9918596744537354 0.27019909024238586 -0.9398134350776672 0.20914871990680695 13.280660629272461 0.0 0.0 0.0 1.0
0.8130468726158142 0.4213370084762573 0.4017833471298218 0.2430305778980255 -0.4727542996406555 0.07501711696386337 0.8779953122138977 2.1743783950805664 0.33979129791259766 -0.9037961959838867 0.2601813077926636 12.683117866516113 0.0 0.0 0.0 1.0
0.7095535397529602 0.5303329229354858 0.4639836251735687 -0.7730039954185486 -0.552944004535675 0.010892592370510101 0.8331472277641296 2.0678744316101074 0.43679141998291016 -0.8477194905281067 0.3009732961654663 12.528697967529297 0.0 0.0 0.0 1.0
0.6398996710777283 0.5540333986282349 0.5325179696083069 -1.0737144947052002 -0.6167252659797668 -0.043163035064935684 0.7859942317008972 1.4562873840332031 0.45845216512680054 -0.8313747048377991 0.31406641006469727 12.833596229553223 0.0 0.0 0.0 1.0
0.5720024704933167 0.5984130501747131 0.5609946846961975 -0.8847541809082031 -0.6360959410667419 -0.10819315910339355 0.7639870047569275 0.9335218667984009 0.517875611782074 -0.7938488721847534 0.31876134872436523 13.03420352935791 0.0 0.0 0.0 1.0
0.49537378549575806 0.6447632908821106 0.5821384191513062 -0.8202939033508301 -0.6728160977363586 -0.13911135494709015 0.7266130447387695 1.2430568933486938 0.5494754910469055 -0.7516171336174011 0.3648950159549713 12.812723159790039 0.0 0.0 0.0 1.0
0.4263783097267151 0.6748222708702087 0.6023424863815308 -0.910705029964447 -0.7024855613708496 -0.17246590554714203 0.6904850006103516 1.383003830909729 0.5698381662368774 -0.7175447344779968 0.40051716566085815 12.709650039672852 0.0 0.0 0.0 1.0
0.3573797941207886 0.6958683729171753 0.622934103012085 -0.5404987335205078 -0.7270682454109192 -0.21135547757148743 0.6532232761383057 0.9916301369667053 0.5862179398536682 -0.6863644123077393 0.43040958046913147 12.89378547668457 0.0 0.0 0.0 1.0
0.2637394666671753 0.7241848707199097 0.6371795535087585 -0.42501404881477356 -0.7455470561981201 -0.266096293926239 0.6110256910324097 0.6349108815193176 0.6120466589927673 -0.6361989378929138 0.4697338044643402 13.52601146697998 0.0 0.0 0.0 1.0
0.21558402478694916 0.7379781007766724 0.6394621729850769 0.06561265140771866 -0.7416706681251526 -0.3022198975086212 0.5988219976425171 0.6213012337684631 0.6351757049560547 -0.6033667922019958 0.48218291997909546 13.72707462310791 0.0 0.0 0.0 1.0
0.12864765524864197 0.7568553686141968 0.6407961845397949 -0.15509359538555145 -0.7693238258361816 -0.33157265186309814 0.546077311038971 1.0324786901474 0.6257719993591309 -0.563231348991394 0.5396108031272888 13.444332122802734 0.0 0.0 0.0 1.0
0.011017514392733574 0.7587742805480957 0.6512604355812073 -0.20952172577381134 -0.7715086340904236 -0.4078819155693054 0.48826920986175537 0.9988171458244324 0.6361234784126282 -0.5078325867652893 0.5809070467948914 13.369650840759277 0.0 0.0 0.0 1.0
-0.11126849055290222 0.75570148229599 0.6453948616981506 -0.6247294545173645 -0.7770608067512512 -0.4710012972354889 0.4175335168838501 1.129896640777588 0.6195125579833984 -0.45505276322364807 0.6396336555480957 13.358722686767578 0.0 0.0 0.0 1.0
-0.21999070048332214 0.7401323914527893 0.6354590058326721 -0.6760424375534058 -0.764940083026886 -0.5351343154907227 0.3584660589694977 1.3274171352386475 0.6053682565689087 -0.40722888708114624 0.6838815212249756 13.493032455444336 0.0 0.0 0.0 1.0
-0.31064456701278687 0.7313438057899475 0.6071541905403137 -0.6465441584587097 -0.7510212063789368 -0.580380916595459 0.31484150886535645 1.583709955215454 0.5826380848884583 -0.3581818640232086 0.729546844959259 13.589908599853516 0.0 0.0 0.0 1.0
-0.37881872057914734 0.7162594795227051 0.5860620737075806 -0.44509369134902954 -0.7326064705848694 -0.6190276145935059 0.2830064296722412 1.6569669246673584 0.5654946565628052 -0.3221447169780731 0.7592355608940125 13.11460018157959 0.0 0.0 0.0 1.0
-0.4851408004760742 0.6724690794944763 0.558948814868927 -0.3272203505039215 -0.6883205771446228 -0.6879131197929382 0.23019622266292572 1.5703494548797607 0.5393080711364746 -0.27305838465690613 0.7966089844703674 12.533868789672852 0.0 0.0 0.0 1.0
-0.5543414354324341 0.6362192034721375 0.5365917086601257 0.36801525950431824 -0.6395930647850037 -0.7381834387779236 0.21449001133441925 1.6226791143417358 0.5325657725334167 -0.2242996096611023 0.8161270618438721 11.979963302612305 0.0 0.0 0.0 1.0
-0.6286637783050537 0.6049742102622986 0.48865941166877747 0.16535770893096924 -0.601753830909729 -0.7764543890953064 0.18711203336715698 1.766127586364746 0.49261969327926636 -0.1764221042394638 0.8521743416786194 11.719259262084961 0.0 0.0 0.0 1.0
-0.6982290744781494 0.5545996427536011 0.4526537358760834 0.06662362068891525 -0.5523098707199097 -0.8196165561676025 0.15225814282894135 1.5502595901489258 0.4554447829723358 -0.14369405806064606 0.8785909414291382 12.089569091796875 0.0 0.0 0.0 1.0
-0.757104754447937 0.5122213959693909 0.40548938512802124 0.29313796758651733 -0.5163562893867493 -0.849422037601471 0.10889649391174316 1.2609575986862183 0.40021073818206787 -0.12693093717098236 0.9075901508331299 12.218896865844727 0.0 0.0 0.0 1.0
-0.8204044103622437 0.44983795285224915 0.35296234488487244 0.2247404307126999 -0.45702019333839417 -0.8868536949157715 0.06799325346946716 1.0429390668869019 0.3436118960380554 -0.10552895814180374 0.9331637024879456 12.279642105102539 0.0 0.0 0.0 1.0
-0.9035767912864685 0.342661589384079 0.2571614384651184 -0.26788100600242615 -0.34687498211860657 -0.9374220371246338 0.030293533578515053 1.2567837238311768 0.25144922733306885 -0.06183033809065819 0.9658935070037842 12.4202880859375 0.0 0.0 0.0 1.0
-0.9573413729667664 0.23558630049228668 0.16732193529605865 -0.8945868015289307 -0.2350468933582306 -0.9717044830322266 0.02330937422811985 2.022721290588379 0.16807883977890015 -0.017013471573591232 0.9856266975402832 12.430335998535156 0.0 0.0 0.0 1.0
-0.9776355624198914 0.16829581558704376 0.12611611187458038 -1.0066536664962769 -0.16736555099487305 -0.9857303500175476 0.01801343820989132 2.420076608657837 0.12734806537628174 -0.003496915567666292 0.9918519258499146 12.730964660644531 0.0 0.0 0.0 1.0
-0.9895064234733582 0.117386594414711 0.08424647152423859 -0.514223575592041 -0.11782673001289368 -0.9930341243743896 -0.00025410926900804043 2.1270086765289307 0.0836297869682312 -0.01017792895436287 0.9964449405670166 12.62250804901123 0.0 0.0 0.0 1.0
-0.9976691603660583 0.04210583493113518 0.053697213530540466 -0.3825056254863739 -0.04220231622457504 -0.9991088509559631 -0.0006636462640017271 1.9891550540924072 0.05362141877412796 -0.0029282462783157825 0.9985570311546326 12.061227798461914 0.0 0.0 0.0 1.0
-0.9998703598976135 -0.002047609770670533 -0.015971029177308083 -0.9724843502044678 0.0020436453633010387 -0.9999978542327881 0.0002645424101501703 1.8612478971481323 -0.015971535816788673 0.00023186900943983346 0.9998724460601807 11.686546325683594 0.0 0.0 0.0 1.0
-0.9940615892410278 -0.06315286457538605 -0.08861863613128662 -1.1403310298919678 0.06272322684526443 -0.9980018138885498 0.007627295795828104 1.751824975013733 -0.08892324566841125 0.0020235548727214336 0.9960364103317261 11.244772911071777 0.0 0.0 0.0 1.0
-0.9754078388214111 -0.15335381031036377 -0.1583101898431778 -1.6927474737167358 0.1543697863817215 -0.9879953265190125 0.005933570675551891 1.4749033451080322 -0.15731966495513916 -0.018650658428668976 0.9873716235160828 11.589167594909668 0.0 0.0 0.0 1.0
-0.9657015204429626 -0.18640218675136566 -0.18076173961162567 -1.3569931983947754 0.18700456619262695 -0.9822613000869751 0.013858415186405182 1.7469522953033447 -0.180138498544693 -0.020420178771018982 0.9834292531013489 12.07400131225586 0.0 0.0 0.0 1.0
-0.9569051861763 -0.1988251507282257 -0.2116624265909195 -0.3484582304954529 0.1949659138917923 -0.9800276756286621 0.03916727751493454 2.2603306770324707 -0.21522247791290283 -0.0037875876296311617 0.9765576720237732 12.42668342590332 0.0 0.0 0.0 1.0
-0.9302891492843628 -0.2612799108028412 -0.2574780583381653 0.42523205280303955 0.2574252784252167 -0.9650450348854065 0.0491962656378746 2.11141037940979 -0.2613319158554077 -0.020514613017439842 0.9650309681892395 12.537742614746094 0.0 0.0 0.0 1.0
-0.890735387802124 -0.3193990886211395 -0.32338008284568787 0.7679173946380615 0.3153834640979767 -0.9466465711593628 0.06628376990556717 2.0873987674713135 -0.3272976279258728 -0.042947426438331604 0.9439448118209839 12.852388381958008 0.0 0.0 0.0 1.0
-0.8168030381202698 -0.42376774549484253 -0.3914763033390045 0.7229698300361633 0.41719159483909607 -0.9025518298149109 0.10654283314943314 2.490004062652588 -0.39847704768180847 -0.07629610598087311 0.9139994382858276 13.020757675170898 0.0 0.0 0.0 1.0
-0.7485117316246033 -0.47961071133613586 -0.45793426036834717 0.4170725345611572 0.47707268595695496 -0.8691253662109375 0.1304713934659958 2.5224711894989014 -0.46057775616645813 -0.12080855667591095 0.8793596625328064 13.605069160461426 0.0 0.0 0.0 1.0
-0.7038524746894836 -0.5154433846473694 -0.4887840449810028 0.4183899462223053 0.5138816833496094 -0.8445372581481934 0.1506069451570511 2.518195390701294 -0.490425705909729 -0.1451720893383026 0.8593065142631531 13.675826072692871 0.0 0.0 0.0 1.0
-0.6591386795043945 -0.5406066179275513 -0.5227625370025635 0.7783644795417786 0.5427252054214478 -0.823152482509613 0.1669410914182663 2.349411725997925 -0.5205627679824829 -0.17367906868457794 0.8359724879264832 13.400501251220703 0.0 0.0 0.0 1.0
-0.6179677248001099 -0.57308429479599 -0.5382288098335266 1.6665229797363281 0.5728309154510498 -0.7971031665802002 0.19102704524993896 2.32899808883667 -0.5384984612464905 -0.19026555120944977 0.8208644390106201 12.439624786376953 0.0 0.0 0.0 1.0
-0.5601814985275269 -0.6018319725990295 -0.5692055821418762 1.7518370151519775 0.6063797473907471 -0.766059935092926 0.21320350468158722 2.057854175567627 -0.5643582940101624 -0.22572210431098938 0.7940713167190552 12.348909378051758 0.0 0.0 0.0 1.0
-0.4747299551963806 -0.6347585916519165 -0.6096826791763306 1.2328729629516602 0.6342508792877197 -0.7270030975341797 0.2630443274974823 1.6485395431518555 -0.6102108359336853 -0.26181674003601074 0.7477263808250427 12.431045532226562 0.0 0.0 0.0 1.0
-0.42077672481536865 -0.6532934308052063 -0.6294081807136536 1.063759684562683 0.6560735106468201 -0.6983182430267334 0.28621527552604675 1.3042852878570557 -0.6265097856521606 -0.29250529408454895 0.7224445939064026 12.648953437805176 0.0 0.0 0.0 1.0
-0.3869856894016266 -0.6622335910797119 -0.6416298151016235 1.1292648315429688 0.6600766181945801 -0.6848325729370117 0.3087121546268463 0.9987470507621765 -0.6438485383987427 -0.30405762791633606 0.7021452784538269 12.514815330505371 0.0 0.0 0.0 1.0
-0.2904169261455536 -0.6884335875511169 -0.6646181344985962 0.7303169369697571 0.6823197603225708 -0.6359425187110901 0.3605784475803375 0.6235783100128174 -0.6708932518959045 -0.348764032125473 0.6544203162193298 12.329773902893066 0.0 0.0 0.0 1.0
-0.15898340940475464 -0.7193792462348938 -0.6761788129806519 0.2546864449977875 0.7059290409088135 -0.5616371035575867 0.4315413236618042 0.4214093089103699 -0.6902089715003967 -0.4087263345718384 0.5971217155456543 12.228300094604492 0.0 0.0 0.0 1.0
-0.06419461220502853 -0.7264009714126587 -0.6842665672302246 0.15598945319652557 0.7215867638587952 -0.5074326992034912 0.47098255157470703 0.4555758237838745 -0.6893414258956909 -0.46352314949035645 0.5567357540130615 12.228281021118164 0.0 0.0 0.0 1.0
0.0461757592856884 -0.7246436476707458 -0.6875750422477722 -0.043299101293087006 0.7235391736030579 -0.45030829310417175 0.523176372051239 0.82430100440979 -0.688737154006958 -0.5216455459594727 0.5035147070884705 12.458995819091797 0.0 0.0 0.0 1.0
0.13759908080101013 -0.7296525835990906 -0.6698310375213623 -0.04350748285651207 0.7178322076797485 -0.3925100266933441 0.5750241279602051 1.4683693647384644 -0.6824832558631897 -0.5599491000175476 0.46975910663604736 12.116169929504395 0.0 0.0 0.0 1.0
0.20042070746421814 -0.7178279161453247 -0.6667492985725403 -0.02668319270014763 0.7136378288269043 -0.3593069911003113 0.6013481020927429 1.6141258478164673 -0.6712321043014526 -0.5963401198387146 0.44025662541389465 11.896804809570312 0.0 0.0 0.0 1.0
0.24113258719444275 -0.6959143280982971 -0.6764305830001831 0.894179105758667 0.7018385529518127 -0.35634487867355347 0.6167989373207092 1.5981427431106567 -0.6702817678451538 -0.6234753727912903 0.4024931788444519 11.311851501464844 0.0 0.0 0.0 1.0
0.3051074743270874 -0.681835949420929 -0.6648377180099487 1.6864876747131348 0.6724842190742493 -0.3400537967681885 0.6573647260665894 1.568222165107727 -0.6742954850196838 -0.6476597785949707 0.3547709584236145 10.819472312927246 0.0 0.0 0.0 1.0
0.3844397962093353 -0.6771610379219055 -0.6274224519729614 1.9630728960037231 0.683917224407196 -0.24758261442184448 0.6862653493881226 2.0061187744140625 -0.6200510263442993 -0.6929327249526978 0.3679414689540863 10.426741600036621 0.0 0.0 0.0 1.0
0.47254425287246704 -0.6651456952095032 -0.5781722068786621 1.404578685760498 0.6462587714195251 -0.18452373147010803 0.740473210811615 2.0496840476989746 -0.5992090702056885 -0.7235552668571472 0.3426606059074402 10.223906517028809 0.0 0.0 0.0 1.0
0.5701531767845154 -0.6321917772293091 -0.5246512293815613 0.3992899954319 0.5874039530754089 -0.1327669620513916 0.7983291745185852 2.1637799739837646 -0.5743535161018372 -0.7633521556854248 0.29565444588661194 10.427149772644043 0.0 0.0 0.0 1.0
0.6196020841598511 -0.6108610033988953 -0.4928916096687317 0.3967593014240265 0.5456930994987488 -0.11612782627344131 0.8298996090888977 1.9746196269989014 -0.5641916990280151 -0.7831750512123108 0.2613895833492279 10.367323875427246 0.0 0.0 0.0 1.0
0.7056980133056641 -0.550622284412384 -0.4458760619163513 0.517009973526001 0.487575501203537 -0.07918392866849899 0.8694826364517212 1.7286622524261475 -0.5140627026557922 -0.8309903740882874 0.21258997917175293 10.47155475616455 0.0 0.0 0.0 1.0
0.8036683201789856 -0.46375730633735657 -0.3728891909122467 0.37392863631248474 0.40940573811531067 -0.02385646104812622 0.9120404720306396 1.9045060873031616 -0.4318612515926361 -0.8856410384178162 0.17069222033023834 10.665580749511719 0.0 0.0 0.0 1.0
0.8719627261161804 -0.3751250207424164 -0.31458258628845215 0.1241644099354744 0.33902478218078613 -0.0008932999917306006 0.9407770037651062 2.049050807952881 -0.35319003462791443 -0.926973819732666 0.1263977587223053 11.197446823120117 0.0 0.0 0.0 1.0
0.9150715470314026 -0.30816221237182617 -0.26015403866767883 0.12171957641839981 0.27271801233291626 -0.002386396983638406 0.9620910286903381 1.9665064811706543 -0.2971009612083435 -0.951330840587616 0.08185765892267227 11.995231628417969 0.0 0.0 0.0 1.0
0.9427480697631836 -0.2550964951515198 -0.2148297131061554 0.5695219039916992 0.22514821588993073 0.011599622666835785 0.9742555022239685 2.306809902191162 -0.24603720009326935 -0.9668460488319397 0.0683700367808342 11.848715782165527 0.0 0.0 0.0 1.0
0.9684809446334839 -0.19744311273097992 -0.15185819566249847 1.123769760131836 0.15812675654888153 0.016285713762044907 0.9872844815254211 2.68507981300354 -0.19245941936969757 -0.9801790714263916 0.0469934418797493 11.603440284729004 0.0 0.0 0.0 1.0
0.9850691556930542 -0.1456313580274582 -0.09181644022464752 1.4070121049880981 0.09695693105459213 0.028586816042661667 0.9948779344558716 2.9214837551116943 -0.14226068556308746 -0.9889258146286011 0.042279958724975586 11.239346504211426 0.0 0.0 0.0 1.0
0.9973337054252625 -0.07292351126670837 -0.002755289664492011 1.4954086542129517 0.006278787273913622 0.04813268408179283 0.9988211989402771 3.2219111919403076 -0.07270493358373642 -0.9961754083633423 0.048462219536304474 11.43885326385498 0.0 0.0 0.0 1.0
0.9987754821777344 -0.013713626191020012 0.04753398522734642 2.1797361373901367 -0.047094326466321945 0.030775411054491997 0.9984162449836731 2.6682682037353516 -0.015154784545302391 -0.9994322657585144 0.030091892927885056 12.111305236816406 0.0 0.0 0.0 1.0
0.9924125075340271 0.03930266574025154 0.11650197952985764 2.1853957176208496 -0.11806391924619675 0.04007912799715996 0.9921968579292297 2.615995407104492 0.03432668372988701 -0.9984232187271118 0.04441525414586067 12.266362190246582 0.0 0.0 0.0 1.0
0.970096230506897 0.1289653778076172 0.20562395453453064 1.9048447608947754 -0.2113650143146515 0.03238401561975479 0.976870596408844 2.626991033554077 0.11932355910539627 -0.9911201596260071 0.05867438018321991 12.711965560913086 0.0 0.0 0.0 1.0
0.9236849546432495 0.23122607171535492 0.30551695823669434 1.48613440990448 -0.3127453625202179 -0.005656718276441097 0.9498201608657837 2.4618406295776367 0.22135140001773834 -0.9728835821151733 0.06708985567092896 13.448287010192871 0.0 0.0 0.0 1.0
0.881243109703064 0.2911706566810608 0.37233078479766846 1.4325534105300903 -0.37996307015419006 -0.03214188292622566 0.9244430661201477 2.3813207149505615 0.2811380922794342 -0.9561310410499573 0.0823092833161354 13.887622833251953 0.0 0.0 0.0 1.0
0.834420919418335 0.3449835479259491 0.4298000931739807 1.481445550918579 -0.43428894877433777 -0.06855388730764389 0.8981611728668213 2.125208616256714 0.3393152952194214 -0.9361018538475037 0.09261974692344666 14.409360885620117 0.0 0.0 0.0 1.0
0.7938235998153687 0.39158907532691956 0.4652978479862213 1.5052986145019531 -0.46595919132232666 -0.10002771019935608 0.879133939743042 2.0055315494537354 0.39080190658569336 -0.9146870970726013 0.10306016355752945 14.243948936462402 0.0 0.0 0.0 1.0
0.7481623291969299 0.4299331605434418 0.5053815841674805 1.1116560697555542 -0.5055466890335083 -0.12394726276397705 0.8538498878479004 2.1250710487365723 0.4297390580177307 -0.89431232213974 0.12461860477924347 13.930612564086914 0.0 0.0 0.0 1.0
0.6896075010299683 0.473560631275177 0.5478885173797607 0.603940486907959 -0.5518712401390076 -0.1462261825799942 0.8210091590881348 2.087735652923584 0.4689132571220398 -0.868537962436676 0.16050583124160767 13.343158721923828 0.0 0.0 0.0 1.0
0.6066593527793884 0.5383081436157227 0.5849690437316895 -0.2682746648788452 -0.6019564867019653 -0.16956664621829987 0.7803175449371338 2.381263017654419 0.519242525100708 -0.8255128860473633 0.2211689054965973 13.239752769470215 0.0 0.0 0.0 1.0
0.5493986010551453 0.5617285966873169 0.6185646057128906 -0.7445563673973083 -0.6402702927589417 -0.19262726604938507 0.7436051964759827 2.2606303691864014 0.5368567109107971 -0.8045842051506042 0.2538289725780487 13.364836692810059 0.0 0.0 0.0 1.0
0.5129382014274597 0.5817080140113831 0.6312766075134277 -0.3818030059337616 -0.6490634083747864 -0.21845592558383942 0.7286931872367859 1.9946725368499756 0.56179279088974 -0.7835131287574768 0.2655109763145447 13.672779083251953 0.0 0.0 0.0 1.0
0.48135313391685486 0.5938820242881775 0.6446729898452759 0.4948185980319977 -0.6705480813980103 -0.22417402267456055 0.7071854472160339 1.7976869344711304 0.5645036697387695 -0.7726901769638062 0.2903195917606354 13.751961708068848 0.0 0.0 0.0 1.0
0.42695972323417664 0.6215444803237915 0.6568012237548828 0.9963205456733704 -0.6745800375938416 -0.2647782862186432 0.689082145690918 1.4549566507339478 0.6022019386291504 -0.7372753024101257 0.30623185634613037 13.665815353393555 0.0 0.0 0.0 1.0
0.3231425881385803 0.644814670085907 0.6926708817481995 0.9776106476783752 -0.7188230156898499 -0.30882588028907776 0.6228322982788086 1.2208958864212036 0.6155260801315308 -0.6991714239120483 0.3637128174304962 13.63063907623291 0.0 0.0 0.0 1.0
0.19952471554279327 0.6859004497528076 0.6998074650764465 0.7795866131782532 -0.7355362176895142 -0.36703261733055115 0.5694501996040344 1.4779586791992188 0.6474382877349854 -0.6283531188964844 0.4312725365161896 13.603425025939941 0.0 0.0 0.0 1.0
0.1431216597557068 0.6748911142349243 0.7239047884941101 1.107324481010437 -0.7528713941574097 -0.40053290128707886 0.522262454032898 0.8488203883171082 0.6424179673194885 -0.6197543144226074 0.45078128576278687 14.059866905212402 0.0 0.0 0.0 1.0
0.0762544721364975 0.6834485530853271 0.7260050177574158 1.7292940616607666 -0.7358656525611877 -0.45275306701660156 0.5035040974617004 1.0282915830612183 0.6728201508522034 -0.572636604309082 0.4684019088745117 13.34745979309082 0.0 0.0 0.0 1.0
0.012742478400468826 0.6785954833030701 0.7344017028808594 2.1924760341644287 -0.7423572540283203 -0.48562294244766235 0.4616016149520874 1.2345271110534668 0.6698830723762512 -0.5510703921318054 0.4975722134113312 12.331487655639648 0.0 0.0 0.0 1.0
-0.07305887341499329 0.6886775493621826 0.7213776111602783 1.7734402418136597 -0.7388346195220947 -0.5232279896736145 0.42468321323394775 1.6180243492126465 0.669914722442627 -0.5019518733024597 0.5470452904701233 11.525086402893066 0.0 0.0 0.0 1.0
-0.18481549620628357 0.7012925744056702 0.6884998083114624 1.134759783744812 -0.7360472083091736 -0.5629884600639343 0.37587037682533264 1.7642687559127808 0.6512125134468079 -0.4373016953468323 0.620233416557312 11.12182903289795 0.0 0.0 0.0 1.0
-0.5059577226638794 0.6296104788780212 0.5895739197731018 1.1560842990875244 -0.6760493516921997 -0.713956892490387 0.18227122724056244 -0.4674920439720154 0.5356902480125427 -0.30635955929756165 0.7868797779083252 10.450933456420898 0.0 0.0 0.0 1.0
-0.6268573999404907 0.5732290148735046 0.5276914834976196 0.7278304100036621 -0.6144225001335144 -0.7801634669303894 0.11760099232196808 -0.2383245974779129 0.4790979027748108 -0.2505064606666565 0.8412560224533081 10.734854698181152 0.0 0.0 0.0 1.0
-0.7471970319747925 0.48119431734085083 0.45841971039772034 0.23405665159225464 -0.5232144594192505 -0.8512281775474548 0.040709055960178375 -0.14516787230968475 0.4098087251186371 -0.2094341516494751 0.8878029584884644 11.49807357788086 0.0 0.0 0.0 1.0
-0.8000079393386841 0.4320163428783417 0.41635221242904663 0.6718028783798218 -0.4737580418586731 -0.8806481957435608 0.0034687737934291363 0.08389493823051453 0.36815840005874634 -0.19447515904903412 0.9091967940330505 11.764511108398438 0.0 0.0 0.0 1.0
-0.831733763217926 0.4051208198070526 0.3795998990535736 1.2188407182693481 -0.4448608160018921 -0.8953953385353088 -0.019131872802972794 0.3213459253311157 0.33214128017425537 -0.1847817450761795 0.9249529242515564 11.620647430419922 0.0 0.0 0.0 1.0
