-0.9999997615814209 -0.0005563630256801844 -0.0004501037474256009 -0.02106165699660778 0.0005564815364778042 -0.9999998211860657 -0.00026319557218812406 0.8248286247253418 -0.0004499572387430817 -0.0002634459815453738 0.9999998807907104 9.801294326782227 0.0 0.0 0.0 1.0
-1.0 3.634258973761462e-05 -3.176999598508701e-05 -0.022928673774003983 -3.634395034168847e-05 -1.0 4.279124186723493e-05 0.8168067336082458 -3.176844256813638e-05 4.279239510651678e-05 1.0 9.83056354522705 0.0 0.0 0.0 1.0
-0.9999998211860657 0.0004657960089389235 0.0004028969269711524 -0.018085332587361336 -0.00046556536108255386 -0.9999997019767761 0.0005723756621591747 0.8070048689842224 0.00040316343074664474 0.0005721880006603897 0.9999997615814209 9.862845420837402 0.0 0.0 0.0 1.0
-0.9999980926513672 0.0010299290297552943 0.0016442157793790102 0.00864348839968443 -0.0010265164310112596 -0.9999973177909851 0.0020750053226947784 0.7658175230026245 0.0016463485080748796 0.0020733135752379894 0.9999964833259583 9.970248222351074 0.0 0.0 0.0 1.0
-0.9999943375587463 0.0004993749898858368 0.0033330603037029505 0.006570465862751007 -0.000486931880004704 -0.9999929070472717 0.0037329995539039373 0.7318617701530457 0.0033349008299410343 0.0037313553038984537 0.9999874830245972 10.00088119506836 0.0 0.0 0.0 1.0
-0.9999839067459106 -0.000557011691853404 0.005649782717227936 -0.007647658232599497 0.000589332077652216 -0.9999834895133972 0.005720585584640503 0.7332733869552612 0.00564650259912014 0.005723822861909866 0.9999676942825317 10.000682830810547 0.0 0.0 0.0 1.0
-0.9999538660049438 -0.0016141014639288187 0.00946680549532175 -0.02500024437904358 0.00169412512332201 -0.9999628663063049 0.008451157249510288 0.7614628076553345 0.009452813304960728 0.008466805331408978 0.9999194741249084 10.004541397094727 0.0 0.0 0.0 1.0
-0.9998791813850403 -0.0014797582989558578 0.01547236368060112 -0.04505157098174095 0.0016475158045068383 -0.9999399185180664 0.010835280641913414 0.7754204273223877 0.015455400571227074 0.010859462432563305 0.9998216032981873 10.051218032836914 0.0 0.0 0.0 1.0
-0.999681830406189 4.07171573897358e-05 0.025223495438694954 -0.06704764068126678 0.00027752722962759435 -0.9999204277992249 0.012613353319466114 0.765484631061554 0.02522200159728527 0.012616340070962906 0.9996022582054138 10.080550193786621 0.0 0.0 0.0 1.0
-0.9992225170135498 0.0036887347232550383 0.03925246745347977 -0.09294868260622025 -0.0031232647597789764 -0.9998906254768372 0.014457556419074535 0.7597305774688721 0.03930150344967842 0.014323720708489418 0.9991247057914734 10.118072509765625 0.0 0.0 0.0 1.0
-0.9982643127441406 0.009882209822535515 0.058057595044374466 -0.12020950764417648 -0.008951460011303425 -0.9998275637626648 0.016269758343696594 0.7597329020500183 0.058208364993333817 0.015721818432211876 0.998180627822876 10.167935371398926 0.0 0.0 0.0 1.0
-0.9964664578437805 0.018648333847522736 0.08189506828784943 -0.09761153906583786 -0.017260391265153885 -0.9996957182884216 0.01762327179312706 0.7729676961898804 0.08219879120588303 0.01614745892584324 0.9964851140975952 10.188712120056152 0.0 0.0 0.0 1.0
-0.9924877882003784 0.03390617296099663 0.11755149811506271 -0.04632774367928505 -0.03183143585920334 -0.9993033409118652 0.019482873380184174 0.7791798710823059 0.11813019216060638 0.015594680793583393 0.9928756356239319 10.213841438293457 0.0 0.0 0.0 1.0
-0.9883229732513428 0.04693180322647095 0.14496605098247528 -0.025536663830280304 -0.04426437243819237 -0.9987868666648865 0.021573156118392944 0.7788707613945007 0.14580266177654266 0.014904414303600788 0.9892014265060425 10.261678695678711 0.0 0.0 0.0 1.0
-0.9834281206130981 0.05967878922820091 0.1711944043636322 -0.019275732338428497 -0.05643750727176666 -0.9981237649917603 0.023742513731122017 0.7682201266288757 0.1722901314496994 0.013687270693480968 0.9849511384963989 10.323339462280273 0.0 0.0 0.0 1.0
-0.9779565334320068 0.07213479280471802 0.1959531009197235 0.016398511826992035 -0.06831301748752594 -0.9973198175430298 0.026201661676168442 0.767812967300415 0.1973179578781128 0.012237939052283764 0.9802631735801697 10.370367050170898 0.0 0.0 0.0 1.0
-0.972161591053009 0.08420786261558533 0.21865685284137726 0.06733893603086472 -0.07963226735591888 -0.9963825941085815 0.029671218246221542 0.7975928783416748 0.22036443650722504 0.011433078907430172 0.9753506183624268 10.374573707580566 0.0 0.0 0.0 1.0
-0.966038167476654 0.09565296024084091 0.24004317820072174 0.1336512714624405 -0.09025243669748306 -0.9953581094741821 0.03341752663254738 0.8487796783447266 0.24212540686130524 0.010618124157190323 0.9701868295669556 10.310991287231445 0.0 0.0 0.0 1.0
-0.9600425362586975 0.10654088854789734 0.25878044962882996 0.19388751685619354 -0.09998534619808197 -0.994247555732727 0.038402531296014786 0.9201030731201172 0.2613832652568817 0.01099381223320961 0.9651724696159363 10.224752426147461 0.0 0.0 0.0 1.0
-0.9541559219360352 0.11720594018697739 0.2754073739051819 0.20433896780014038 -0.10905328392982483 -0.9930264353752136 0.044787317514419556 0.9779987335205078 0.2787361443042755 0.012700005434453487 0.9602837562561035 10.14139461517334 0.0 0.0 0.0 1.0
-0.9482197761535645 0.12785206735134125 0.29074573516845703 0.20425847172737122 -0.11782818287611008 -0.9916818737983704 0.051803216338157654 1.0257452726364136 0.2949504256248474 0.014862796291708946 0.9553969502449036 10.052837371826172 0.0 0.0 0.0 1.0
-0.9420263171195984 0.1385887712240219 0.30558067560195923 0.26523199677467346 -0.12647689878940582 -0.9902022480964661 0.05918683856725693 1.0591886043548584 0.3107892870903015 0.017106665298342705 0.9503248929977417 9.9259672164917 0.0 0.0 0.0 1.0
-0.9358813166618347 0.149354949593544 0.3190913796424866 0.35768750309944153 -0.13458067178726196 -0.9885671734809875 0.06799264997243881 1.0865857601165771 0.3255982995033264 0.020689522847533226 0.9452818036079407 9.80527114868164 0.0 0.0 0.0 1.0
-0.9294413924217224 0.16028571128845215 0.3323360085487366 0.40269628167152405 -0.14264407753944397 -0.9867751598358154 0.07699031382799149 1.111907958984375 0.3402813673019409 0.02415221929550171 0.9400134086608887 9.696084976196289 0.0 0.0 0.0 1.0
-0.922900378704071 0.1713014543056488 0.34483426809310913 0.37212032079696655 -0.15027116239070892 -0.9848061203956604 0.08703719079494476 1.1367950439453125 0.3545044958591461 0.028508013114333153 0.9346196055412292 9.593209266662598 0.0 0.0 0.0 1.0
-0.9160670042037964 0.1820332407951355 0.3573305904865265 0.2829980254173279 -0.15770763158798218 -0.9827746748924255 0.09634469449520111 1.1502368450164795 0.36871337890625 0.031904436647892 0.9289954304695129 9.501765251159668 0.0 0.0 0.0 1.0
-0.9084417223930359 0.19290666282176971 0.3708377182483673 0.19875851273536682 -0.16539445519447327 -0.980627715587616 0.10494723170995712 1.1412744522094727 0.3838987648487091 0.034003935754299164 0.922748863697052 9.430723190307617 0.0 0.0 0.0 1.0
-0.8995513319969177 0.20427395403385162 0.3861081898212433 0.14991049468517303 -0.17361906170845032 -0.9782990217208862 0.11308162659406662 1.127933382987976 0.40082889795303345 0.03468698635697365 0.9154960513114929 9.398577690124512 0.0 0.0 0.0 1.0
-0.8880696296691895 0.21712931990623474 0.40520018339157104 0.10722796618938446 -0.18326757848262787 -0.9755750298500061 0.12110452353954315 1.13280189037323 0.42159852385520935 0.033289194107055664 0.9061713218688965 9.376583099365234 0.0 0.0 0.0 1.0
-0.8731147050857544 0.23202496767044067 0.42875996232032776 0.09266086667776108 -0.19499705731868744 -0.9722750186920166 0.12906356155872345 1.1520627737045288 0.44681859016418457 0.02908036857843399 0.8941518068313599 9.368088722229004 0.0 0.0 0.0 1.0
-0.8539072871208191 0.24872462451457977 0.45714154839515686 0.1387976109981537 -0.2082645446062088 -0.9683132767677307 0.13782325387001038 1.1600031852722168 0.4769362807273865 0.022481903433799744 0.8786503076553345 9.40968132019043 0.0 0.0 0.0 1.0
-0.83110111951828 0.26663118600845337 0.48803555965423584 0.20205630362033844 -0.22255389392375946 -0.9636973142623901 0.14750352501869202 1.1429154872894287 0.5096476078033447 0.013976134359836578 0.8602697253227234 9.446450233459473 0.0 0.0 0.0 1.0
-0.8067667484283447 0.28390195965766907 0.5181960463523865 0.26455679535865784 -0.2365121841430664 -0.9588441848754883 0.15709805488586426 1.1044496297836304 0.5414696931838989 0.004181814379990101 0.8407098650932312 9.518043518066406 0.0 0.0 0.0 1.0
-0.7833731770515442 0.29909518361091614 0.5448564291000366 0.22816912829875946 -0.24794749915599823 -0.9542148113250732 0.16732050478458405 1.0784136056900024 0.5699548721313477 -0.004021404776722193 0.8216661810874939 9.554688453674316 0.0 0.0 0.0 1.0
-0.7633841633796692 0.3128088116645813 0.5651506781578064 0.0825604498386383 -0.25822144746780396 -0.9497535824775696 0.1768893152475357 1.0810688734054565 0.5920863747596741 -0.010899526067078114 0.8058007955551147 9.551647186279297 0.0 0.0 0.0 1.0
-0.7457444071769714 0.32482776045799255 0.5816805362701416 -0.06486357748508453 -0.2670818865299225 -0.9456220269203186 0.18565084040164948 1.1080843210220337 0.610354483127594 -0.016908248886466026 0.7919479608535767 9.517720222473145 0.0 0.0 0.0 1.0
-0.7291340231895447 0.3360792100429535 0.5961663126945496 -0.14856281876564026 -0.2756879925727844 -0.9415481686592102 0.19360582530498505 1.1209285259246826 0.6263862252235413 -0.023191295564174652 0.7791678309440613 9.471527099609375 0.0 0.0 0.0 1.0
-0.7123377323150635 0.347669392824173 0.6096728444099426 -0.15978467464447021 -0.2847459316253662 -0.9371398687362671 0.20171408355236053 1.1210870742797852 0.6414785385131836 -0.02991330996155739 0.7665575742721558 9.43692684173584 0.0 0.0 0.0 1.0
-0.6942763924598694 0.3594939410686493 0.6234937310218811 -0.13968205451965332 -0.29403677582740784 -0.9323974847793579 0.21018406748771667 1.0945247411727905 0.656903862953186 -0.03740425035357475 0.7530459761619568 9.391127586364746 0.0 0.0 0.0 1.0
-0.6747753620147705 0.3711443543434143 0.6379107236862183 -0.10887615382671356 -0.30360788106918335 -0.9274210333824158 0.2184317708015442 1.0775737762451172 0.6726815700531006 -0.04628234729170799 0.7384832501411438 9.34702205657959 0.0 0.0 0.0 1.0
-0.6536069512367249 0.38272419571876526 0.6529319882392883 -0.061882346868515015 -0.31280872225761414 -0.9221881031990051 0.2274199277162552 1.1002236604690552 0.6891651749610901 -0.055599573999643326 0.7224680185317993 9.313944816589355 0.0 0.0 0.0 1.0
-0.6313220858573914 0.39505746960639954 0.6673544645309448 0.012141714803874493 -0.32178089022636414 -0.916393518447876 0.23807547986507416 1.149327039718628 0.70561283826828 -0.06443960964679718 0.705661416053772 9.278944969177246 0.0 0.0 0.0 1.0
-0.6084251999855042 0.4069052040576935 0.68135666847229 0.06453297287225723 -0.3300647437572479 -0.9105184078216553 0.24902518093585968 1.1699994802474976 0.7217174172401428 -0.07337862253189087 0.6882873773574829 9.187764167785645 0.0 0.0 0.0 1.0
-0.5854431986808777 0.4192454516887665 0.6938945055007935 0.08401895314455032 -0.3379381597042084 -0.90420001745224 0.2611897885799408 1.1756144762039185 0.736922025680542 -0.08158163726329803 0.6710367798805237 9.105775833129883 0.0 0.0 0.0 1.0
-0.5536054372787476 0.43491658568382263 0.7101891040802002 0.0795174241065979 -0.3474076986312866 -0.895655632019043 0.2776847779750824 1.17861807346344 0.7568545937538147 -0.09299734979867935 0.6469331979751587 8.994291305541992 0.0 0.0 0.0 1.0
-0.5280933976173401 0.4463586211204529 0.7224135398864746 0.07548370957374573 -0.35431140661239624 -0.8889433741569519 0.2902465760707855 1.1642444133758545 0.7717388272285461 -0.10268206894397736 0.627595067024231 8.930692672729492 0.0 0.0 0.0 1.0
-0.5010488033294678 0.458095908164978 0.7342330813407898 0.06399905681610107 -0.3614332973957062 -0.8816465735435486 0.3034226596355438 1.1423354148864746 0.7863307595252991 -0.11334671825170517 0.6073191165924072 8.918988227844238 0.0 0.0 0.0 1.0
-0.471925288438797 0.46967726945877075 0.7461164593696594 0.05300760269165039 -0.3686310052871704 -0.8738767504692078 0.31693947315216064 1.1182966232299805 0.8008731007575989 -0.12546992301940918 0.5855421423912048 8.941831588745117 0.0 0.0 0.0 1.0
-0.44005629420280457 0.48045605421066284 0.7586253881454468 0.056258514523506165 -0.37586379051208496 -0.8658072352409363 0.3303093910217285 1.1093744039535522 0.8155224323272705 -0.1397850662469864 0.5615899562835693 8.963813781738281 0.0 0.0 0.0 1.0
-0.4060051441192627 0.4904153347015381 0.7711372375488281 0.03860652074217796 -0.38341906666755676 -0.8573667407035828 0.3433833420276642 1.1233738660812378 0.8295478820800781 -0.15625330805778503 0.536129891872406 9.018572807312012 0.0 0.0 0.0 1.0
-0.3699895739555359 0.49924030900001526 0.7834965586662292 -0.021984923630952835 -0.3904131054878235 -0.848815381526947 0.3564969003200531 1.1507891416549683 0.8430215120315552 -0.17398717999458313 0.5089628100395203 9.034697532653809 0.0 0.0 0.0 1.0
-0.3335309624671936 0.5072300434112549 0.7946538925170898 -0.11438728868961334 -0.39753609895706177 -0.8399845957756042 0.36931148171424866 1.1819316148757935 0.8548228740692139 -0.19272677600383759 0.48180311918258667 9.074874877929688 0.0 0.0 0.0 1.0
-0.2975570559501648 0.5142771601676941 0.8043498992919922 -0.1397944539785385 -0.4039720892906189 -0.8311945796012878 0.3819974958896637 1.1760342121124268 0.8650239109992981 -0.21126888692378998 0.45508143305778503 9.137038230895996 0.0 0.0 0.0 1.0
-0.2616487443447113 0.5204428434371948 0.8128217458724976 -0.13201190531253815 -0.4102763235569 -0.822258472442627 0.3944164216518402 1.1547160148620605 0.8736208081245422 -0.2302829623222351 0.4286682605743408 9.207334518432617 0.0 0.0 0.0 1.0
-0.22633133828639984 0.5247446298599243 0.8206200003623962 -0.08718312531709671 -0.41509631276130676 -0.8141127824783325 0.40609779953956604 1.1406700611114502 0.8811748623847961 -0.24872368574142456 0.402078777551651 9.229805946350098 0.0 0.0 0.0 1.0
-0.19226786494255066 0.5276892185211182 0.8273917436599731 -0.05591973289847374 -0.41883185505867004 -0.8066012859344482 0.417102187871933 1.1272348165512085 0.8874756097793579 -0.2663426697254181 0.37609657645225525 9.227401733398438 0.0 0.0 0.0 1.0
-0.1597619652748108 0.5300532579421997 0.83277827501297 -0.0631854385137558 -0.4224332869052887 -0.7991780638694763 0.4276266396045685 1.1091630458831787 0.8922030329704285 -0.28347477316856384 0.3515903949737549 9.233784675598145 0.0 0.0 0.0 1.0
-0.1282396763563156 0.5316243171691895 0.8372157216072083 -0.10671327263116837 -0.42547672986984253 -0.7920414209365845 0.43776702880859375 1.0811480283737183 0.895837128162384 -0.3000767230987549 0.3277648985385895 9.267922401428223 0.0 0.0 0.0 1.0
-0.09638521075248718 0.5325497388839722 0.8408927917480469 -0.16266067326068878 -0.42822080850601196 -0.7848300337791443 0.44796064496040344 1.0505708456039429 0.8985192179679871 -0.3169110119342804 0.3036949038505554 9.282179832458496 0.0 0.0 0.0 1.0
-0.06400885432958603 0.5328807830810547 0.843765914440155 -0.19253826141357422 -0.4305773079395294 -0.7774986028671265 0.45836564898490906 1.0543303489685059 0.9002810716629028 -0.333967000246048 0.27921316027641296 9.294046401977539 0.0 0.0 0.0 1.0
-0.029730215668678284 0.5324844717979431 0.8459174633026123 -0.1706187129020691 -0.4313774108886719 -0.7702581286430359 0.4696977734565735 1.072603702545166 0.9016815423965454 -0.35094547271728516 0.2526017129421234 9.282369613647461 0.0 0.0 0.0 1.0
0.0044350954703986645 0.5324369668960571 0.8464580774307251 -0.1509907841682434 -0.43007615208625793 -0.7631662487983704 0.4822983741760254 1.0733296871185303 0.9027817249298096 -0.3661804497241974 0.22560371458530426 9.247878074645996 0.0 0.0 0.0 1.0
0.0373527929186821 0.532362699508667 0.8456918597221375 -0.17206402122974396 -0.4279974699020386 -0.7562105655670166 0.4949381649494171 1.063808798789978 0.9030077457427979 -0.3804413080215454 0.19960330426692963 9.231364250183105 0.0 0.0 0.0 1.0
0.06981644779443741 0.5319324135780334 0.8439037799835205 -0.2173660695552826 -0.42550426721572876 -0.749269962310791 0.5074846148490906 1.0473651885986328 0.9022592902183533 -0.39451542496681213 0.1740281581878662 9.228364944458008 0.0 0.0 0.0 1.0
0.10295170545578003 0.5310571789741516 0.8410584330558777 -0.29158511757850647 -0.4238548278808594 -0.7415207028388977 0.5200904607772827 1.0422720909118652 0.8998600244522095 -0.41003087162971497 0.14875032007694244 9.24302864074707 0.0 0.0 0.0 1.0
0.13709744811058044 0.5296134948730469 0.8370864987373352 -0.36152225732803345 -0.42284661531448364 -0.7329107522964478 0.5329564213752747 1.040407419204712 0.8957706689834595 -0.4270261526107788 0.12346507608890533 9.276543617248535 0.0 0.0 0.0 1.0
0.1723405420780182 0.5270655751228333 0.8321662545204163 -0.4096193015575409 -0.42150333523750305 -0.7240968346595764 0.5459108948707581 1.0372638702392578 0.8902997374534607 -0.4448434114456177 0.09736865758895874 9.318333625793457 0.0 0.0 0.0 1.0
0.2081150859594345 0.5231717824935913 0.8264256715774536 -0.4980279505252838 -0.42067399621009827 -0.7149102091789246 0.5585129857063293 1.0401917695999146 0.8830183744430542 -0.46389079093933105 0.0713011771440506 9.366613388061523 0.0 0.0 0.0 1.0
0.2444750815629959 0.5178927779197693 0.8197676539421082 -0.581035315990448 -0.41955113410949707 -0.7056906223297119 0.5709444880485535 1.0427870750427246 0.8741903901100159 -0.4835161566734314 0.04475872591137886 9.39934253692627 0.0 0.0 0.0 1.0
0.28040727972984314 0.5121482610702515 0.8118349313735962 -0.6702455282211304 -0.4177713692188263 -0.696342408657074 0.5835874676704407 1.069644570350647 0.8641983866691589 -0.5028035640716553 0.018701374530792236 9.419211387634277 0.0 0.0 0.0 1.0
0.3146350681781769 0.5063740015029907 0.8028637170791626 -0.7448719143867493 -0.41592445969581604 -0.6867508888244629 0.5961375832557678 1.0747230052947998 0.8532359600067139 -0.5214964151382446 -0.005462584085762501 9.471454620361328 0.0 0.0 0.0 1.0
0.3471738398075104 0.5001422762870789 0.7933019995689392 -0.7681173086166382 -0.4135509431362152 -0.6775768399238586 0.608165442943573 1.0413011312484741 0.841692328453064 -0.5392099022865295 -0.02840266562998295 9.561759948730469 0.0 0.0 0.0 1.0
0.3795754313468933 0.4926280081272125 0.7830964922904968 -0.759262204170227 -0.40960705280303955 -0.6694781184196472 0.6196943521499634 1.0170903205871582 0.8295447826385498 -0.5559825897216797 -0.05233355239033699 9.574932098388672 0.0 0.0 0.0 1.0
0.4104515612125397 0.48491397500038147 0.7722615599632263 -0.7286360859870911 -0.40491753816604614 -0.6618939638137817 0.6308233737945557 1.0046472549438477 0.8170503973960876 -0.5716246962547302 -0.07532525062561035 9.549349784851074 0.0 0.0 0.0 1.0
0.4394497871398926 0.477462500333786 0.7608636021614075 -0.6701651215553284 -0.3998383581638336 -0.6545209884643555 0.641663134098053 0.9612190127372742 0.8043712973594666 -0.5862011909484863 -0.09672127664089203 9.506077766418457 0.0 0.0 0.0 1.0
0.46745505928993225 0.4697851538658142 0.7488575577735901 -0.6323761940002441 -0.39423152804374695 -0.647426426410675 0.6522426605224609 0.8801671266555786 0.7912441492080688 -0.6001173853874207 -0.1174386516213417 9.433018684387207 0.0 0.0 0.0 1.0
0.4936065673828125 0.46289873123168945 0.7362589836120605 -0.6354856491088867 -0.3885161280632019 -0.6400402188301086 0.6628753542900085 0.8236793279647827 0.7780795097351074 -0.6132481098175049 -0.1360844373703003 9.394718170166016 0.0 0.0 0.0 1.0
0.529216468334198 0.4517594277858734 0.7182223796844482 -0.6078384518623352 -0.3796759843826294 -0.6309143304824829 0.6766042113304138 0.7600365281105042 0.758799135684967 -0.6307618618011475 -0.162368044257164 9.352086067199707 0.0 0.0 0.0 1.0
0.5544586181640625 0.44319263100624084 0.704383373260498 -0.5827773809432983 -0.37265899777412415 -0.6245744824409485 0.6863177418708801 0.7156635522842407 0.7441108226776123 -0.6430295705795288 -0.1811409890651703 9.29401969909668 0.0 0.0 0.0 1.0
0.5783385038375854 0.43518441915512085 0.6900283694267273 -0.5661357045173645 -0.36520054936408997 -0.6182378530502319 0.6959960460662842 0.6708994507789612 0.7294883131980896 -0.6545200347900391 -0.19862115383148193 9.261383056640625 0.0 0.0 0.0 1.0
0.6009635329246521 0.42779770493507385 0.6751533150672913 -0.5503947138786316 -0.3571043014526367 -0.6119986176490784 0.7056445479393005 0.6283590197563171 0.7150660157203674 -0.6651667952537537 -0.21502041816711426 9.224258422851562 0.0 0.0 0.0 1.0
0.6227111220359802 0.4205836355686188 0.6598032116889954 -0.5017823576927185 -0.3483807444572449 -0.606023907661438 0.7150985598564148 0.6019591093063354 0.7006152272224426 -0.6751625537872314 -0.2308545857667923 9.143451690673828 0.0 0.0 0.0 1.0
0.6438302993774414 0.4138607978820801 0.6435850858688354 -0.4632512927055359 -0.3392389714717865 -0.5995308756828308 0.7248997092247009 0.6002381443977356 0.6858567595481873 -0.6850415468215942 -0.2455984503030777 9.057571411132812 0.0 0.0 0.0 1.0
0.6651294231414795 0.406921923160553 0.6261129379272461 -0.4871358573436737 -0.32954829931259155 -0.5924443006515503 0.7351242303848267 0.6388287544250488 0.6700752377510071 -0.6952872276306152 -0.25995171070098877 8.986141204833984 0.0 0.0 0.0 1.0
0.68779057264328 0.39846381545066833 0.6067707538604736 -0.540897011756897 -0.31891903281211853 -0.5850194096565247 0.7456828951835632 0.6909267902374268 0.6521003246307373 -0.7063843607902527 -0.27529314160346985 8.910829544067383 0.0 0.0 0.0 1.0
0.7135228514671326 0.38642022013664246 0.5844352841377258 -0.5848610401153564 -0.3073873221874237 -0.5769346356391907 0.7567426562309265 0.7396175265312195 0.6296015977859497 -0.7196011543273926 -0.29287534952163696 8.913196563720703 0.0 0.0 0.0 1.0
0.7397027611732483 0.37245500087738037 0.5604615211486816 -0.5817628502845764 -0.29463908076286316 -0.5695294141769409 0.7673487067222595 0.7449480295181274 0.605002224445343 -0.7327437996864319 -0.31154268980026245 8.972182273864746 0.0 0.0 0.0 1.0
0.7661238312721252 0.356242299079895 0.5349258780479431 -0.5679024457931519 -0.2810274362564087 -0.5628430247306824 0.7773231863975525 0.7340848445892334 0.577994704246521 -0.7458546757698059 -0.33109357953071594 9.019244194030762 0.0 0.0 0.0 1.0
0.7918974161148071 0.3387305438518524 0.5080945491790771 -0.581339955329895 -0.2670515775680542 -0.5561667680740356 0.786995530128479 0.7478154301643372 0.5491647124290466 -0.7589071989059448 -0.3499685525894165 9.06550121307373 0.0 0.0 0.0 1.0
0.8160035014152527 0.32076823711395264 0.4808804988861084 -0.5959213972091675 -0.25278815627098083 -0.5501177906990051 0.7959073781967163 0.7601641416549683 0.5198427438735962 -0.7710241079330444 -0.3678116202354431 9.12465763092041 0.0 0.0 0.0 1.0
0.8375492691993713 0.3036075234413147 0.4542396664619446 -0.656568169593811 -0.2384187877178192 -0.5449586510658264 0.8038510680198669 0.8079808950424194 0.491597056388855 -0.7815641760826111 -0.38404402136802673 9.220561027526855 0.0 0.0 0.0 1.0
0.8568922281265259 0.2870091497898102 0.4282072186470032 -0.7444030046463013 -0.22408132255077362 -0.5407001972198486 0.8108211159706116 0.8699628710746765 0.4642447829246521 -0.7907395958900452 -0.3990083932876587 9.332365036010742 0.0 0.0 0.0 1.0
0.874239981174469 0.27123600244522095 0.4026604890823364 -0.8048356771469116 -0.20922300219535828 -0.5379314422607422 0.8166122436523438 0.9089965224266052 0.43809837102890015 -0.7981609106063843 -0.4135323464870453 9.438210487365723 0.0 0.0 0.0 1.0
0.890032172203064 0.2557772397994995 0.3773867189884186 -0.8196550011634827 -0.1941761076450348 -0.5362692475318909 0.8214079141616821 0.9128777980804443 0.41247832775115967 -0.804358959197998 -0.42763105034828186 9.549638748168945 0.0 0.0 0.0 1.0
0.9049484133720398 0.2391829937696457 0.3519373834133148 -0.8433973789215088 -0.17915582656860352 -0.5360335111618042 0.8249674439430237 0.8589733242988586 0.385968416929245 -0.8096045851707458 -0.4422316253185272 9.651391983032227 0.0 0.0 0.0 1.0
0.9191832542419434 0.2216257005929947 0.3255520761013031 -0.8955104351043701 -0.16370080411434174 -0.5368276238441467 0.8276582360267639 0.7871177196502686 0.3581956624984741 -0.8140627145767212 -0.45716267824172974 9.74371337890625 0.0 0.0 0.0 1.0
0.9324052929878235 0.20403307676315308 0.2983133792877197 -0.9294402599334717 -0.14820414781570435 -0.5369640588760376 0.8304848670959473 0.7027972340583801 0.32962992787361145 -0.8185597658157349 -0.47042956948280334 9.824174880981445 0.0 0.0 0.0 1.0
0.9440494179725647 0.1866406798362732 0.27191174030303955 -0.9607124924659729 -0.1334189623594284 -0.5378637313842773 0.8324073553085327 0.6045441031455994 0.30161252617836 -0.8221118450164795 -0.4828685224056244 9.943975448608398 0.0 0.0 0.0 1.0
0.9550052881240845 0.16962331533432007 0.2432958334684372 -0.958251416683197 -0.1172463521361351 -0.5375808477401733 0.8350210189819336 0.5213043689727783 0.2724302113056183 -0.8259750008583069 -0.4935048520565033 9.953712463378906 0.0 0.0 0.0 1.0
0.9646092653274536 0.15270349383354187 0.2149665653705597 -0.987918496131897 -0.1017012670636177 -0.5367093086242676 0.8376156687736511 0.4842870831489563 0.24328139424324036 -0.8298341631889343 -0.5021846294403076 9.95347785949707 0.0 0.0 0.0 1.0
0.9733293652534485 0.13593584299087524 0.18480102717876434 -0.979520857334137 -0.08471021801233292 -0.5356549024581909 0.8401773571968079 0.47144457697868347 0.21319979429244995 -0.8334238529205322 -0.5098534822463989 9.912654876708984 0.0 0.0 0.0 1.0
0.9809650182723999 0.11891012638807297 0.1535186767578125 -0.9394023418426514 -0.06719178706407547 -0.5338904857635498 0.8428797125816345 0.48084592819213867 0.18218909204006195 -0.8371506929397583 -0.5157381296157837 9.897650718688965 0.0 0.0 0.0 1.0
0.9874375462532043 0.10112769156694412 0.12140969187021255 -0.8770065307617188 -0.04955051839351654 -0.5314299464225769 0.8456518054008484 0.5046120882034302 0.15003955364227295 -0.8410442471504211 -0.5197429060935974 9.917724609375 0.0 0.0 0.0 1.0
0.9927722811698914 0.08198942989110947 0.08764075487852097 -0.8488594889640808 -0.031144585460424423 -0.5292330980300903 0.8479046821594238 0.519322395324707 0.11590160429477692 -0.844505786895752 -0.5228544473648071 9.95244312286377 0.0 0.0 0.0 1.0
0.9967785477638245 0.06119778752326965 0.05184025317430496 -0.8657180666923523 -0.01185431145131588 -0.5268456339836121 0.8498783111572266 0.5274661183357239 0.07932247966527939 -0.8477550148963928 -0.5244229435920715 10.034760475158691 0.0 0.0 0.0 1.0
0.9991225004196167 0.03912859410047531 0.014937454834580421 -0.8693292140960693 0.007825394161045551 -0.5247678756713867 0.8512094020843506 0.5456385612487793 0.04114532098174095 -0.8503456115722656 -0.524613618850708 10.152335166931152 0.0 0.0 0.0 1.0
0.9996150732040405 0.016034305095672607 -0.022639650851488113 -0.8797336220741272 0.027682332322001457 -0.522720217704773 0.8520547747612 0.5806449055671692 0.0018279034411534667 -0.8523535132408142 -0.5229628682136536 10.251035690307617 0.0 0.0 0.0 1.0
0.9981841444969177 -0.007202778477221727 -0.0598042830824852 -0.8567151427268982 0.04731433838605881 -0.5206980109214783 0.8524288535118103 0.6202422380447388 -0.037279825657606125 -0.8537105321884155 -0.5194116830825806 10.350419044494629 0.0 0.0 0.0 1.0
0.9948872923851013 -0.030426133424043655 -0.09629940241575241 -0.8319647908210754 0.06663190573453903 -0.5187908411026001 0.8523005843162537 0.6693472862243652 -0.07589145749807358 -0.8543596267700195 -0.5141110420227051 10.437028884887695 0.0 0.0 0.0 1.0
0.9899423122406006 -0.052676886320114136 -0.13129886984825134 -0.7797008156776428 0.08537060767412186 -0.5176314115524292 0.8513339757919312 0.7194269895553589 -0.11281004548072815 -0.8539806008338928 -0.507928192615509 10.507827758789062 0.0 0.0 0.0 1.0
0.983656108379364 -0.07370974123477936 -0.1642787754535675 -0.7467189431190491 0.10323499143123627 -0.5166437029838562 0.8499540090560913 0.762208878993988 -0.14752347767353058 -0.8530218005180359 -0.5005903244018555 10.507759094238281 0.0 0.0 0.0 1.0
0.9736746549606323 -0.09976242482662201 -0.20495155453681946 -0.7591816186904907 0.12536387145519257 -0.5165688395500183 0.8470185995101929 0.8043034672737122 -0.19037221372127533 -0.8504140377044678 -0.49046340584754944 10.518959999084473 0.0 0.0 0.0 1.0
0.9651437997817993 -0.11870982497930527 -0.23324960470199585 -0.8246113657951355 0.14044933021068573 -0.5170976519584656 0.8443245887756348 0.8408688306808472 -0.22084243595600128 -0.847654402256012 -0.4824008643627167 10.50102710723877 0.0 0.0 0.0 1.0
0.9554635286331177 -0.13819338381290436 -0.2607528269290924 -0.9084302186965942 0.15442153811454773 -0.5188359618186951 0.8408110737800598 0.8810657262802124 -0.25148245692253113 -0.8436301350593567 -0.47438880801200867 10.455891609191895 0.0 0.0 0.0 1.0
0.9440757036209106 -0.1588793694972992 -0.288926362991333 -0.9489722847938538 0.16859184205532074 -0.5204595327377319 0.8370774388313293 0.907601535320282 -0.2833688259124756 -0.8389751315116882 -0.4645674228668213 10.36901569366455 0.0 0.0 0.0 1.0
0.9303277134895325 -0.18063944578170776 -0.3191547393798828 -0.9045320153236389 0.1836920827627182 -0.5236953496932983 0.8318656086921692 0.9035057425498962 -0.31740760803222656 -0.8325338363647461 -0.4540262520313263 10.328899383544922 0.0 0.0 0.0 1.0
0.9143024682998657 -0.20303621888160706 -0.3504672646522522 -0.8211877942085266 0.19964911043643951 -0.526941180229187 0.8261193633079529 0.8932347297668457 -0.3524077832698822 -0.8252934813499451 -0.4412476122379303 10.333130836486816 0.0 0.0 0.0 1.0
0.8963441848754883 -0.22430643439292908 -0.3824313282966614 -0.7116020321846008 0.21662741899490356 -0.5310289263725281 0.8191952705383301 0.8755683898925781 -0.3868328630924225 -0.8171259760856628 -0.42739376425743103 10.41741943359375 0.0 0.0 0.0 1.0
0.8767890334129333 -0.2448425441980362 -0.4138757586479187 -0.6555348634719849 0.23342011868953705 -0.5357771515846252 0.811454176902771 0.8522546887397766 -0.420423686504364 -0.8080810308456421 -0.41261231899261475 10.498846054077148 0.0 0.0 0.0 1.0
0.8555341362953186 -0.2639696002006531 -0.44540026783943176 -0.6513738036155701 0.2503949999809265 -0.5420191884040833 0.8021954298019409 0.8185836672782898 -0.4531707167625427 -0.7978315949440002 -0.39761924743652344 10.533013343811035 0.0 0.0 0.0 1.0
0.8337711095809937 -0.2824608385562897 -0.47438547015190125 -0.684033215045929 0.2656685411930084 -0.5479546189308167 0.7931998372077942 0.8101646900177002 -0.4839895963668823 -0.7873764038085938 -0.38182777166366577 10.562007904052734 0.0 0.0 0.0 1.0
0.8115220665931702 -0.30079910159111023 -0.5009509921073914 -0.7564246654510498 0.27871939539909363 -0.5542343258857727 0.7843084931373596 0.8280165791511536 -0.5135635137557983 -0.7761083841323853 -0.3659348487854004 10.545610427856445 0.0 0.0 0.0 1.0
0.7888702750205994 -0.31909120082855225 -0.5252280831336975 -0.8669060468673706 0.2900896370410919 -0.560096263885498 0.7759769558906555 0.8521870374679565 -0.5417856574058533 -0.7645083069801331 -0.3492782413959503 10.539634704589844 0.0 0.0 0.0 1.0
0.7650774717330933 -0.33771446347236633 -0.5482749342918396 -0.9733283519744873 0.30055534839630127 -0.5657267570495605 0.7678670287132263 0.8736652731895447 -0.5694935917854309 -0.752264678478241 -0.33132290840148926 10.586387634277344 0.0 0.0 0.0 1.0
0.7400854825973511 -0.35506245493888855 -0.571142852306366 -1.028555989265442 0.3117901682853699 -0.5713255405426025 0.7591930031776428 0.8926081657409668 -0.5958694219589233 -0.7399444580078125 -0.31212475895881653 10.656492233276367 0.0 0.0 0.0 1.0
0.7145510911941528 -0.3711126446723938 -0.593036413192749 -1.0053603649139404 0.3234986960887909 -0.5763435959815979 0.7504509687423706 0.9162593483924866 -0.6202945709228516 -0.7280820608139038 -0.2917725145816803 10.705279350280762 0.0 0.0 0.0 1.0
0.6880757212638855 -0.3852602243423462 -0.6149197816848755 -0.9537835717201233 0.33584344387054443 -0.582116425037384 0.7405063509941101 0.9269859790802002 -0.6432425379753113 -0.7160412073135376 -0.271153062582016 10.727189064025879 0.0 0.0 0.0 1.0
0.6620054244995117 -0.39753374457359314 -0.6353862881660461 -0.9171808362007141 0.3480228781700134 -0.5877710580825806 0.7303459644317627 0.9302883744239807 -0.6637988686561584 -0.7046219706535339 -0.25075680017471313 10.719819068908691 0.0 0.0 0.0 1.0
0.636586606502533 -0.40848830342292786 -0.6541366577148438 -0.9065970182418823 0.3592422306537628 -0.5934886932373047 0.7202195525169373 0.9178048968315125 -0.6824239492416382 -0.6934756636619568 -0.23106072843074799 10.712479591369629 0.0 0.0 0.0 1.0
0.6118090152740479 -0.41810470819473267 -0.6714746356010437 -0.947982907295227 0.3699286878108978 -0.5990970730781555 0.7100953459739685 0.9050572514533997 -0.6991727352142334 -0.6828404664993286 -0.21186405420303345 10.698256492614746 0.0 0.0 0.0 1.0
0.5873756408691406 -0.42684173583984375 -0.687601625919342 -0.9787830114364624 0.37992972135543823 -0.6047433018684387 0.6999563574790955 0.9038833379745483 -0.7145931124687195 -0.6723775863647461 -0.1930416226387024 10.683374404907227 0.0 0.0 0.0 1.0
0.5631968379020691 -0.4349769055843353 -0.702569842338562 -1.0196325778961182 0.38902223110198975 -0.6105455160140991 0.6898521184921265 0.8756607174873352 -0.7290205955505371 -0.6618378162384033 -0.17464160919189453 10.6932373046875 0.0 0.0 0.0 1.0
0.538476288318634 -0.44312286376953125 -0.7167184948921204 -1.034864068031311 0.3978879749774933 -0.6160563826560974 0.6798232793807983 0.8414179086685181 -0.7427842617034912 -0.6512423753738403 -0.1554185301065445 10.700526237487793 0.0 0.0 0.0 1.0
0.512245774269104 -0.45056602358818054 -0.7311596870422363 -1.037918210029602 0.407063364982605 -0.6222633123397827 0.6686462163925171 0.7973021268844604 -0.7562431693077087 -0.6401395201683044 -0.13534283638000488 10.674339294433594 0.0 0.0 0.0 1.0
0.4842143654823303 -0.4583854377269745 -0.7452645301818848 -1.0528252124786377 0.41615182161331177 -0.6286072134971619 0.6570164561271667 0.7683262228965759 -0.7696454524993896 -0.628279983997345 -0.11362269520759583 10.641315460205078 0.0 0.0 0.0 1.0
0.4542231559753418 -0.4659423828125 -0.7593280076980591 -1.0375479459762573 0.4251399338245392 -0.6356492042541504 0.6443648934364319 0.7576706409454346 -0.7829031348228455 -0.615506112575531 -0.09063588082790375 10.614394187927246 0.0 0.0 0.0 1.0
0.422436386346817 -0.47421151399612427 -0.7724447846412659 -1.0509485006332397 0.43297094106674194 -0.6431257724761963 0.6316054463386536 0.7610160708427429 -0.7962936758995056 -0.6012592911720276 -0.06635990738868713 10.569246292114258 0.0 0.0 0.0 1.0
0.38914772868156433 -0.48250579833984375 -0.7846987843513489 -1.0780280828475952 0.4402082562446594 -0.6508766412734985 0.6185275316238403 0.7670665383338928 -0.8091852068901062 -0.5861294865608215 -0.04088412970304489 10.527433395385742 0.0 0.0 0.0 1.0
0.35394468903541565 -0.49186480045318604 -0.795482337474823 -1.0721166133880615 0.44583094120025635 -0.6589547991752625 0.6058163046836853 0.7954334616661072 -0.8221666216850281 -0.5690761208534241 -0.013944988138973713 10.566885948181152 0.0 0.0 0.0 1.0
0.3162505626678467 -0.49985775351524353 -0.8063050508499146 -1.0447516441345215 0.4516562521457672 -0.6680898666381836 0.591322660446167 0.842404305934906 -0.8342614769935608 -0.5511788725852966 0.014480074867606163 10.584835052490234 0.0 0.0 0.0 1.0
0.27766525745391846 -0.5071539282798767 -0.8159025311470032 -1.0023010969161987 0.45697665214538574 -0.6773313283920288 0.5765367746353149 0.921574056148529 -0.8450291752815247 -0.5329326391220093 0.04368613660335541 10.618683815002441 0.0 0.0 0.0 1.0
0.23920938372612 -0.5140323042869568 -0.8237412571907043 -0.919395923614502 0.4618918001651764 -0.6859906315803528 0.5622035264968872 0.9741673469543457 -0.8540695905685425 -0.514963686466217 0.07333190739154816 10.671590805053711 0.0 0.0 0.0 1.0
0.20209157466888428 -0.5199846625328064 -0.8299246430397034 -0.8621779680252075 0.46687939763069153 -0.6937709450721741 0.5483662486076355 0.9820274710655212 -0.8609196543693542 -0.4982949197292328 0.10256487876176834 10.739110946655273 0.0 0.0 0.0 1.0
0.15576289594173431 -0.5244141817092896 -0.837094783782959 -0.8494332432746887 0.4739866554737091 -0.7038235068321228 0.5291211009025574 0.9566332101821899 -0.8666455745697021 -0.4791891872882843 0.13893572986125946 10.757694244384766 0.0 0.0 0.0 1.0
0.12465572357177734 -0.5268192887306213 -0.8407867550849915 -0.8687263131141663 0.477943480014801 -0.7107213735580444 0.5161833167076111 0.9222548007965088 -0.8695003986358643 -0.4661937355995178 0.16319435834884644 10.737492561340332 0.0 0.0 0.0 1.0
0.09584896266460419 -0.5286435484886169 -0.8434150815010071 -0.8602668642997742 0.48063138127326965 -0.7174159288406372 0.504289448261261 0.8643146753311157 -0.8716687560081482 -0.45370736718177795 0.18531911075115204 10.706854820251465 0.0 0.0 0.0 1.0
0.06873400509357452 -0.5303699970245361 -0.8449753522872925 -0.8416732549667358 0.4815530478954315 -0.7241360545158386 0.49369382858276367 0.7986168265342712 -0.8737174868583679 -0.44083401560783386 0.20562851428985596 10.658182144165039 0.0 0.0 0.0 1.0
0.041637860238552094 -0.5319743156433105 -0.8457361459732056 -0.8204604983329773 0.4814339280128479 -0.7310394048690796 0.48353150486946106 0.7555846571922302 -0.8754928112030029 -0.42729929089546204 0.22567157447338104 10.630430221557617 0.0 0.0 0.0 1.0
0.014680042862892151 -0.5333107113838196 -0.8457920551300049 -0.7958667278289795 0.48155704140663147 -0.7375494241714478 0.4734169542789459 0.7522985935211182 -0.876291811466217 -0.41424688696861267 0.2459922730922699 10.639294624328613 0.0 0.0 0.0 1.0
-0.014244554564356804 -0.5341545939445496 -0.8452668190002441 -0.8110494017601013 0.48235419392585754 -0.7441568970680237 0.4621308743953705 0.7622817158699036 -0.8758604526519775 -0.4011351466178894 0.268251895904541 10.625450134277344 0.0 0.0 0.0 1.0
-0.044848911464214325 -0.5347214341163635 -0.8438373804092407 -0.8466184139251709 0.4834538400173187 -0.7508038878440857 0.4500731825828552 0.7816011309623718 -0.8742201924324036 -0.3877711296081543 0.29218587279319763 10.615017890930176 0.0 0.0 0.0 1.0
-0.07818925380706787 -0.5351459980010986 -0.8411332964897156 -0.8480724692344666 0.4844758212566376 -0.7577868700027466 0.4370838403701782 0.8148325681686401 -0.871303379535675 -0.37333348393440247 0.3185160756111145 10.59345817565918 0.0 0.0 0.0 1.0
-0.11572951823472977 -0.5346408486366272 -0.8371175527572632 -0.8182372450828552 0.485581636428833 -0.7656593918800354 0.42187225818634033 0.8672924637794495 -0.8664970397949219 -0.3576658368110657 0.34822118282318115 10.573948860168457 0.0 0.0 0.0 1.0
-0.1579260230064392 -0.5336723923683167 -0.830814778804779 -0.7867984771728516 0.4860099256038666 -0.7744158506393433 0.4050610661506653 0.9526810646057129 -0.8595660328865051 -0.33981451392173767 0.3816704750061035 10.543646812438965 0.0 0.0 0.0 1.0
-0.2038012593984604 -0.5307334065437317 -0.8226706981658936 -0.7218284010887146 0.4856841266155243 -0.7844213843345642 0.3857383131980896 1.0307732820510864 -0.8500446677207947 -0.3209441304206848 0.41763484477996826 10.560691833496094 0.0 0.0 0.0 1.0
-0.2508530914783478 -0.5274001359939575 -0.811739981174469 -0.6856523752212524 0.483089417219162 -0.7948735952377319 0.36715200543403625 1.1013344526290894 -0.8388667106628418 -0.3000417947769165 0.4541779160499573 10.583438873291016 0.0 0.0 0.0 1.0
-0.29548436403274536 -0.5243808031082153 -0.7985698580741882 -0.6817281246185303 0.478614866733551 -0.8046838641166687 0.3512999713420868 1.1659455299377441 -0.8268112540245056 -0.27840375900268555 0.4887479245662689 10.633049964904785 0.0 0.0 0.0 1.0
-0.3351824879646301 -0.5203031897544861 -0.7854535579681396 -0.6788427829742432 0.4744904339313507 -0.813457727432251 0.33637094497680664 1.1778364181518555 -0.8139480948448181 -0.2599445581436157 0.5195356607437134 10.716328620910645 0.0 0.0 0.0 1.0
-0.37095797061920166 -0.5156665444374084 -0.7723199725151062 -0.6771878004074097 0.46916043758392334 -0.8217868804931641 0.3233494162559509 1.166223168373108 -0.8014228940010071 -0.24239295721054077 0.5467787384986877 10.79101276397705 0.0 0.0 0.0 1.0
